open_time,open,high,low,close,volume
1772630100000,89.67,89.84,89.54,89.62,12447.062
1772630400000,89.61,89.75,89.5,89.6,8918.155
1772630700000,89.61,89.83,89.59,89.69,8650.069
1772631000000,89.68,89.84,89.48,89.8,17804.458
1772631300000,89.8,89.97,89.66,89.96,15230.166
1772631600000,89.95,89.96,89.74,89.8,29704.612
1772631900000,89.8,89.9,89.73,89.81,17522.467
1772632200000,89.8,89.99,89.74,89.9,10664.282
1772632500000,89.9,90.12,89.83,89.99,23885.647
1772632800000,90.0,90.15,89.87,90.04,8879.299
1772633100000,90.04,90.44,89.94,90.08,26173.066
1772633400000,90.07,90.28,89.89,90.13,59744.777
1772633700000,90.13,90.53,89.99,90.11,31122.989
1772634000000,90.11,90.13,89.84,89.84,18808.687
1772634300000,89.84,90.24,89.82,90.17,20507.051
1772634600000,90.17,91.76,90.04,91.48,86376.368
1772634900000,91.47,91.5,89.97,90.43,67982.553
1772635200000,90.43,90.6,89.67,89.69,45894.433
1772635500000,89.7,90.29,89.46,90.18,60254.285
1772635800000,90.18,90.4,89.96,90.26,18806.673
1772636100000,90.27,90.44,90.0,90.19,17611.413
1772636400000,90.18,90.95,90.15,90.43,79454.961
1772636700000,90.44,90.96,90.31,90.82,37051.427
1772637000000,90.81,91.16,90.59,90.71,40082.935
1772637300000,90.7,91.63,90.69,91.57,42937.057
1772637600000,91.56,91.88,91.32,91.44,56520.053
1772637900000,91.44,92.67,91.36,92.62,91615.717
1772638200000,92.63,92.8,91.95,92.06,78327.882
1772638500000,92.06,92.38,91.87,91.96,43295.654
1772638800000,91.95,92.19,91.83,92.04,22544.053
1772639100000,92.04,92.43,91.96,92.35,33543.977
1772639400000,92.34,92.64,92.3,92.5,35668.48
1772639700000,92.51,93.12,92.37,92.94,66962.031
1772640000000,92.94,93.15,92.34,92.34,57189.204
1772640300000,92.35,92.49,91.96,91.99,52887.954
1772640600000,91.99,92.13,91.58,91.59,29864.175
1772640900000,91.6,91.86,91.4,91.46,31298.947
1772641200000,91.47,91.53,90.96,91.06,42602.182
1772641500000,91.05,91.73,91.02,91.55,26708.441
1772641800000,91.55,91.88,91.36,91.83,24195.649
1772642100000,91.84,91.97,91.49,91.6,14742.172
1772642400000,91.61,91.81,91.52,91.52,7996.804
1772642700000,91.51,91.78,91.36,91.68,20140.159
1772643000000,91.68,91.83,91.5,91.78,22906.412
1772643300000,91.79,91.84,91.48,91.55,16572.557
1772643600000,91.56,91.77,91.39,91.75,12666.764
1772643900000,91.75,91.88,91.55,91.79,11971.422
1772644200000,91.8,92.24,91.8,92.03,22543.408
1772644500000,92.03,92.21,91.38,91.4,44902.719
1772644800000,91.4,91.4,90.66,90.93,56099.68
1772645100000,90.93,91.19,90.91,91.13,12295.706
1772645400000,91.14,91.57,91.14,91.42,19102.227
1772645700000,91.42,91.61,91.4,91.47,12429.222
1772646000000,91.47,91.6,91.37,91.46,6720.891
1772646300000,91.46,91.72,91.43,91.7,14187.577
1772646600000,91.69,91.89,91.5,91.73,20171.796
1772646900000,91.73,91.79,91.5,91.54,9583.632
1772647200000,91.55,91.64,91.44,91.6,7682.17
1772647500000,91.6,91.86,91.58,91.68,7363.17
1772647800000,91.69,91.69,91.12,91.47,15618.479
1772648100000,91.47,91.85,91.44,91.81,14524.007
1772648400000,91.82,91.96,91.81,91.85,8943.738
1772648700000,91.85,92.04,91.8,91.97,7489.89
1772649000000,91.96,92.07,91.75,91.78,9788.465
1772649300000,91.79,91.86,91.65,91.76,6122.952
1772649600000,91.77,92.1,91.77,92.05,10671.473
1772649900000,92.05,92.3,91.99,92.22,8803.187
1772650200000,92.22,92.49,92.21,92.29,11619.677
1772650500000,92.28,92.4,92.17,92.38,9071.251
1772650800000,92.38,92.65,92.3,92.45,41044.217
1772651100000,92.45,92.72,92.31,92.35,21673.991
1772651400000,92.34,92.93,92.33,92.87,38727.18
1772651700000,92.87,93.3,92.72,93.26,44555.117
1772652000000,93.25,93.41,92.67,92.7,47380.153
1772652300000,92.7,92.74,92.53,92.64,12171.012
1772652600000,92.65,92.82,92.54,92.58,8251.398
1772652900000,92.58,93.32,92.54,93.21,24240.442
1772653200000,93.21,94.05,93.21,93.81,82113.396
1772653500000,93.81,93.82,93.53,93.59,11868.396
1772653800000,93.6,93.61,93.26,93.56,11401.436
1772654100000,93.55,93.62,93.17,93.19,8068.576
1772654400000,93.19,93.46,93.18,93.36,10033.233
1772654700000,93.37,93.46,92.83,92.89,11698.64
1772655000000,92.89,93.12,92.87,93.04,14118.352
1772655300000,93.05,93.6,93.05,93.22,16909.249
1772655600000,93.22,93.42,93.15,93.34,11086.772
1772655900000,93.34,93.66,93.29,93.49,20303.987
1772656200000,93.49,93.49,93.12,93.4,14767.497
1772656500000,93.39,93.61,93.37,93.5,12469.569
1772656800000,93.5,93.76,93.48,93.67,23900.233
1772657100000,93.67,93.71,93.42,93.53,10297.376
1772657400000,93.52,93.52,93.0,93.1,16742.761
1772657700000,93.09,93.16,92.77,92.87,38619.731
1772658000000,92.87,92.97,92.6,92.65,40957.331
1772658300000,92.64,92.82,92.62,92.65,11270.708
1772658600000,92.65,92.7,92.45,92.57,21197.607
1772658900000,92.57,92.6,92.33,92.47,12566.904
1772659200000,92.46,92.59,92.39,92.52,7236.166
1772659500000,92.51,92.72,92.51,92.58,8887.209
1772659800000,92.57,92.57,92.39,92.39,3937.514
1772660100000,92.38,92.61,92.26,92.57,8808.856
1772660400000,92.57,92.57,92.32,92.32,5253.447
1772660700000,92.33,92.56,92.32,92.42,6557.292
1772661000000,92.42,92.57,92.3,92.31,4513.911
1772661300000,92.31,92.36,92.15,92.34,10093.897
1772661600000,92.35,92.86,92.35,92.69,19323.519
1772661900000,92.7,92.73,92.59,92.69,8715.089
1772662200000,92.69,92.79,92.44,92.44,8917.253
1772662500000,92.44,92.52,92.37,92.41,4854.553
1772662800000,92.4,92.57,92.36,92.4,5049.82
1772663100000,92.4,92.45,92.14,92.15,8901.728
1772663400000,92.14,92.15,91.87,91.96,22228.086
1772663700000,91.96,91.96,91.69,91.8,13186.308
1772664000000,91.79,91.81,91.45,91.57,14450.259
1772664300000,91.56,91.59,91.39,91.55,5904.714
1772664600000,91.55,91.62,91.28,91.29,14412.3
1772664900000,91.28,91.45,91.17,91.33,14220.145
1772665200000,91.33,91.44,91.14,91.24,6774.377
1772665500000,91.24,91.4,91.21,91.21,8573.798
1772665800000,91.22,91.29,91.12,91.28,7413.875
1772666100000,91.28,91.36,91.09,91.09,9069.055
1772666400000,91.09,91.09,90.54,90.82,38252.863
1772666700000,90.83,90.97,90.7,90.72,23925.165
1772667000000,90.72,90.75,90.29,90.38,22889.361
1772667300000,90.38,91.09,90.38,90.95,15135.424
1772667600000,90.95,91.1,90.9,91.09,4732.682
1772667900000,91.08,91.31,91.06,91.1,16177.024
1772668200000,91.1,91.14,90.86,90.94,6503.064
1772668500000,90.94,91.01,90.62,90.85,54994.318
1772668800000,90.86,91.1,90.85,90.98,11091.475
1772669100000,90.99,91.08,90.82,90.82,4956.907
1772669400000,90.82,91.08,90.79,91.03,6758.915
1772669700000,91.03,91.38,91.0,91.31,9102.352
1772670000000,91.31,91.4,91.12,91.21,10505.406
1772670300000,91.21,91.22,90.84,90.98,8602.11
1772670600000,90.97,91.01,90.87,90.94,5922.968
1772670900000,90.94,91.19,90.87,91.03,8921.086
1772671200000,91.03,91.37,91.03,91.18,8542.426
1772671500000,91.17,91.32,91.07,91.13,10133.045
1772671800000,91.14,91.2,90.73,90.84,11179.997
1772672100000,90.84,90.94,90.78,90.79,5035.961
1772672400000,90.79,90.82,90.55,90.68,18166.6
1772672700000,90.68,91.2,90.67,91.18,16147.664
1772673000000,91.17,91.42,91.01,91.23,13592.888
1772673300000,91.23,91.31,90.75,90.79,8566.029
1772673600000,90.78,90.9,90.33,90.46,22657.235
1772673900000,90.45,90.56,90.32,90.54,18048.786
1772674200000,90.54,90.54,90.19,90.39,7447.249
1772674500000,90.4,90.52,89.91,90.0,52668.285
1772674800000,90.0,90.17,89.77,90.01,38463.073
1772675100000,90.01,90.04,89.88,89.92,11689.887
1772675400000,89.92,90.0,89.74,89.91,19603.965
1772675700000,89.9,90.01,89.76,89.98,7927.807
1772676000000,89.98,90.38,89.97,90.31,9584.335
1772676300000,90.32,90.68,90.26,90.34,25729.324
1772676600000,90.34,90.44,90.16,90.31,18320.881
1772676900000,90.32,90.57,90.32,90.5,10035.858
1772677200000,90.5,90.52,90.39,90.41,3601.481
1772677500000,90.41,90.43,90.28,90.4,3636.28
1772677800000,90.41,90.41,90.15,90.2,4461.838
1772678100000,90.2,90.33,90.15,90.2,4374.498
1772678400000,90.2,90.23,90.03,90.1,5702.648
1772678700000,90.1,90.36,90.1,90.31,8858.886
1772679000000,90.32,90.36,90.18,90.19,5180.465
1772679300000,90.2,90.21,90.05,90.2,4502.516
1772679600000,90.2,90.44,90.15,90.38,4278.207
1772679900000,90.39,90.54,90.27,90.28,3437.71
1772680200000,90.29,90.33,90.13,90.23,6240.089
1772680500000,90.24,90.35,90.07,90.1,7026.126
1772680800000,90.09,90.28,90.08,90.13,4929.798
1772681100000,90.13,90.23,90.03,90.08,9578.236
1772681400000,90.08,90.08,89.86,89.88,11743.052
1772681700000,89.88,90.03,89.66,89.86,19002.458
1772682000000,89.86,89.92,89.61,89.73,15085.6
1772682300000,89.73,90.04,89.72,89.9,11258.951
1772682600000,89.89,90.0,89.85,90.0,6542.316
1772682900000,90.0,90.17,89.96,90.03,8205.339
1772683200000,90.03,90.08,89.9,90.08,4041.339
1772683500000,90.09,90.29,90.02,90.18,5903.777
1772683800000,90.18,90.32,90.07,90.09,9603.137
1772684100000,90.1,90.16,89.94,90.16,6952.303
1772684400000,90.17,90.36,90.08,90.25,6311.146
1772684700000,90.26,90.35,90.23,90.34,6302.797
1772685000000,90.33,90.34,90.09,90.09,11763.624
1772685300000,90.1,90.32,89.98,90.23,8232.123
1772685600000,90.22,90.54,90.2,90.51,9256.771
1772685900000,90.51,90.74,90.44,90.49,17835.842
1772686200000,90.5,90.5,90.27,90.31,4131.79
1772686500000,90.31,90.54,90.24,90.4,15844.246
1772686800000,90.4,90.62,90.32,90.49,6290.847
1772687100000,90.5,90.61,90.45,90.61,4563.385
1772687400000,90.61,90.64,90.47,90.61,5979.175
1772687700000,90.61,90.63,90.45,90.45,6469.203
1772688000000,90.46,90.46,90.09,90.13,14170.409
1772688300000,90.13,90.21,90.03,90.17,6877.923
1772688600000,90.17,90.29,90.11,90.18,4284.4
1772688900000,90.19,90.36,90.03,90.1,7170.2
1772689200000,90.1,90.16,90.04,90.13,4826.855
1772689500000,90.13,90.26,90.11,90.14,5068.658
1772689800000,90.14,90.25,90.09,90.15,4506.583
1772690100000,90.15,90.2,90.05,90.18,6056.16
1772690400000,90.18,90.23,89.91,90.22,21476.015
1772690700000,90.22,90.22,89.72,89.78,8797.194
1772691000000,89.77,90.02,89.7,89.96,10971.429
1772691300000,89.96,90.31,89.89,90.29,5091.823
1772691600000,90.29,90.48,90.24,90.4,7854.073
1772691900000,90.4,90.52,90.31,90.43,7621.985
1772692200000,90.42,90.45,90.25,90.4,2612.298
1772692500000,90.4,90.55,90.28,90.54,3427.043
1772692800000,90.54,90.54,90.4,90.46,4076.126
1772693100000,90.46,90.74,90.43,90.68,8486.673
1772693400000,90.69,91.01,90.68,90.83,10360.309
1772693700000,90.83,90.93,90.83,90.87,8856.331
1772694000000,90.88,91.26,90.87,90.95,8481.917
1772694300000,90.94,90.95,90.81,90.82,4277.987
1772694600000,90.81,91.19,90.79,91.09,8320.46
1772694900000,91.09,91.23,91.08,91.22,11359.255
1772695200000,91.22,91.32,91.1,91.29,5999.195
1772695500000,91.28,91.29,91.01,91.05,4876.014
1772695800000,91.05,91.05,90.71,90.76,10017.418
1772696100000,90.76,90.79,90.55,90.64,8087.672
1772696400000,90.64,90.68,90.51,90.6,7653.937
1772696700000,90.59,90.62,90.45,90.53,8002.49
1772697000000,90.53,90.53,89.71,89.78,33629.809
1772697300000,89.79,90.18,89.76,90.16,10736.409
1772697600000,90.16,90.23,89.95,89.99,9978.961
1772697900000,90.0,90.12,89.84,90.03,7884.227
1772698200000,90.02,90.09,89.94,89.95,11508.5
1772698500000,89.94,90.19,89.91,89.94,15028.943
1772698800000,89.94,90.21,89.92,89.99,12558.995
1772699100000,89.99,90.02,89.66,89.86,16593.869
1772699400000,89.86,90.38,89.78,90.19,24632.905
1772699700000,90.19,90.3,90.1,90.1,9200.193
1772700000000,90.11,90.42,89.93,90.35,13783.796
1772700300000,90.35,90.51,90.28,90.47,17115.772
1772700600000,90.47,90.71,90.4,90.58,19150.224
1772700900000,90.58,90.68,90.53,90.64,10804.585
1772701200000,90.64,91.03,90.6,90.98,28176.352
1772701500000,90.99,91.25,90.87,91.19,27752.364
1772701800000,91.18,91.58,91.11,91.26,31000.381
1772702100000,91.27,91.4,91.06,91.24,14367.877
1772702400000,91.23,91.58,91.12,91.32,16881.955
1772702700000,91.31,91.5,91.18,91.35,13780.155
1772703000000,91.35,91.47,91.25,91.47,8187.191
1772703300000,91.48,91.94,91.18,91.23,26266.717
1772703600000,91.23,91.3,91.18,91.26,10300.628
1772703900000,91.27,91.41,91.1,91.28,8807.673
1772704200000,91.29,91.33,91.04,91.14,6412.963
1772704500000,91.14,91.29,91.1,91.18,23613.147
1772704800000,91.19,91.24,91.07,91.09,4494.94
1772705100000,91.09,91.35,91.0,91.25,9687.653
1772705400000,91.26,91.42,91.26,91.35,9165.959
1772705700000,91.35,91.49,91.25,91.41,10709.985
1772706000000,91.41,91.83,91.34,91.65,12840.686
1772706300000,91.65,92.39,91.6,92.23,27776.409
1772706600000,92.23,92.8,92.08,92.79,25663.347
1772706900000,92.79,92.8,92.35,92.39,20117.621
1772707200000,92.4,92.47,92.22,92.35,10408.59
1772707500000,92.36,92.66,92.25,92.53,15214.341
1772707800000,92.52,92.96,92.49,92.74,13214.039
1772708100000,92.73,92.93,92.53,92.65,12166.119
1772708400000,92.64,92.77,92.38,92.4,24349.402
1772708700000,92.39,92.44,92.21,92.31,11055.193
1772709000000,92.3,92.39,92.19,92.36,19997.961
1772709300000,92.36,92.38,92.18,92.24,8902.564
1772709600000,92.23,92.29,92.01,92.05,8015.788
1772709900000,92.04,92.38,91.99,92.31,8910.253
1772710200000,92.31,92.31,92.08,92.3,8474.391
1772710500000,92.29,92.34,91.71,91.71,21921.493
1772710800000,91.72,91.76,91.65,91.67,10284.455
1772711100000,91.68,91.93,91.65,91.85,7900.597
1772711400000,91.85,91.93,91.72,91.85,8635.275
1772711700000,91.85,91.93,91.76,91.84,10848.434
1772712000000,91.84,91.9,91.35,91.53,15870.718
1772712300000,91.53,91.88,91.4,91.86,12300.395
1772712600000,91.86,91.9,91.68,91.69,10918.506
1772712900000,91.68,91.74,91.31,91.69,19343.622
1772713200000,91.7,91.82,91.52,91.61,10383.7
1772713500000,91.61,91.71,91.35,91.53,9602.581
1772713800000,91.53,91.59,91.4,91.56,8029.035
1772714100000,91.56,91.75,91.43,91.73,7009.304
1772714400000,91.74,91.93,91.66,91.85,11343.984
1772714700000,91.84,92.22,91.82,92.16,16096.71
1772715000000,92.16,92.18,91.97,92.11,12188.409
1772715300000,92.12,92.15,91.96,91.98,15812.5
1772715600000,91.99,92.07,91.52,91.53,15033.067
1772715900000,91.52,91.69,91.42,91.6,12682.608
1772716200000,91.6,91.6,91.39,91.48,11538.819
1772716500000,91.48,91.61,91.32,91.56,11232.372
1772716800000,91.56,91.7,91.16,91.21,14165.966
1772717100000,91.2,91.34,90.91,91.26,20518.97
1772717400000,91.26,91.29,90.41,90.66,44105.316
1772717700000,90.67,90.89,90.55,90.79,29785.999
1772718000000,90.8,91.04,90.77,90.9,25127.057
1772718300000,90.91,91.14,90.78,91.05,34077.984
1772718600000,91.06,91.2,90.98,91.01,10069.928
1772718900000,91.01,91.01,90.61,90.84,15414.951
1772719200000,90.84,91.0,90.75,90.95,11963.656
1772719500000,90.94,91.11,90.67,90.94,17424.296
1772719800000,90.94,91.07,90.87,91.02,8100.131
1772720100000,91.03,91.04,90.64,90.8,6614.182
1772720400000,90.8,90.98,90.69,90.77,10185.978
1772720700000,90.77,90.95,90.69,90.82,11570.484
1772721000000,90.82,91.39,90.46,91.19,34629.802
1772721300000,91.19,91.49,90.15,90.27,48603.213
1772721600000,90.27,90.48,89.82,89.87,43582.132
1772721900000,89.87,90.47,89.84,90.14,25478.222
1772722200000,90.14,90.9,90.1,90.69,25471.358
1772722500000,90.68,91.35,90.6,91.02,23136.789
1772722800000,91.01,91.16,90.42,90.49,20420.583
1772723100000,90.49,90.51,89.73,89.82,36672.983
1772723400000,89.81,89.97,89.4,89.78,81489.094
1772723700000,89.79,89.91,89.43,89.68,36463.688
1772724000000,89.67,89.86,89.23,89.29,38449.885
1772724300000,89.29,89.41,89.01,89.07,26043.792
1772724600000,89.08,89.28,88.8,89.05,45597.585
1772724900000,89.05,89.8,88.96,89.78,24503.291
1772725200000,89.79,89.87,89.38,89.42,16455.56
1772725500000,89.43,89.62,89.25,89.37,12879.614
1772725800000,89.38,89.83,89.38,89.76,16624.71
1772726100000,89.76,89.77,89.36,89.62,14520.155
1772726400000,89.61,89.63,89.21,89.22,16839.046
1772726700000,89.23,89.25,88.0,88.03,69660.064
1772727000000,88.03,88.44,87.92,88.22,62665.389
1772727300000,88.22,88.34,88.0,88.1,25516.38
1772727600000,88.1,88.47,87.96,88.43,15667.75
1772727900000,88.42,88.61,88.35,88.44,47731.287
1772728200000,88.43,88.76,88.4,88.75,13807.711
1772728500000,88.74,88.97,88.64,88.94,16762.525
1772728800000,88.93,89.13,88.82,88.86,13376.538
1772729100000,88.86,88.96,88.77,88.8,11006.726
1772729400000,88.81,88.98,88.76,88.88,13285.449
1772729700000,88.88,89.02,88.87,88.97,6426.505
1772730000000,88.96,89.41,88.92,89.35,12544.757
1772730300000,89.35,89.37,88.6,88.62,15705.893
1772730600000,88.61,88.92,88.52,88.73,20917.795
1772730900000,88.72,88.76,88.42,88.44,12137.462
1772731200000,88.45,88.73,88.37,88.66,11557.267
1772731500000,88.66,88.71,88.32,88.4,40277.874
1772731800000,88.4,88.46,87.99,88.1,27184.957
1772732100000,88.1,88.48,88.06,88.44,11670.111
1772732400000,88.44,88.63,88.28,88.34,9387.235
1772732700000,88.34,88.41,88.08,88.08,8101.033
1772733000000,88.09,88.38,87.91,88.23,23176.449
1772733300000,88.23,88.24,87.95,88.12,9825.309
1772733600000,88.11,88.3,88.0,88.27,11595.057
1772733900000,88.26,88.41,88.08,88.3,11932.083
1772734200000,88.29,88.41,88.21,88.33,6968.609
1772734500000,88.34,88.46,88.2,88.23,8843.074
1772734800000,88.23,88.52,88.09,88.27,11751.545
1772735100000,88.26,88.31,88.12,88.16,6325.139
1772735400000,88.15,88.69,88.14,88.62,11284.511
1772735700000,88.62,88.77,88.46,88.53,8869.756
1772736000000,88.53,88.83,88.49,88.67,12054.007
1772736300000,88.67,88.82,88.62,88.72,11995.02
1772736600000,88.71,88.72,88.51,88.61,7820.48
1772736900000,88.6,88.89,88.6,88.8,8974.859
1772737200000,88.8,89.17,88.8,89.06,13355.768
1772737500000,89.05,89.13,88.98,89.08,8417.473
1772737800000,89.09,89.34,88.87,89.28,12633.229
1772738100000,89.28,89.29,88.94,89.14,11610.157
1772738400000,89.15,89.39,89.05,89.09,11124.842
1772738700000,89.08,89.11,88.82,89.0,10681.198
1772739000000,89.01,89.03,88.84,89.02,10117.259
1772739300000,89.02,89.03,88.73,88.84,6245.752
1772739600000,88.85,89.08,88.85,88.91,5458.341
1772739900000,88.91,89.08,88.83,88.98,8703.276
1772740200000,88.98,89.02,88.74,88.74,6644.063
1772740500000,88.74,88.84,88.66,88.73,8389.371
1772740800000,88.72,88.95,88.54,88.93,12024.916
1772741100000,88.93,89.05,88.67,88.95,10726.826
1772741400000,88.95,89.17,88.93,89.1,9944.394
1772741700000,89.1,89.38,89.06,89.29,13479.547
1772742000000,89.28,89.49,89.17,89.35,7234.213
1772742300000,89.35,89.48,89.16,89.23,4020.526
1772742600000,89.23,89.47,89.19,89.4,5036.828
1772742900000,89.4,89.57,89.27,89.28,7061.693
1772743200000,89.28,89.32,89.2,89.24,3878.869
1772743500000,89.25,89.3,89.12,89.24,5865.289
1772743800000,89.24,89.32,89.0,89.24,10912.373
1772744100000,89.25,89.33,89.17,89.21,13131.873
1772744400000,89.2,89.47,89.19,89.44,6371.692
1772744700000,89.44,89.48,89.32,89.42,5941.956
1772745000000,89.42,89.42,89.27,89.4,2746.862
1772745300000,89.4,89.73,89.38,89.72,13871.338
1772745600000,89.72,89.79,89.53,89.67,10099.557
1772745900000,89.67,89.77,89.56,89.77,8508.049
1772746200000,89.76,89.85,89.4,89.44,6978.459
1772746500000,89.45,89.47,88.97,89.13,17687.218
1772746800000,89.12,89.15,89.06,89.09,3411.946
1772747100000,89.09,89.24,89.04,89.24,4509.544
1772747400000,89.24,89.27,88.87,88.9,6028.256
1772747700000,88.9,89.13,88.9,89.11,2006.983
1772748000000,89.12,89.3,89.12,89.12,3692.422
1772748300000,89.12,89.3,89.1,89.13,4955.343
1772748600000,89.14,89.14,88.93,89.07,10426.217
1772748900000,89.07,89.13,88.92,89.1,5464.742
1772749200000,89.11,89.12,88.99,89.12,9968.679
1772749500000,89.11,89.12,88.86,88.99,4190.819
1772749800000,88.99,89.18,88.99,89.18,5826.813
1772750100000,89.18,89.3,89.11,89.15,6826.701
1772750400000,89.14,89.39,89.14,89.22,7683.636
1772750700000,89.21,89.28,89.19,89.24,1495.568
1772751000000,89.24,89.41,89.23,89.24,1225.086
1772751300000,89.23,89.35,89.09,89.09,2452.247
1772751600000,89.1,89.2,89.0,89.05,7612.071
1772751900000,89.06,89.1,88.98,89.03,2002.333
1772752200000,89.04,89.04,88.94,88.99,2683.476
1772752500000,88.99,89.08,88.97,89.07,3530.809
1772752800000,89.08,89.15,89.04,89.1,3990.802
1772753100000,89.1,89.19,89.07,89.09,4656.025
1772753400000,89.1,89.11,88.65,88.69,6696.945
1772753700000,88.7,88.84,88.7,88.82,7249.814
1772754000000,88.82,88.85,88.71,88.83,6028.32
1772754300000,88.82,88.87,88.67,88.67,3302.454
1772754600000,88.67,88.75,88.62,88.71,4336.72
1772754900000,88.71,88.79,88.62,88.77,14263.863
1772755200000,88.78,88.9,88.78,88.87,3669.67
1772755500000,88.88,88.92,88.76,88.8,3899.077
1772755800000,88.8,89.04,88.76,88.99,4980.792
1772756100000,89.0,89.0,88.72,88.9,7264.622
1772756400000,88.9,89.01,88.78,89.01,3994.63
1772756700000,89.01,89.01,88.79,88.83,2591.284
1772757000000,88.83,88.88,88.71,88.8,2052.926
1772757300000,88.81,88.87,88.72,88.82,4011.557
1772757600000,88.82,88.87,88.76,88.76,2563.005
1772757900000,88.76,88.94,88.72,88.81,2550.815
1772758200000,88.82,88.86,88.58,88.84,3118.807
1772758500000,88.85,88.86,88.74,88.86,1167.144
1772758800000,88.86,88.94,88.72,88.75,11945.842
1772759100000,88.75,88.9,88.74,88.82,6802.691
1772759400000,88.83,88.87,88.56,88.61,12568.488
1772759700000,88.6,88.77,88.54,88.58,5271.057
1772760000000,88.58,88.71,88.58,88.66,1344.277
1772760300000,88.66,88.69,88.02,88.16,26822.911
1772760600000,88.15,89.0,88.15,88.98,11080.3
1772760900000,88.98,89.16,88.89,89.1,10384.345
1772761200000,89.1,89.27,89.1,89.13,5081.759
1772761500000,89.13,89.16,88.93,89.06,20805.663
1772761800000,89.07,89.25,89.04,89.1,6152.47
1772762100000,89.11,89.2,89.1,89.13,9085.325
1772762400000,89.13,89.16,88.95,88.98,3546.945
1772762700000,88.98,89.18,88.95,89.09,2565.652
1772763000000,89.09,89.28,89.03,89.24,2641.084
1772763300000,89.24,89.31,88.61,88.67,28240.819
1772763600000,88.67,88.69,88.28,88.32,24568.378
1772763900000,88.32,88.63,88.26,88.59,16142.684
1772764200000,88.6,88.8,88.31,88.35,50534.184
1772764500000,88.34,88.54,88.21,88.53,13313.639
1772764800000,88.52,88.75,88.47,88.7,5688.491
1772765100000,88.7,88.75,88.55,88.62,2134.02
1772765400000,88.63,88.63,88.28,88.3,14089.494
1772765700000,88.3,88.42,88.27,88.38,6248.849
1772766000000,88.38,88.48,88.28,88.47,4341.719
1772766300000,88.46,88.6,88.46,88.5,3183.125
1772766600000,88.51,88.56,88.14,88.26,7329.558
1772766900000,88.26,88.37,88.21,88.36,5020.624
1772767200000,88.36,88.71,88.36,88.58,5066.949
1772767500000,88.58,88.6,88.47,88.5,4966.918
1772767800000,88.51,88.6,88.41,88.55,5124.552
1772768100000,88.55,88.6,88.32,88.33,37631.783
1772768400000,88.32,88.43,88.3,88.36,2693.476
1772768700000,88.35,88.5,88.33,88.38,3068.342
1772769000000,88.38,88.5,88.32,88.37,4559.751
1772769300000,88.37,88.46,88.3,88.41,2416.217
1772769600000,88.4,88.49,88.33,88.47,2995.713
1772769900000,88.48,88.54,88.33,88.34,2915.175
1772770200000,88.35,88.37,88.25,88.33,3745.906
1772770500000,88.33,88.43,88.3,88.43,2785.175
1772770800000,88.44,88.55,88.36,88.55,3249.229
1772771100000,88.54,88.59,88.39,88.43,7799.014
1772771400000,88.43,88.56,88.27,88.51,4127.664
1772771700000,88.5,88.5,88.18,88.19,2382.68
1772772000000,88.19,88.21,87.67,88.04,33360.686
1772772300000,88.05,88.12,87.91,88.06,2657.595
1772772600000,88.07,88.21,88.01,88.01,3338.926
1772772900000,88.01,88.19,88.0,88.15,3314.529
1772773200000,88.16,88.18,88.02,88.1,3234.43
1772773500000,88.1,88.12,87.93,88.03,5547.674
1772773800000,88.03,88.1,87.84,88.06,9534.178
1772774100000,88.06,88.26,88.05,88.09,9713.066
1772774400000,88.08,88.09,87.75,87.88,4082.429
1772774700000,87.88,87.98,87.81,87.91,4091.085
1772775000000,87.91,87.95,87.67,87.7,9821.045
1772775300000,87.7,87.9,87.54,87.56,8709.656
1772775600000,87.56,87.65,87.51,87.57,9831.048
1772775900000,87.58,87.67,87.52,87.57,4527.412
1772776200000,87.57,87.91,87.55,87.8,10054.476
1772776500000,87.8,88.04,87.75,87.9,10160.389
1772776800000,87.89,87.93,87.79,87.92,4910.842
1772777100000,87.92,87.92,87.71,87.79,4837.9
1772777400000,87.79,87.79,87.69,87.75,1387.743
1772777700000,87.75,87.82,87.67,87.8,8484.104
1772778000000,87.8,87.97,87.79,87.96,4968.435
1772778300000,87.96,87.96,87.83,87.84,2035.934
1772778600000,87.84,88.04,87.83,87.98,11562.06
1772778900000,87.98,88.09,87.9,88.02,4868.345
1772779200000,88.02,88.23,87.98,88.22,6205.118
1772779500000,88.22,88.44,88.17,88.3,7329.666
1772779800000,88.29,88.29,88.05,88.08,3750.006
1772780100000,88.08,88.16,88.07,88.09,3350.913
1772780400000,88.09,88.26,88.09,88.21,4902.188
1772780700000,88.22,88.26,88.06,88.06,4976.79
1772781000000,88.07,88.07,87.8,88.01,6350.014
1772781300000,88.02,88.15,87.98,88.13,3121.256
1772781600000,88.13,88.39,88.13,88.37,3949.75
1772781900000,88.37,88.78,88.36,88.68,23271.824
1772782200000,88.68,88.73,88.55,88.59,5679.512
1772782500000,88.58,88.64,88.51,88.56,3670.498
1772782800000,88.56,88.74,88.53,88.73,9940.326
1772783100000,88.72,88.92,88.67,88.78,5680.615
1772783400000,88.78,88.79,88.69,88.73,4500.142
1772783700000,88.72,88.75,88.64,88.7,3927.062
1772784000000,88.7,88.7,88.37,88.44,14487.957
1772784300000,88.44,88.54,88.39,88.43,3659.602
1772784600000,88.42,88.46,88.35,88.41,5325.155
1772784900000,88.4,88.53,88.33,88.52,4752.911
1772785200000,88.52,88.53,88.4,88.48,3321.406
1772785500000,88.48,88.48,88.37,88.41,2551.925
1772785800000,88.42,88.58,88.31,88.45,7069.94
1772786100000,88.44,88.53,88.32,88.4,2451.074
1772786400000,88.4,88.58,88.37,88.44,2525.814
1772786700000,88.44,88.59,88.39,88.47,2177.703
1772787000000,88.47,88.47,88.27,88.27,6473.408
1772787300000,88.27,88.36,88.2,88.35,8228.091
1772787600000,88.36,88.49,88.36,88.46,3747.019
1772787900000,88.45,88.47,88.0,88.1,13735.319
1772788200000,88.1,88.1,87.64,87.79,23919.041
1772788500000,87.79,87.83,87.44,87.77,24403.773
1772788800000,87.78,87.78,87.48,87.54,10096.946
1772789100000,87.54,87.57,87.32,87.33,18209.116
1772789400000,87.34,87.43,87.17,87.19,14777.328
1772789700000,87.19,87.42,87.18,87.27,6749.493
1772790000000,87.28,87.46,87.2,87.45,11254.401
1772790300000,87.45,87.52,87.25,87.26,12107.337
1772790600000,87.26,87.56,87.26,87.4,9012.167
1772790900000,87.39,87.6,87.39,87.5,3575.27
1772791200000,87.5,87.63,87.41,87.62,11960.733
1772791500000,87.62,87.69,87.52,87.69,6955.333
1772791800000,87.69,87.8,87.65,87.79,5762.227
1772792100000,87.78,87.86,87.67,87.74,4659.414
1772792400000,87.74,87.81,87.7,87.79,4342.995
1772792700000,87.8,87.92,87.71,87.9,6682.136
1772793000000,87.9,87.92,87.66,87.67,7981.294
1772793300000,87.66,87.7,87.58,87.67,2833.104
1772793600000,87.68,87.74,87.62,87.66,3250.281
1772793900000,87.66,87.78,87.63,87.66,3895.696
1772794200000,87.66,87.96,87.53,87.83,14009.436
1772794500000,87.82,87.83,87.67,87.71,2522.231
1772794800000,87.7,87.73,87.55,87.61,6665.405
1772795100000,87.61,87.78,87.53,87.68,7072.751
1772795400000,87.67,88.0,87.62,87.89,5822.565
1772795700000,87.9,87.9,87.78,87.82,2584.543
1772796000000,87.81,87.87,87.69,87.75,3481.117
1772796300000,87.75,87.84,87.73,87.84,2342.84
1772796600000,87.84,87.88,87.68,87.72,3805.856
1772796900000,87.73,87.85,87.7,87.81,2227.13
1772797200000,87.82,87.84,87.45,87.52,5258.069
1772797500000,87.52,87.55,87.24,87.27,17474.093
1772797800000,87.28,87.31,87.12,87.24,9086.916
1772798100000,87.25,87.28,87.1,87.26,6782.115
1772798400000,87.25,87.27,87.0,87.11,18560.539
1772798700000,87.11,87.16,86.41,86.45,38094.295
1772799000000,86.44,86.66,86.29,86.62,20533.755
1772799300000,86.62,87.12,86.62,87.08,14315.406
1772799600000,87.08,87.11,86.97,87.0,12965.741
1772799900000,87.0,87.03,86.79,86.8,16127.004
1772800200000,86.81,86.89,86.46,86.47,14902.657
1772800500000,86.47,86.48,86.17,86.32,30066.274
1772800800000,86.32,86.43,86.2,86.24,11870.759
1772801100000,86.23,86.31,85.9,86.27,28021.089
1772801400000,86.27,86.5,86.26,86.38,8975.294
1772801700000,86.38,86.65,86.37,86.47,14461.053
1772802000000,86.47,86.66,86.45,86.63,11557.721
1772802300000,86.63,86.69,86.5,86.6,11123.03
1772802600000,86.59,86.7,86.54,86.56,7613.921
1772802900000,86.57,86.68,86.47,86.62,6089.537
1772803200000,86.63,86.63,86.29,86.55,13045.151
1772803500000,86.55,86.86,86.48,86.48,17123.703
1772803800000,86.47,86.94,85.92,86.88,81534.45
1772804100000,86.87,87.1,86.66,86.72,29372.526
1772804400000,86.71,86.79,86.5,86.79,9295.964
1772804700000,86.78,86.83,86.5,86.68,12215.82
1772805000000,86.69,86.75,86.43,86.65,16140.055
1772805300000,86.66,86.66,85.5,85.59,97311.211
1772805600000,85.59,85.75,85.14,85.67,62072.057
1772805900000,85.67,85.67,85.02,85.08,30422.412
1772806200000,85.09,85.26,84.88,85.16,50484.725
1772806500000,85.15,85.36,84.96,85.3,14931.729
1772806800000,85.29,85.35,85.11,85.28,9972.752
1772807100000,85.28,85.34,85.11,85.18,14792.067
1772807400000,85.18,85.4,84.8,84.86,56370.361
1772807700000,84.87,84.93,84.25,84.57,54819.275
1772808000000,84.58,84.82,84.47,84.73,34144.322
1772808300000,84.73,84.99,84.34,84.43,27083.576
1772808600000,84.43,84.57,84.19,84.24,36207.095
1772808900000,84.25,84.44,83.96,84.34,46329.72
1772809200000,84.34,84.74,84.33,84.52,35656.015
1772809500000,84.53,84.6,84.2,84.21,14896.025
1772809800000,84.21,84.69,84.21,84.65,13028.055
1772810100000,84.65,85.07,84.63,85.04,25614.811
1772810400000,85.04,85.33,84.93,85.25,24917.234
1772810700000,85.25,85.26,84.82,84.95,17643.754
1772811000000,84.95,85.25,84.9,85.0,18003.227
1772811300000,85.01,85.3,84.97,85.07,12076.269
1772811600000,85.07,85.07,84.77,84.81,12191.331
1772811900000,84.81,84.83,84.67,84.7,11373.759
1772812200000,84.7,84.71,84.22,84.4,35399.869
1772812500000,84.41,84.74,84.39,84.65,18641.673
1772812800000,84.65,84.99,84.49,84.97,12548.739
1772813100000,84.96,85.02,84.45,84.45,15498.603
1772813400000,84.46,84.54,84.27,84.42,12180.591
1772813700000,84.42,84.65,84.4,84.59,7309.812
1772814000000,84.6,84.7,84.41,84.65,7846.338
1772814300000,84.66,84.72,84.58,84.64,8038.599
1772814600000,84.65,84.78,84.46,84.53,11586.187
1772814900000,84.53,84.98,84.51,84.93,9513.606
1772815200000,84.93,84.94,84.63,84.68,14318.175
1772815500000,84.67,84.77,84.53,84.66,8450.351
1772815800000,84.66,84.73,84.17,84.19,15022.377
1772816100000,84.2,84.42,84.1,84.36,13486.676
1772816400000,84.36,84.6,84.25,84.49,16763.215
1772816700000,84.48,84.5,84.22,84.4,8510.219
1772817000000,84.4,84.54,84.36,84.4,12185.662
1772817300000,84.4,84.51,84.16,84.49,48766.897
1772817600000,84.48,84.69,84.37,84.39,10732.272
1772817900000,84.39,84.42,84.14,84.31,14950.194
1772818200000,84.32,84.37,84.12,84.13,9557.044
1772818500000,84.12,84.14,83.64,83.83,56521.295
1772818800000,83.82,83.9,83.71,83.87,7311.039
1772819100000,83.88,84.14,83.87,84.13,14041.271
1772819400000,84.14,84.23,84.06,84.16,9605.66
1772819700000,84.15,84.3,84.15,84.21,4872.962
1772820000000,84.21,84.65,84.18,84.47,9934.683
1772820300000,84.48,84.7,84.48,84.61,5466.327
1772820600000,84.6,84.85,84.54,84.81,8217.573
1772820900000,84.8,84.86,84.67,84.76,8649.015
1772821200000,84.76,84.82,84.68,84.79,7770.616
1772821500000,84.79,84.88,84.76,84.82,10639.904
1772821800000,84.82,85.19,84.79,85.17,17912.261
1772822100000,85.16,85.21,85.07,85.17,7866.071
1772822400000,85.17,85.35,85.17,85.35,12671.58
1772822700000,85.34,85.63,85.24,85.56,34068.574
1772823000000,85.55,85.59,85.23,85.36,13310.84
1772823300000,85.36,85.45,85.27,85.28,10003.009
1772823600000,85.27,85.45,85.27,85.29,6650.523
1772823900000,85.29,85.44,85.22,85.42,5004.612
1772824200000,85.41,85.6,85.4,85.59,8138.573
1772824500000,85.59,85.9,85.55,85.85,8272.313
1772824800000,85.85,85.85,85.51,85.57,12134.657
1772825100000,85.56,85.6,85.42,85.6,9712.237
1772825400000,85.59,85.59,85.41,85.42,7076.896
1772825700000,85.42,85.52,85.3,85.39,7396.85
1772826000000,85.39,85.56,85.32,85.33,4855.771
1772826300000,85.32,85.33,85.18,85.27,7311.569
1772826600000,85.26,85.3,85.15,85.18,5406.652
1772826900000,85.19,85.27,85.17,85.21,4059.415
1772827200000,85.21,85.47,85.2,85.32,6771.8
1772827500000,85.33,85.38,85.23,85.3,3363.07
1772827800000,85.29,85.34,85.04,85.1,9563.895
1772828100000,85.1,85.11,84.93,84.94,9963.175
1772828400000,84.94,85.04,84.82,84.95,9402.025
1772828700000,84.94,84.95,84.7,84.71,9072.749
1772829000000,84.7,84.73,84.61,84.62,6279.638
1772829300000,84.62,84.84,84.56,84.79,8099.915
1772829600000,84.78,85.06,84.75,84.93,6096.041
1772829900000,84.94,85.05,84.91,85.04,6247.082
1772830200000,85.04,85.13,84.98,85.1,8024.033
1772830500000,85.1,85.11,84.95,85.01,11455.502
1772830800000,85.0,85.11,84.96,85.02,6714.941
1772831100000,85.02,85.02,84.89,84.91,2484.496
1772831400000,84.92,84.93,84.85,84.87,1327.896
1772831700000,84.87,84.9,84.83,84.83,6866.831
1772832000000,84.83,84.83,84.52,84.52,8553.09
1772832300000,84.52,84.56,84.45,84.55,8311.862
1772832600000,84.55,84.55,84.44,84.47,4761.722
1772832900000,84.47,84.67,84.47,84.56,2309.933
1772833200000,84.56,84.67,84.52,84.62,3062.979
1772833500000,84.62,84.75,84.62,84.7,3280.025
1772833800000,84.7,84.76,84.62,84.64,4138.602
1772834100000,84.63,84.76,84.58,84.72,2991.106
1772834400000,84.73,84.79,84.7,84.71,3140.862
1772834700000,84.71,84.75,84.63,84.68,4130.307
1772835000000,84.69,84.69,84.54,84.59,3710.867
1772835300000,84.58,84.73,84.56,84.69,2051.946
1772835600000,84.69,84.75,84.63,84.66,5881.309
1772835900000,84.66,84.79,84.66,84.73,2255.183
1772836200000,84.74,84.82,84.63,84.82,4873.246
1772836500000,84.83,84.89,84.74,84.89,2854.163
1772836800000,84.89,85.0,84.86,84.89,5656.393
1772837100000,84.89,85.01,84.88,84.98,3612.281
1772837400000,84.98,85.01,84.92,84.99,3203.16
1772837700000,85.0,85.06,84.95,84.96,3044.048
1772838000000,84.97,85.0,84.89,84.92,3045.001
1772838300000,84.93,84.99,84.92,84.99,1924.299
1772838600000,84.99,85.03,84.94,85.02,1521.962
1772838900000,85.03,85.04,84.97,85.0,2061.808
1772839200000,85.01,85.04,84.94,84.98,2738.919
1772839500000,84.97,85.01,84.92,85.0,1459.373
1772839800000,84.99,85.0,84.9,84.93,4693.372
1772840100000,84.92,84.92,84.79,84.84,8135.208
1772840400000,84.83,84.84,84.65,84.75,11896.15
1772840700000,84.75,84.76,84.68,84.69,4833.994
1772841000000,84.69,84.72,84.65,84.69,2107.013
1772841300000,84.69,84.75,84.63,84.7,4776.588
1772841600000,84.69,84.73,84.52,84.52,9956.408
1772841900000,84.52,84.76,84.52,84.76,6490.844
1772842200000,84.77,84.97,84.76,84.78,8817.296
1772842500000,84.78,84.89,84.73,84.89,6403.639
1772842800000,84.88,84.91,84.8,84.89,3505.273
1772843100000,84.88,84.95,84.87,84.89,2845.439
1772843400000,84.89,85.07,84.89,84.94,3948.962
1772843700000,84.94,84.94,84.71,84.73,6659.597
1772844000000,84.73,84.83,84.72,84.73,3118.081
1772844300000,84.72,84.81,84.71,84.75,1998.982
1772844600000,84.74,84.8,84.74,84.79,1744.259
1772844900000,84.8,84.8,84.74,84.75,1475.874
1772845200000,84.75,84.89,84.74,84.86,2701.965
1772845500000,84.86,84.86,84.76,84.8,2322.436
1772845800000,84.81,84.83,84.64,84.79,9533.486
1772846100000,84.78,84.78,84.71,84.73,4895.085
1772846400000,84.73,84.75,84.62,84.63,2217.042
1772846700000,84.62,84.66,84.59,84.65,3421.998
1772847000000,84.66,84.71,84.6,84.67,10533.734
1772847300000,84.67,84.77,84.67,84.74,2926.203
1772847600000,84.73,84.78,84.65,84.77,2863.81
1772847900000,84.77,84.81,84.74,84.81,2508.634
1772848200000,84.8,84.85,84.74,84.74,3807.324
1772848500000,84.75,84.79,84.69,84.71,2221.892
1772848800000,84.71,84.74,84.62,84.66,3281.551
1772849100000,84.65,84.71,84.6,84.71,2216.37
1772849400000,84.7,84.74,84.69,84.7,2096.064
1772849700000,84.69,84.71,84.65,84.66,1383.226
1772850000000,84.66,84.66,84.45,84.51,4444.055
1772850300000,84.51,84.54,84.45,84.46,2160.397
1772850600000,84.45,84.46,84.33,84.36,15542.354
1772850900000,84.37,84.47,84.32,84.47,3357.782
1772851200000,84.47,84.55,84.46,84.47,2735.68
1772851500000,84.47,84.52,84.38,84.52,5704.16
1772851800000,84.52,84.6,84.45,84.46,5467.361
1772852100000,84.46,84.67,84.45,84.65,6649.47
1772852400000,84.66,84.78,84.65,84.71,3359.899
1772852700000,84.7,84.81,84.7,84.74,2491.232
1772853000000,84.75,85.07,84.72,85.04,12001.773
1772853300000,85.04,85.04,84.76,84.76,10653.585
1772853600000,84.76,84.8,84.59,84.68,6910.594
1772853900000,84.69,84.69,84.58,84.61,3646.146
1772854200000,84.62,84.66,84.48,84.63,5809.809
1772854500000,84.63,84.68,84.54,84.54,1926.227
1772854800000,84.54,84.59,84.5,84.52,3764.596
1772855100000,84.53,84.54,84.47,84.5,3588.569
1772855400000,84.5,84.5,84.35,84.41,6595.66
1772855700000,84.41,84.56,84.41,84.52,4502.031
1772856000000,84.53,84.56,84.0,84.06,16902.441
1772856300000,84.06,84.28,84.06,84.15,9062.706
1772856600000,84.15,84.25,84.1,84.11,9518.859
1772856900000,84.11,84.33,84.11,84.33,2101.721
1772857200000,84.32,84.36,84.22,84.35,3730.269
1772857500000,84.35,84.35,84.28,84.29,1906.733
1772857800000,84.29,84.34,84.22,84.22,2623.999
1772858100000,84.21,84.37,84.18,84.37,2758.349
1772858400000,84.36,84.41,84.27,84.34,2462.129
1772858700000,84.33,84.34,84.22,84.3,3104.773
1772859000000,84.31,84.39,84.31,84.34,9544.823
1772859300000,84.33,84.4,84.26,84.27,4897.558
1772859600000,84.27,84.33,84.26,84.31,1727.04
1772859900000,84.32,84.33,84.27,84.31,2269.498
1772860200000,84.31,84.32,84.18,84.25,2729.566
1772860500000,84.25,84.32,84.15,84.21,7111.738
1772860800000,84.22,84.32,84.2,84.29,1901.976
1772861100000,84.29,84.41,84.28,84.39,2350.097
1772861400000,84.38,84.39,84.16,84.17,2567.664
1772861700000,84.17,84.31,84.09,84.31,3625.894
1772862000000,84.31,84.42,84.31,84.41,4099.558
1772862300000,84.4,84.44,84.4,84.43,1778.846
1772862600000,84.42,84.49,84.4,84.49,1616.044
1772862900000,84.49,84.5,84.31,84.34,6038.895
1772863200000,84.34,84.34,84.23,84.3,2876.534
1772863500000,84.29,84.29,84.16,84.17,4267.001
1772863800000,84.16,84.2,84.1,84.13,2290.479
1772864100000,84.14,84.24,84.11,84.16,4544.095
1772864400000,84.17,84.26,84.1,84.22,3446.619
1772864700000,84.22,84.24,84.18,84.19,2378.308
1772865000000,84.2,84.25,84.13,84.14,1937.429
1772865300000,84.14,84.15,84.0,84.11,4286.516
1772865600000,84.11,84.23,84.1,84.21,3433.113
1772865900000,84.21,84.23,84.13,84.15,3817.955
1772866200000,84.15,84.16,83.9,84.02,18567.519
1772866500000,84.02,84.1,84.01,84.03,3918.309
1772866800000,84.04,84.06,83.9,83.96,8444.439
1772867100000,83.95,84.08,83.9,83.99,12450.681
1772867400000,84.0,84.18,83.95,84.15,7034.454
1772867700000,84.15,84.16,84.04,84.05,4109.689
1772868000000,84.04,84.21,84.01,84.14,6060.548
1772868300000,84.14,84.19,84.13,84.15,3547.74
1772868600000,84.14,84.2,84.14,84.19,1900.75
1772868900000,84.19,84.2,83.97,84.01,5583.46
1772869200000,84.0,84.23,84.0,84.22,4950.543
1772869500000,84.21,84.3,84.21,84.23,3008.675
1772869800000,84.22,84.35,84.22,84.34,5347.869
1772870100000,84.33,84.49,84.27,84.32,9369.958
1772870400000,84.33,84.33,84.22,84.29,9131.547
1772870700000,84.29,84.3,84.2,84.21,3074.638
1772871000000,84.21,84.21,84.12,84.2,10750.041
1772871300000,84.2,84.44,84.2,84.37,3857.17
1772871600000,84.37,84.48,84.29,84.43,5687.867
1772871900000,84.43,84.44,84.36,84.41,3434.161
1772872200000,84.41,84.66,84.38,84.49,12372.609
1772872500000,84.49,84.53,84.43,84.5,4506.513
1772872800000,84.5,84.52,84.46,84.48,2004.649
1772873100000,84.48,84.54,84.45,84.53,3889.616
1772873400000,84.53,84.55,84.49,84.49,6769.882
1772873700000,84.49,84.51,84.25,84.37,3915.444
1772874000000,84.36,84.37,84.21,84.26,2351.515
1772874300000,84.26,84.36,84.26,84.36,1413.257
1772874600000,84.36,84.55,84.35,84.52,5023.335
1772874900000,84.53,84.69,84.53,84.55,5283.873
1772875200000,84.54,84.61,84.5,84.61,2832.214
1772875500000,84.61,84.63,84.52,84.55,2365.281
1772875800000,84.55,84.64,84.54,84.56,2073.681
1772876100000,84.55,84.6,84.53,84.54,2540.583
1772876400000,84.54,84.54,84.46,84.51,3719.332
1772876700000,84.52,84.64,84.46,84.61,3185.189
1772877000000,84.61,84.63,84.57,84.57,1704.031
1772877300000,84.56,84.63,84.56,84.58,2614.844
1772877600000,84.57,84.66,84.54,84.66,2760.662
1772877900000,84.66,84.67,84.61,84.66,1684.758
1772878200000,84.66,84.75,84.65,84.75,5403.534
1772878500000,84.75,84.76,84.57,84.66,4190.92
1772878800000,84.66,84.66,84.6,84.62,3686.057
1772879100000,84.62,84.64,84.57,84.62,2995.979
1772879400000,84.61,84.64,84.56,84.61,2012.545
1772879700000,84.6,84.68,84.6,84.67,4832.391
1772880000000,84.67,84.67,84.63,84.63,1970.507
1772880300000,84.63,84.66,84.58,84.65,1966.84
1772880600000,84.65,84.65,84.5,84.51,2079.281
1772880900000,84.5,84.52,84.41,84.5,3953.321
1772881200000,84.5,84.5,84.33,84.33,2240.38
1772881500000,84.33,84.4,84.26,84.35,3787.169
1772881800000,84.34,84.85,84.34,84.85,8503.496
1772882100000,84.84,84.91,84.75,84.81,9471.786
1772882400000,84.82,84.88,84.7,84.71,6520.79
1772882700000,84.7,84.78,84.68,84.72,8434.976
1772883000000,84.73,84.74,84.65,84.74,4081.128
1772883300000,84.75,84.8,84.7,84.8,2219.783
1772883600000,84.8,84.82,84.75,84.82,3060.454
1772883900000,84.81,84.82,84.7,84.71,17341.501
1772884200000,84.71,84.78,84.71,84.74,2730.969
1772884500000,84.74,84.78,84.66,84.66,2625.738
1772884800000,84.66,84.77,84.62,84.77,3064.823
1772885100000,84.77,84.78,84.6,84.64,2726.966
1772885400000,84.63,84.65,84.57,84.59,3182.2
1772885700000,84.59,84.7,84.58,84.66,2313.185
1772886000000,84.67,84.7,84.62,84.68,1998.303
1772886300000,84.67,84.71,84.6,84.65,1848.095
1772886600000,84.66,84.67,84.6,84.67,2009.45
1772886900000,84.67,84.67,84.62,84.63,3028.74
1772887200000,84.63,84.64,84.45,84.46,5970.779
1772887500000,84.46,84.5,84.29,84.32,8645.283
1772887800000,84.31,84.4,84.31,84.35,1860.552
1772888100000,84.35,84.35,84.28,84.3,3584.797
1772888400000,84.3,84.49,84.3,84.47,7393.321
1772888700000,84.47,84.49,84.3,84.43,4018.264
1772889000000,84.43,84.5,84.43,84.47,1157.807
1772889300000,84.46,84.54,84.4,84.4,4489.053
1772889600000,84.39,84.49,84.37,84.47,2402.0
1772889900000,84.48,84.52,84.42,84.44,3305.102
1772890200000,84.44,84.55,84.42,84.44,2401.514
1772890500000,84.44,84.48,84.13,84.2,7732.297
1772890800000,84.21,84.35,84.21,84.25,5445.973
1772891100000,84.25,84.35,84.22,84.31,3081.084
1772891400000,84.31,84.39,84.28,84.32,1398.135
1772891700000,84.32,84.33,84.24,84.31,2602.464
1772892000000,84.3,84.31,84.0,84.14,9228.734
1772892300000,84.15,84.15,83.89,83.91,12773.422
1772892600000,83.9,84.0,83.67,83.86,19003.74
1772892900000,83.86,83.95,83.81,83.91,6354.904
1772893200000,83.92,83.94,83.81,83.88,6323.091
1772893500000,83.88,83.89,83.84,83.85,3942.464
1772893800000,83.86,83.95,83.83,83.94,6604.081
1772894100000,83.94,84.42,83.93,84.37,6594.844
1772894400000,84.38,84.4,84.2,84.21,8954.832
1772894700000,84.22,84.27,84.11,84.19,2864.455
1772895000000,84.2,84.28,84.14,84.23,5534.495
1772895300000,84.24,84.29,84.21,84.23,5585.65
1772895600000,84.23,84.23,84.08,84.1,8168.236
1772895900000,84.1,84.15,83.98,84.08,6612.789
1772896200000,84.08,84.14,83.99,84.09,5038.988
1772896500000,84.09,84.23,84.08,84.1,3666.56
1772896800000,84.11,84.16,83.98,84.14,5321.382
1772897100000,84.13,84.13,83.98,84.02,6679.154
1772897400000,84.02,84.14,83.82,84.1,7068.877
1772897700000,84.11,84.15,83.42,83.57,23404.287
1772898000000,83.56,83.65,83.46,83.56,11463.845
1772898300000,83.56,83.71,83.47,83.68,6114.982
1772898600000,83.67,83.77,83.66,83.77,3555.866
1772898900000,83.77,83.83,83.73,83.75,6271.794
1772899200000,83.75,83.75,83.6,83.67,5764.942
1772899500000,83.66,83.79,83.6,83.76,4453.176
1772899800000,83.76,83.8,83.74,83.77,2250.358
1772900100000,83.77,83.78,83.58,83.61,4934.814
1772900400000,83.61,83.72,83.55,83.56,4770.949
1772900700000,83.57,83.63,83.57,83.62,2835.608
1772901000000,83.62,83.69,83.57,83.63,8433.072
1772901300000,83.62,83.66,83.58,83.6,6577.066
1772901600000,83.6,83.61,83.5,83.6,3960.78
1772901900000,83.6,83.64,83.51,83.56,4360.691
1772902200000,83.57,83.64,83.53,83.58,3424.67
1772902500000,83.57,83.64,83.52,83.59,2003.794
1772902800000,83.59,83.79,83.57,83.78,3428.547
1772903100000,83.77,83.79,83.71,83.77,3645.673
1772903400000,83.77,83.89,83.73,83.86,5524.718
1772903700000,83.86,83.92,83.82,83.83,3088.155
1772904000000,83.84,84.08,83.83,84.04,5929.915
1772904300000,84.04,84.05,83.95,83.98,3384.4
1772904600000,83.98,84.0,83.95,83.96,2690.365
1772904900000,83.96,83.97,83.94,83.96,6692.588
1772905200000,83.97,83.99,83.96,83.98,1255.762
1772905500000,83.98,83.98,83.94,83.94,8641.739
1772905800000,83.94,83.94,83.9,83.91,5131.611
1772906100000,83.91,83.91,83.56,83.61,7097.26
1772906400000,83.62,83.63,83.01,83.27,30151.798
1772906700000,83.28,83.35,83.23,83.31,5205.491
1772907000000,83.3,83.4,83.3,83.33,4025.199
1772907300000,83.33,83.45,83.3,83.31,2064.885
1772907600000,83.31,83.47,83.25,83.44,6950.259
1772907900000,83.45,83.46,83.37,83.45,2101.738
1772908200000,83.45,83.45,83.23,83.33,2142.466
1772908500000,83.33,83.4,83.28,83.39,4255.437
1772908800000,83.4,83.44,83.35,83.44,1736.453
1772909100000,83.43,83.45,83.38,83.43,1364.899
1772909400000,83.44,83.45,83.38,83.42,1804.843
1772909700000,83.42,83.44,83.37,83.38,1263.66
1772910000000,83.39,83.39,83.0,83.05,19414.564
1772910300000,83.06,83.23,83.05,83.2,4927.927
1772910600000,83.19,83.21,83.11,83.11,6544.871
1772910900000,83.12,83.19,82.8,82.9,28723.635
1772911200000,82.91,83.11,82.88,82.98,5907.043
1772911500000,82.97,83.05,82.7,82.81,14691.695
1772911800000,82.81,83.05,82.75,82.97,7353.128
1772912100000,82.97,83.05,82.93,82.94,7907.105
1772912400000,82.93,83.02,82.91,82.95,8914.268
1772912700000,82.95,82.96,82.57,82.59,12320.462
1772913000000,82.59,82.64,82.37,82.42,46137.902
1772913300000,82.41,82.58,82.28,82.53,26678.122
1772913600000,82.52,82.8,82.51,82.78,6505.873
1772913900000,82.77,82.89,82.74,82.78,8255.778
1772914200000,82.78,82.95,82.78,82.86,2923.54
1772914500000,82.86,82.91,82.79,82.83,4128.363
1772914800000,82.84,82.88,82.75,82.87,2373.228
1772915100000,82.87,82.94,82.84,82.88,1974.034
1772915400000,82.87,82.94,82.85,82.89,1411.421
1772915700000,82.89,83.13,82.88,83.08,7089.036
1772916000000,83.08,83.09,83.0,83.01,4803.068
1772916300000,83.0,83.06,82.97,83.04,4896.23
1772916600000,83.05,83.05,82.89,82.99,7163.567
1772916900000,82.98,83.07,82.95,83.02,1224.815
1772917200000,83.03,83.14,82.89,82.93,3939.742
1772917500000,82.93,83.1,82.89,83.09,3507.893
1772917800000,83.09,83.12,83.02,83.02,2834.405
1772918100000,83.02,83.16,83.01,83.01,3050.378
1772918400000,83.01,83.08,83.01,83.05,2920.254
1772918700000,83.04,83.19,83.04,83.17,4288.625
1772919000000,83.17,83.18,83.03,83.08,3080.38
1772919300000,83.08,83.08,82.91,82.96,5960.713
1772919600000,82.95,83.09,82.95,83.09,1495.454
1772919900000,83.08,83.16,82.97,83.12,2905.497
1772920200000,83.11,83.14,83.07,83.13,1090.556
1772920500000,83.14,83.3,83.13,83.28,4336.491
1772920800000,83.28,83.32,83.22,83.26,4932.342
1772921100000,83.26,83.29,83.19,83.2,2909.057
1772921400000,83.19,83.23,83.06,83.07,1831.896
1772921700000,83.07,83.21,83.06,83.18,3943.248
1772922000000,83.19,83.19,83.0,83.06,1450.975
1772922300000,83.07,83.1,83.02,83.04,2221.237
1772922600000,83.04,83.1,82.77,82.88,10676.318
1772922900000,82.87,82.95,82.66,82.95,4322.036
1772923200000,82.95,83.05,82.94,83.0,2463.349
1772923500000,83.0,83.14,82.99,83.08,2631.36
1772923800000,83.08,83.09,83.01,83.07,1825.959
1772924100000,83.07,83.07,82.9,82.98,1527.891
1772924400000,82.99,83.15,82.93,83.15,2395.663
1772924700000,83.15,83.24,83.14,83.15,1634.459
1772925000000,83.14,83.19,83.13,83.16,1460.011
1772925300000,83.16,83.21,83.13,83.16,1601.028
1772925600000,83.16,83.26,83.16,83.22,1643.432
1772925900000,83.22,83.25,83.13,83.17,2540.862
1772926200000,83.17,83.23,83.15,83.16,1965.694
1772926500000,83.16,83.22,83.12,83.14,2508.269
1772926800000,83.14,83.18,83.12,83.17,1138.975
1772927100000,83.17,83.23,83.13,83.18,2683.116
1772927400000,83.18,83.19,83.16,83.18,1279.546
1772927700000,83.17,83.23,83.17,83.22,1608.545
1772928000000,83.22,83.44,83.22,83.4,4894.291
1772928300000,83.41,83.49,83.39,83.44,3443.234
1772928600000,83.43,83.48,83.35,83.36,2535.112
1772928900000,83.36,83.38,83.3,83.32,4203.805
1772929200000,83.33,83.44,83.22,83.23,3204.111
1772929500000,83.23,83.25,83.16,83.19,5191.69
1772929800000,83.2,83.25,83.1,83.12,4131.188
1772930100000,83.12,83.13,83.0,83.09,3707.409
1772930400000,83.08,83.12,82.97,83.07,8165.624
1772930700000,83.07,83.09,82.93,82.93,3795.131
1772931000000,82.94,83.07,82.94,83.05,4928.614
1772931300000,83.05,83.13,83.02,83.06,2370.183
1772931600000,83.07,83.09,82.92,82.92,2046.502
1772931900000,82.91,83.18,82.85,83.17,5059.536
1772932200000,83.17,83.17,83.03,83.12,1762.64
1772932500000,83.12,83.22,83.09,83.09,4854.095
1772932800000,83.1,83.16,83.09,83.13,5280.741
1772933100000,83.13,83.15,82.99,82.99,2901.737
1772933400000,82.99,82.99,82.7,82.73,5196.905
1772933700000,82.74,82.91,82.73,82.88,8536.561
1772934000000,82.88,83.04,82.88,83.03,2522.125
1772934300000,83.03,83.1,83.0,83.1,4262.36
1772934600000,83.09,83.14,83.09,83.11,1853.811
1772934900000,83.11,83.11,82.97,82.98,2695.008
1772935200000,82.97,82.97,82.9,82.92,2165.362
1772935500000,82.93,82.93,82.82,82.83,2672.819
1772935800000,82.83,82.98,82.78,82.98,3032.666
1772936100000,82.97,83.07,82.88,82.92,4418.144
1772936400000,82.92,82.99,82.92,82.96,1355.993
1772936700000,82.95,82.99,82.74,82.76,3492.6
1772937000000,82.77,82.77,82.53,82.67,8260.049
1772937300000,82.67,82.77,82.63,82.77,4338.382
1772937600000,82.77,83.1,82.75,83.07,9219.732
1772937900000,83.07,83.07,82.48,82.48,11887.548
1772938200000,82.49,82.62,82.11,82.51,27888.424
1772938500000,82.5,82.56,82.33,82.39,6997.943
1772938800000,82.4,82.46,82.31,82.37,8973.341
1772939100000,82.37,82.49,82.27,82.29,9218.565
1772939400000,82.29,82.58,82.28,82.56,10002.011
1772939700000,82.56,82.75,82.56,82.65,4773.677
1772940000000,82.65,82.7,82.57,82.67,3853.44
1772940300000,82.67,82.69,82.61,82.66,3991.632
1772940600000,82.66,82.67,82.45,82.52,6342.402
1772940900000,82.53,82.58,82.48,82.49,4140.139
1772941200000,82.5,82.5,82.41,82.47,3660.037
1772941500000,82.46,82.47,82.35,82.37,3716.399
1772941800000,82.36,82.43,82.34,82.36,2874.123
1772942100000,82.37,82.47,82.33,82.34,11912.95
1772942400000,82.34,82.47,82.27,82.46,4878.008
1772942700000,82.46,82.56,82.44,82.48,4661.904
1772943000000,82.47,82.5,82.26,82.42,5837.123
1772943300000,82.42,82.5,82.36,82.5,2754.023
1772943600000,82.5,82.52,82.44,82.47,2068.283
1772943900000,82.47,82.5,82.4,82.46,2599.865
1772944200000,82.46,82.47,82.3,82.35,4741.285
1772944500000,82.35,82.35,82.23,82.29,5005.058
1772944800000,82.3,82.37,82.23,82.33,3055.456
1772945100000,82.34,82.35,82.15,82.25,5964.336
1772945400000,82.25,82.27,81.88,81.93,20678.175
1772945700000,81.93,82.02,81.74,81.97,15541.206
1772946000000,81.97,82.1,81.94,82.08,4125.788
1772946300000,82.08,82.38,82.08,82.28,7964.87
1772946600000,82.28,82.33,82.22,82.33,2612.062
1772946900000,82.33,82.61,82.29,82.5,3317.064
1772947200000,82.5,82.72,82.5,82.68,6815.651
1772947500000,82.69,82.76,82.67,82.67,4991.847
1772947800000,82.68,82.79,82.59,82.64,3847.117
1772948100000,82.64,82.67,82.58,82.66,2721.562
1772948400000,82.66,82.69,82.54,82.6,3973.044
1772948700000,82.6,82.68,82.59,82.65,1087.038
1772949000000,82.65,82.66,82.53,82.62,3321.977
1772949300000,82.62,82.64,82.47,82.5,3916.45
1772949600000,82.5,82.61,82.46,82.57,3238.501
1772949900000,82.58,82.59,82.45,82.49,3841.565
1772950200000,82.49,82.52,82.3,82.32,2417.122
1772950500000,82.31,82.43,82.31,82.35,3418.358
1772950800000,82.36,82.51,82.36,82.48,2059.751
1772951100000,82.47,82.48,82.37,82.39,1452.406
1772951400000,82.39,82.4,82.3,82.35,2535.473
1772951700000,82.35,82.53,82.35,82.49,2773.854
1772952000000,82.5,82.54,82.45,82.47,2061.259
1772952300000,82.46,82.47,82.27,82.29,2815.533
1772952600000,82.29,82.37,82.29,82.36,2208.098
1772952900000,82.37,82.59,82.37,82.45,7202.084
1772953200000,82.46,82.63,82.4,82.62,4420.667
1772953500000,82.62,82.87,82.62,82.83,9177.529
1772953800000,82.84,82.92,82.76,82.87,4459.027
1772954100000,82.88,82.98,82.87,82.96,7425.134
1772954400000,82.96,83.1,82.86,82.88,5046.745
1772954700000,82.88,82.89,82.76,82.86,8119.887
1772955000000,82.86,82.9,82.79,82.87,10741.167
1772955300000,82.86,82.9,82.8,82.88,7203.043
1772955600000,82.88,82.98,82.86,82.94,8569.665
1772955900000,82.93,82.95,82.77,82.86,12274.908
1772956200000,82.87,82.94,82.86,82.9,8134.378
1772956500000,82.89,82.98,82.87,82.95,14686.638
1772956800000,82.95,82.99,82.78,82.88,9451.027
1772957100000,82.88,82.9,82.83,82.83,4763.644
1772957400000,82.83,82.92,82.76,82.76,3883.908
1772957700000,82.75,82.77,82.51,82.75,7448.039
1772958000000,82.76,82.77,82.66,82.7,3241.588
1772958300000,82.69,82.74,82.64,82.72,1592.04
1772958600000,82.72,82.82,82.65,82.81,1629.337
1772958900000,82.82,82.86,82.78,82.83,2123.626
1772959200000,82.84,83.08,82.84,83.02,6985.162
1772959500000,83.02,83.12,82.99,82.99,4829.98
1772959800000,83.0,83.05,82.94,83.05,2037.301
1772960100000,83.05,83.11,83.03,83.1,4441.288
1772960400000,83.1,83.11,82.78,82.86,6329.426
1772960700000,82.87,82.94,82.8,82.86,3445.38
1772961000000,82.87,83.28,82.87,83.16,12136.565
1772961300000,83.15,83.39,83.1,83.22,12430.226
1772961600000,83.21,83.27,83.09,83.23,9928.369
1772961900000,83.22,83.35,83.2,83.34,7461.141
1772962200000,83.34,83.35,83.21,83.22,6349.092
1772962500000,83.21,83.25,83.13,83.16,3231.542
1772962800000,83.16,83.26,83.12,83.21,11673.555
1772963100000,83.21,83.21,83.12,83.21,2830.013
1772963400000,83.21,83.25,83.13,83.18,7529.379
1772963700000,83.18,83.26,83.16,83.17,3053.321
1772964000000,83.16,83.28,83.16,83.26,3761.12
1772964300000,83.26,83.35,83.24,83.32,7149.905
1772964600000,83.31,83.45,83.26,83.44,4780.73
1772964900000,83.43,83.7,83.4,83.66,8145.948
1772965200000,83.65,84.02,83.6,83.91,22055.94
1772965500000,83.91,84.13,83.9,83.92,29567.277
1772965800000,83.91,83.93,83.74,83.9,10208.117
1772966100000,83.9,83.94,83.8,83.86,6815.504
1772966400000,83.86,83.86,83.75,83.79,6027.265
1772966700000,83.8,83.8,83.7,83.73,3532.485
1772967000000,83.73,83.77,83.7,83.73,4272.719
1772967300000,83.73,83.79,83.62,83.67,6145.152
1772967600000,83.66,83.66,83.35,83.36,5793.563
1772967900000,83.36,83.36,82.7,82.91,28501.819
1772968200000,82.92,83.06,82.92,82.93,7698.618
1772968500000,82.92,83.09,82.91,83.02,5331.99
1772968800000,83.02,83.16,82.99,83.14,5949.331
1772969100000,83.13,83.13,82.99,83.05,2636.381
1772969400000,83.04,83.23,82.88,82.92,9153.574
1772969700000,82.93,82.98,82.69,82.98,10200.347
1772970000000,82.98,83.0,82.71,82.8,4116.518
1772970300000,82.79,82.87,82.7,82.8,2860.083
1772970600000,82.81,82.89,82.64,82.87,4566.71
1772970900000,82.86,82.9,82.81,82.81,2133.909
1772971200000,82.81,83.01,82.78,82.96,4580.896
1772971500000,82.97,82.97,82.37,82.43,12739.936
1772971800000,82.43,82.54,82.0,82.06,31637.815
1772972100000,82.06,82.13,81.61,82.07,35697.225
1772972400000,82.06,82.51,82.05,82.42,8475.042
1772972700000,82.42,82.8,82.39,82.74,15399.489
1772973000000,82.74,82.74,82.43,82.44,9261.647
1772973300000,82.44,82.51,82.37,82.42,7583.597
1772973600000,82.41,82.68,82.4,82.47,8946.248
1772973900000,82.46,82.46,82.24,82.32,9779.7
1772974200000,82.32,82.47,82.27,82.38,11494.221
1772974500000,82.37,82.38,82.29,82.31,3357.407
1772974800000,82.32,82.47,82.15,82.18,6774.698
1772975100000,82.17,82.21,82.04,82.21,5120.25
1772975400000,82.21,82.21,81.67,81.71,18059.433
1772975700000,81.72,81.94,81.65,81.88,16175.888
1772976000000,81.87,81.94,81.64,81.66,7407.711
1772976300000,81.66,81.86,81.18,81.72,47631.041
1772976600000,81.72,81.75,81.53,81.57,7290.563
1772976900000,81.56,81.73,81.56,81.65,6090.619
1772977200000,81.65,81.74,81.37,81.69,17759.992
1772977500000,81.69,82.07,81.66,82.01,24093.41
1772977800000,82.0,82.12,81.91,82.01,4713.042
1772978100000,82.02,82.2,81.95,82.08,11547.587
1772978400000,82.09,82.16,81.98,82.1,6098.403
1772978700000,82.09,82.37,82.05,82.13,6926.079
1772979000000,82.13,82.23,82.12,82.16,2947.522
1772979300000,82.15,82.35,82.11,82.31,4712.244
1772979600000,82.31,82.37,82.21,82.34,4669.026
1772979900000,82.35,82.37,82.04,82.09,4375.769
1772980200000,82.09,82.37,82.09,82.15,6115.181
1772980500000,82.15,82.27,82.12,82.22,3752.61
1772980800000,82.22,82.23,81.95,82.04,6957.31
1772981100000,82.04,82.12,81.97,82.06,3290.199
1772981400000,82.06,82.35,82.05,82.33,2846.831
1772981700000,82.32,82.35,82.26,82.32,2072.079
1772982000000,82.31,82.41,82.1,82.3,3848.375
1772982300000,82.29,82.35,82.03,82.32,3652.967
1772982600000,82.31,82.36,82.2,82.29,3831.879
1772982900000,82.29,82.3,82.13,82.28,2866.814
1772983200000,82.28,82.29,81.99,82.15,5085.374
1772983500000,82.16,82.17,81.93,81.97,4084.678
1772983800000,81.97,82.1,81.93,81.97,5281.506
1772984100000,81.96,82.08,81.94,82.01,4890.464
1772984400000,82.0,82.01,81.88,81.93,9708.875
1772984700000,81.93,82.05,81.86,81.95,3943.234
1772985000000,81.94,82.02,81.83,82.01,4345.653
1772985300000,82.01,82.14,81.93,82.06,6486.589
1772985600000,82.06,82.14,82.0,82.07,4516.845
1772985900000,82.06,82.17,82.06,82.1,3016.247
1772986200000,82.09,82.13,81.86,81.94,5810.879
1772986500000,81.94,81.95,81.73,81.85,6366.99
1772986800000,81.85,81.96,81.82,81.96,4471.48
1772987100000,81.96,82.0,81.84,81.86,2556.218
1772987400000,81.85,81.86,81.59,81.59,8581.124
1772987700000,81.59,81.67,81.46,81.63,12235.192
1772988000000,81.63,81.8,81.63,81.77,2497.87
1772988300000,81.76,81.76,81.36,81.53,9906.184
1772988600000,81.53,81.55,81.39,81.51,5342.175
1772988900000,81.5,81.58,81.4,81.52,6332.638
1772989200000,81.53,81.91,81.45,81.91,9764.67
1772989500000,81.91,82.0,81.78,81.79,4798.003
1772989800000,81.79,81.83,81.56,81.83,2573.52
1772990100000,81.83,81.86,81.75,81.82,2711.242
1772990400000,81.82,81.83,81.53,81.63,6083.582
1772990700000,81.63,81.64,81.53,81.57,2626.402
1772991000000,81.57,81.67,81.38,81.46,4805.301
1772991300000,81.46,81.56,81.42,81.5,2727.531
1772991600000,81.5,81.58,81.47,81.57,1385.725
1772991900000,81.56,81.71,81.51,81.62,6905.881
1772992200000,81.63,81.73,81.63,81.64,4036.171
1772992500000,81.64,81.69,81.49,81.69,4177.706
1772992800000,81.69,81.73,81.56,81.62,3117.575
1772993100000,81.63,81.65,81.45,81.48,3000.662
1772993400000,81.47,81.61,81.46,81.51,2159.476
1772993700000,81.51,81.55,81.31,81.45,6322.198
1772994000000,81.44,81.71,81.43,81.7,3972.789
1772994300000,81.7,81.76,81.67,81.68,2829.028
1772994600000,81.69,81.8,81.66,81.68,2296.66
1772994900000,81.68,81.8,81.59,81.69,3228.768
1772995200000,81.68,81.69,81.51,81.58,3488.412
1772995500000,81.57,81.65,81.5,81.54,2897.902
1772995800000,81.55,81.65,81.53,81.62,1673.655
1772996100000,81.62,81.69,81.58,81.6,2258.948
1772996400000,81.6,81.77,81.5,81.71,3742.091
1772996700000,81.71,81.87,81.66,81.85,4081.944
1772997000000,81.85,82.12,81.8,81.95,10540.075
1772997300000,81.96,82.37,81.94,82.2,9260.123
1772997600000,82.2,82.5,82.14,82.33,8412.047
1772997900000,82.33,82.36,82.24,82.28,3239.701
1772998200000,82.29,82.56,82.21,82.56,13018.591
1772998500000,82.55,82.55,82.41,82.53,5061.736
1772998800000,82.52,82.57,82.47,82.55,5433.443
1772999100000,82.56,82.65,82.46,82.5,6027.746
1772999400000,82.49,82.5,82.29,82.37,10247.73
1772999700000,82.38,82.49,82.37,82.49,2490.266
1773000000000,82.48,82.5,82.25,82.26,2898.295
1773000300000,82.25,82.31,82.18,82.25,2704.745
1773000600000,82.24,82.27,82.12,82.13,3761.538
1773000900000,82.12,82.4,82.11,82.33,3957.577
1773001200000,82.33,82.33,82.14,82.19,2958.314
1773001500000,82.18,82.27,82.16,82.19,1213.776
1773001800000,82.19,82.57,82.18,82.56,11351.352
1773002100000,82.55,82.96,82.52,82.68,7627.148
1773002400000,82.67,82.85,82.64,82.69,10132.577
1773002700000,82.68,82.7,82.59,82.63,3374.489
1773003000000,82.62,82.74,82.38,82.45,5055.264
1773003300000,82.46,82.49,82.26,82.33,7837.89
1773003600000,82.34,82.44,82.27,82.36,4532.684
1773003900000,82.35,82.35,81.91,81.97,13378.996
1773004200000,81.97,82.0,81.71,81.83,10124.829
1773004500000,81.84,81.97,81.78,81.9,4759.992
1773004800000,81.9,82.11,81.9,82.06,5115.622
1773005100000,82.06,82.1,81.99,82.0,1739.402
1773005400000,82.0,82.09,81.97,81.97,3788.021
1773005700000,81.98,82.12,81.98,82.02,2951.359
1773006000000,82.01,82.28,82.0,82.21,5285.504
1773006300000,82.21,82.25,82.14,82.16,1763.452
1773006600000,82.16,82.18,82.09,82.18,968.237
1773006900000,82.18,82.26,82.16,82.25,2671.207
1773007200000,82.26,82.26,80.39,80.49,81278.981
1773007500000,80.49,81.29,80.26,81.1,53058.892
1773007800000,81.09,81.43,80.9,81.29,29208.744
1773008100000,81.29,81.4,80.82,80.9,14334.416
1773008400000,80.9,80.99,80.77,80.9,15796.407
1773008700000,80.91,81.49,80.87,81.3,16506.426
1773009000000,81.31,81.59,81.02,81.56,18159.07
1773009300000,81.57,82.03,81.49,81.66,23178.248
1773009600000,81.65,81.9,81.65,81.83,9273.806
1773009900000,81.83,82.51,81.82,82.25,26017.518
1773010200000,82.25,82.43,82.03,82.04,28642.871
1773010500000,82.03,82.05,81.83,81.99,11227.933
1773010800000,81.99,82.37,81.91,82.34,10634.509
1773011100000,82.34,82.44,82.01,82.05,12539.121
1773011400000,82.06,82.17,81.84,82.17,5474.195
1773011700000,82.17,82.35,82.06,82.06,8444.425
1773012000000,82.06,82.29,81.99,82.22,6207.774
1773012300000,82.22,82.31,82.03,82.15,6026.156
1773012600000,82.15,82.23,82.02,82.1,2601.993
1773012900000,82.09,82.14,81.77,81.83,6579.054
1773013200000,81.83,81.85,81.69,81.7,5386.156
1773013500000,81.69,81.83,81.5,81.77,27248.173
1773013800000,81.77,81.9,81.6,81.64,6062.884
1773014100000,81.64,81.73,81.48,81.59,11964.676
1773014400000,81.6,81.82,81.54,81.79,5946.538
1773014700000,81.8,82.26,81.8,82.2,9128.274
1773015000000,82.2,82.38,82.11,82.21,9812.679
1773015300000,82.21,82.44,82.07,82.27,9433.251
1773015600000,82.26,82.38,81.81,81.82,16280.614
1773015900000,81.82,82.2,81.63,82.2,8081.169
1773016200000,82.19,82.78,82.18,82.74,19577.017
1773016500000,82.74,83.29,82.74,82.79,28273.787
1773016800000,82.79,82.81,82.53,82.63,4988.233
1773017100000,82.62,82.75,82.48,82.52,8511.871
1773017400000,82.52,82.66,82.26,82.32,5232.293
1773017700000,82.32,82.41,82.24,82.35,4228.263
1773018000000,82.35,82.4,82.03,82.09,7169.79
1773018300000,82.09,82.18,81.86,82.12,8812.478
1773018600000,82.11,82.37,82.06,82.24,5491.327
1773018900000,82.25,82.8,82.19,82.59,25443.824
1773019200000,82.58,82.8,82.41,82.75,15115.829
1773019500000,82.75,82.9,82.53,82.54,10567.499
1773019800000,82.54,82.85,82.22,82.72,18409.413
1773020100000,82.72,82.82,82.56,82.58,12587.363
1773020400000,82.59,82.72,82.48,82.7,5827.983
1773020700000,82.69,82.76,82.47,82.51,6246.741
1773021000000,82.51,82.55,82.35,82.41,5142.476
1773021300000,82.4,82.51,82.09,82.1,8545.201
1773021600000,82.11,82.27,82.01,82.04,10726.287
1773021900000,82.03,82.31,81.85,82.16,7992.103
1773022200000,82.16,82.35,81.92,82.03,7738.805
1773022500000,82.02,82.02,81.71,81.81,8359.524
1773022800000,81.82,81.97,81.65,81.94,13435.866
1773023100000,81.94,82.0,81.82,81.93,3658.768
1773023400000,81.92,82.24,81.89,82.18,12124.578
1773023700000,82.19,82.8,82.14,82.56,20015.487
1773024000000,82.56,82.85,82.53,82.84,11904.425
1773024300000,82.83,82.86,82.68,82.8,4509.779
1773024600000,82.81,82.92,82.7,82.77,6871.467
1773024900000,82.77,82.93,82.67,82.67,4807.3
1773025200000,82.67,83.3,82.62,83.21,23516.753
1773025500000,83.2,83.68,83.04,83.63,20875.569
1773025800000,83.63,84.35,83.62,84.25,50163.596
1773026100000,84.25,84.5,84.04,84.38,34154.482
1773026400000,84.37,84.46,83.4,83.49,38618.69
1773026700000,83.49,83.59,83.34,83.58,7965.04
1773027000000,83.58,83.73,83.51,83.6,5159.502
1773027300000,83.6,83.64,83.15,83.19,8524.302
1773027600000,83.19,83.19,83.1,83.14,6450.363
1773027900000,83.14,83.18,82.97,83.11,9086.367
1773028200000,83.1,83.28,82.92,82.99,7813.994
1773028500000,83.0,83.2,82.97,83.16,4998.384
1773028800000,83.16,83.42,83.15,83.26,22206.401
1773029100000,83.26,83.36,83.16,83.17,3095.516
1773029400000,83.17,83.34,83.1,83.16,4241.905
1773029700000,83.16,83.25,83.09,83.24,3864.741
1773030000000,83.24,83.46,83.22,83.43,7394.825
1773030300000,83.43,83.75,83.41,83.72,7861.056
1773030600000,83.72,83.72,83.53,83.61,5370.797
1773030900000,83.6,83.68,83.55,83.63,5895.338
1773031200000,83.64,83.8,83.48,83.73,11179.915
1773031500000,83.72,83.89,83.7,83.74,10108.74
1773031800000,83.75,83.79,83.48,83.53,6935.559
1773032100000,83.53,83.53,83.16,83.19,8914.407
1773032400000,83.2,83.38,83.13,83.33,6594.201
1773032700000,83.34,83.42,83.32,83.42,4905.568
1773033000000,83.42,83.43,83.21,83.31,3256.908
1773033300000,83.31,83.4,83.22,83.35,3520.616
1773033600000,83.35,83.68,83.27,83.47,12208.69
1773033900000,83.47,83.6,83.41,83.52,5350.987
1773034200000,83.52,84.11,83.46,83.97,28170.018
1773034500000,83.96,83.96,83.62,83.77,15370.749
1773034800000,83.76,84.47,83.73,84.29,36168.017
1773035100000,84.3,84.58,84.04,84.57,26286.864
1773035400000,84.58,84.61,84.2,84.22,25593.704
1773035700000,84.22,84.27,84.1,84.27,8925.665
1773036000000,84.28,84.31,84.15,84.17,8707.147
1773036300000,84.17,84.17,83.98,84.01,7838.978
1773036600000,84.02,84.17,83.96,84.0,7623.606
1773036900000,84.01,84.27,83.92,83.97,4948.052
1773037200000,83.97,83.99,83.81,83.96,4565.721
1773037500000,83.95,84.03,83.71,83.77,8057.402
1773037800000,83.77,83.83,83.63,83.65,7125.802
1773038100000,83.66,83.68,83.5,83.52,10280.396
1773038400000,83.51,83.51,83.21,83.34,8113.623
1773038700000,83.33,83.35,83.21,83.29,6406.025
1773039000000,83.29,83.39,83.11,83.2,7502.482
1773039300000,83.2,83.23,83.1,83.13,4654.972
1773039600000,83.13,83.14,82.74,82.77,19280.919
1773039900000,82.78,82.94,82.66,82.88,9139.724
1773040200000,82.89,82.99,82.75,82.82,6133.401
1773040500000,82.81,83.0,82.33,82.52,17225.618
1773040800000,82.52,82.9,82.52,82.83,7902.447
1773041100000,82.83,83.0,82.8,82.92,8244.374
1773041400000,82.92,83.14,82.89,83.06,8902.926
1773041700000,83.07,83.27,83.06,83.09,10103.877
1773042000000,83.09,83.25,83.04,83.11,6340.638
1773042300000,83.11,83.27,83.03,83.25,5088.844
1773042600000,83.25,83.3,83.01,83.16,8974.416
1773042900000,83.15,83.29,83.12,83.18,3836.229
1773043200000,83.18,83.32,83.0,83.02,9839.731
1773043500000,83.01,83.31,82.94,83.25,7029.674
1773043800000,83.24,83.34,83.09,83.27,5569.92
1773044100000,83.27,83.37,83.05,83.21,4525.162
1773044400000,83.21,83.8,83.19,83.64,13436.169
1773044700000,83.63,83.82,83.59,83.75,10723.264
1773045000000,83.74,83.86,83.65,83.85,11497.331
1773045300000,83.85,83.86,83.39,83.47,10141.804
1773045600000,83.47,83.63,83.34,83.55,5074.151
1773045900000,83.55,83.74,83.51,83.6,6328.829
1773046200000,83.6,83.82,83.55,83.73,4513.301
1773046500000,83.74,83.79,83.68,83.73,4509.039
1773046800000,83.73,83.77,83.57,83.58,3006.809
1773047100000,83.57,83.61,83.32,83.52,5831.953
1773047400000,83.53,83.78,83.41,83.78,12342.584
1773047700000,83.77,84.0,83.7,83.78,7222.001
1773048000000,83.78,84.0,83.78,83.98,3596.194
1773048300000,83.97,84.13,83.9,84.05,7887.664
1773048600000,84.05,84.44,83.86,84.3,17099.371
1773048900000,84.31,84.6,84.25,84.4,26493.131
1773049200000,84.41,84.59,84.33,84.45,31178.468
1773049500000,84.46,84.56,84.23,84.32,30473.47
1773049800000,84.32,84.32,84.1,84.16,22198.669
1773050100000,84.16,84.16,83.87,84.05,26435.344
1773050400000,84.05,84.26,83.96,84.16,27909.368
1773050700000,84.17,84.19,83.91,84.07,15200.003
1773051000000,84.07,84.09,83.91,83.97,7622.82
1773051300000,83.98,83.99,83.76,83.88,21753.791
1773051600000,83.89,84.02,83.82,83.95,5802.61
1773051900000,83.94,84.03,83.83,83.85,17124.077
1773052200000,83.85,83.98,83.71,83.98,7614.103
1773052500000,83.99,84.02,83.74,83.82,6346.109
1773052800000,83.81,83.88,83.6,83.68,8488.127
1773053100000,83.68,83.71,83.54,83.65,13382.929
1773053400000,83.65,83.74,83.49,83.72,10960.538
1773053700000,83.72,83.79,83.63,83.75,5501.245
1773054000000,83.75,83.89,83.68,83.8,5600.158
1773054300000,83.8,83.93,83.78,83.88,2528.755
1773054600000,83.87,83.88,83.77,83.79,4142.174
1773054900000,83.78,83.8,83.24,83.27,10313.009
1773055200000,83.27,83.38,83.12,83.34,8069.156
1773055500000,83.34,83.37,83.23,83.24,3384.341
1773055800000,83.25,83.52,83.2,83.51,5211.733
1773056100000,83.52,83.7,83.5,83.67,5689.32
1773056400000,83.67,83.67,83.56,83.65,6728.138
1773056700000,83.65,83.77,83.53,83.53,4685.84
1773057000000,83.53,83.79,83.49,83.77,3740.2
1773057300000,83.77,83.8,83.56,83.59,6941.477
1773057600000,83.58,83.8,83.58,83.76,5160.677
1773057900000,83.75,83.76,83.65,83.66,1839.482
1773058200000,83.65,83.75,83.59,83.75,2063.147
1773058500000,83.75,83.98,83.73,83.97,7426.261
1773058800000,83.96,84.0,83.73,83.77,14806.426
1773059100000,83.77,83.96,83.41,83.95,13228.102
1773059400000,83.96,83.99,83.74,83.77,4349.041
1773059700000,83.77,84.22,83.77,84.11,21885.907
1773060000000,84.11,84.17,83.85,83.91,10411.142
1773060300000,83.92,84.0,83.86,83.95,6062.293
1773060600000,83.94,84.04,83.86,83.96,3719.992
1773060900000,83.97,84.12,83.97,84.0,5608.9
1773061200000,84.01,84.17,83.98,84.14,4846.819
1773061500000,84.14,84.22,84.07,84.17,7926.489
1773061800000,84.18,84.54,84.17,84.43,15088.038
1773062100000,84.42,84.45,84.15,84.2,8004.02
1773062400000,84.19,84.24,84.13,84.15,6847.114
1773062700000,84.15,85.03,84.12,85.01,57691.923
1773063000000,85.0,85.32,84.83,85.3,42153.935
1773063300000,85.3,85.33,84.67,84.73,55096.285
1773063600000,84.74,85.59,84.73,85.52,27028.574
1773063900000,85.52,85.75,85.2,85.22,28587.454
1773064200000,85.23,85.43,85.01,85.08,23866.088
1773064500000,85.07,85.45,85.0,85.16,22265.509
1773064800000,85.15,85.54,85.08,85.36,15976.656
1773065100000,85.37,85.38,84.67,84.74,32034.012
1773065400000,84.74,84.88,84.56,84.8,12095.813
1773065700000,84.79,85.52,84.76,85.2,37079.387
1773066000000,85.19,85.31,84.93,85.11,11873.479
1773066300000,85.1,85.25,84.92,85.05,11981.031
1773066600000,85.04,85.25,84.92,85.13,13093.4
1773066900000,85.13,85.48,85.04,85.48,22094.083
1773067200000,85.48,85.71,85.37,85.62,37061.166
1773067500000,85.62,85.65,85.3,85.39,18371.885
1773067800000,85.38,85.65,85.35,85.52,12139.022
1773068100000,85.51,85.54,85.19,85.3,11879.282
1773068400000,85.3,85.45,85.19,85.22,11946.665
1773068700000,85.22,85.4,84.93,84.96,7632.911
1773069000000,84.95,85.29,84.94,85.29,16540.641
1773069300000,85.3,85.44,85.04,85.05,7683.787
1773069600000,85.06,85.26,85.04,85.24,5438.087
1773069900000,85.23,85.37,85.15,85.18,4728.779
1773070200000,85.18,85.32,84.7,84.77,12628.45
1773070500000,84.77,84.88,84.62,84.75,14627.817
1773070800000,84.74,84.98,84.73,84.81,6648.743
1773071100000,84.8,85.07,84.75,84.93,4482.97
1773071400000,84.94,85.02,84.86,84.99,6012.484
1773071700000,84.99,85.35,84.99,85.05,10162.156
1773072000000,85.05,85.27,84.98,85.15,13388.563
1773072300000,85.14,85.28,84.99,85.03,9529.204
1773072600000,85.04,85.04,84.88,84.9,4487.58
1773072900000,84.91,84.94,84.81,84.84,5381.482
1773073200000,84.84,85.04,84.7,85.03,13940.41
1773073500000,85.02,85.27,84.87,85.11,11268.014
1773073800000,85.11,85.14,84.78,84.9,17208.556
1773074100000,84.9,85.25,84.88,85.23,7498.086
1773074400000,85.22,85.39,85.2,85.25,7988.02
1773074700000,85.25,85.3,85.0,85.17,4893.256
1773075000000,85.17,85.63,85.11,85.15,15727.775
1773075300000,85.16,85.28,85.04,85.14,4093.674
1773075600000,85.14,85.2,84.95,85.06,5513.843
1773075900000,85.06,85.24,85.05,85.18,2209.279
1773076200000,85.17,85.31,85.1,85.16,5390.121
1773076500000,85.16,85.29,84.95,85.04,6727.337
1773076800000,85.04,85.04,84.73,84.97,14671.241
1773077100000,84.97,85.06,84.79,84.84,9748.913
1773077400000,84.83,85.02,84.82,84.91,6639.208
1773077700000,84.91,84.97,84.67,84.68,7170.957
1773078000000,84.69,84.75,84.26,84.49,20277.949
1773078300000,84.48,84.76,84.48,84.63,8034.347
1773078600000,84.63,85.31,84.59,85.26,25526.55
1773078900000,85.27,85.42,85.09,85.09,20770.816
1773079200000,85.09,85.1,84.78,84.8,17122.018
1773079500000,84.8,84.83,84.48,84.58,20991.504
1773079800000,84.59,84.78,84.57,84.74,5507.189
1773080100000,84.74,85.42,84.72,85.28,20460.565
1773080400000,85.28,85.38,85.13,85.23,23455.671
1773080700000,85.22,85.38,85.16,85.37,7033.555
1773081000000,85.38,85.58,85.26,85.5,24767.525
1773081300000,85.5,85.5,85.34,85.38,12454.224
1773081600000,85.38,85.52,85.31,85.35,10469.8
1773081900000,85.35,85.44,85.17,85.18,4842.365
1773082200000,85.19,85.3,85.18,85.27,7314.013
1773082500000,85.27,85.31,85.07,85.19,11647.323
1773082800000,85.18,85.36,85.18,85.28,6564.026
1773083100000,85.28,85.28,85.09,85.23,7596.104
1773083400000,85.24,85.34,85.09,85.1,6800.921
1773083700000,85.1,85.74,85.07,85.72,17598.654
1773084000000,85.72,86.23,85.57,86.18,64123.755
1773084300000,86.17,86.92,86.17,86.87,71089.292
1773084600000,86.86,87.06,86.38,86.49,48748.711
1773084900000,86.5,86.61,86.16,86.36,27747.589
1773085200000,86.35,86.39,86.03,86.31,19207.865
1773085500000,86.3,86.41,86.13,86.16,13936.861
1773085800000,86.16,86.18,85.86,86.04,15108.017
1773086100000,86.04,86.09,85.9,85.97,13995.247
1773086400000,85.97,86.18,85.91,85.96,9782.004
1773086700000,85.96,86.06,85.72,85.73,20214.565
1773087000000,85.73,85.84,85.6,85.78,13178.275
1773087300000,85.78,85.91,85.73,85.91,10694.472
1773087600000,85.92,85.92,85.78,85.84,5073.179
1773087900000,85.83,85.94,85.74,85.85,7582.18
1773088200000,85.85,85.86,85.38,85.51,10576.722
1773088500000,85.51,85.56,85.33,85.49,6473.433
1773088800000,85.48,85.58,85.41,85.47,4373.432
1773089100000,85.46,85.5,85.28,85.41,4873.965
1773089400000,85.4,85.65,85.29,85.64,5037.75
1773089700000,85.65,85.91,85.56,85.81,10492.302
1773090000000,85.8,86.36,85.76,86.3,20622.581
1773090300000,86.29,86.34,86.13,86.33,15299.055
1773090600000,86.33,86.33,86.16,86.28,3828.919
1773090900000,86.27,86.28,86.06,86.1,6855.507
1773091200000,86.1,86.11,85.93,86.04,11704.305
1773091500000,86.04,86.18,85.97,86.03,4963.191
1773091800000,86.03,86.07,85.94,86.0,4419.475
1773092100000,86.0,86.0,85.76,85.95,5556.958
1773092400000,85.95,86.04,85.69,86.01,10664.141
1773092700000,86.01,86.03,85.93,85.96,4127.485
1773093000000,85.95,86.03,85.92,85.94,2515.767
1773093300000,85.94,86.2,85.93,86.0,7348.238
1773093600000,86.01,86.13,85.85,85.91,7910.288
1773093900000,85.91,86.1,85.89,85.92,7514.989
1773094200000,85.92,86.18,85.92,86.18,6481.107
1773094500000,86.18,86.24,86.11,86.19,8426.359
1773094800000,86.19,86.3,86.05,86.07,8600.888
1773095100000,86.06,86.26,86.06,86.24,4161.836
1773095400000,86.24,86.3,86.15,86.19,6350.119
1773095700000,86.19,86.19,85.64,85.74,24280.737
1773096000000,85.74,85.89,85.7,85.87,14704.211
1773096300000,85.86,85.92,85.72,85.9,19256.517
1773096600000,85.9,85.92,85.59,85.69,32717.523
1773096900000,85.7,85.75,85.61,85.74,27103.732
1773097200000,85.73,85.75,85.6,85.65,14858.026
1773097500000,85.65,86.02,85.52,85.9,32025.58
1773097800000,85.91,85.92,85.61,85.72,10373.65
1773098100000,85.71,85.72,85.4,85.45,6219.964
1773098400000,85.46,85.48,85.32,85.39,8923.58
1773098700000,85.4,85.45,85.27,85.28,5519.76
1773099000000,85.28,85.36,85.22,85.29,4468.34
1773099300000,85.29,85.32,85.16,85.2,6460.582
1773099600000,85.2,85.31,85.12,85.21,8010.311
1773099900000,85.2,85.2,84.86,84.92,79377.04
1773100200000,84.92,84.99,84.84,84.98,6948.226
1773100500000,84.98,85.02,84.86,84.96,9823.52
1773100800000,84.95,85.13,84.83,84.95,12830.687
1773101100000,84.94,85.03,84.92,84.97,5198.034
1773101400000,84.96,84.97,84.86,84.88,6581.861
1773101700000,84.88,85.28,84.87,85.28,17287.044
1773102000000,85.28,85.4,85.16,85.32,10068.739
1773102300000,85.32,85.65,85.28,85.62,9210.996
1773102600000,85.61,85.73,85.47,85.71,12801.802
1773102900000,85.72,85.9,85.69,85.77,9926.52
1773103200000,85.77,85.84,85.62,85.79,3084.129
1773103500000,85.8,85.96,85.74,85.83,5284.014
1773103800000,85.82,85.84,85.51,85.52,18794.846
1773104100000,85.52,85.61,85.49,85.57,5377.562
1773104400000,85.56,85.71,85.44,85.44,6404.124
1773104700000,85.44,85.68,85.38,85.67,3936.509
1773105000000,85.67,85.76,85.64,85.66,5986.319
1773105300000,85.66,85.72,85.37,85.39,6244.85
1773105600000,85.39,85.45,85.26,85.43,8384.853
1773105900000,85.42,85.53,85.28,85.32,3450.356
1773106200000,85.32,85.52,85.26,85.34,4493.532
1773106500000,85.33,85.45,85.11,85.12,9085.145
1773106800000,85.13,85.27,85.12,85.25,4100.124
1773107100000,85.25,85.39,85.2,85.37,5360.548
1773107400000,85.37,85.78,85.37,85.71,7822.613
1773107700000,85.72,85.97,85.71,85.74,11620.26
1773108000000,85.73,85.83,85.53,85.56,9270.391
1773108300000,85.57,85.6,85.46,85.59,3374.444
1773108600000,85.58,85.68,85.58,85.66,4718.448
1773108900000,85.66,85.74,85.57,85.73,4427.308
1773109200000,85.73,85.87,85.57,85.61,4395.705
1773109500000,85.62,85.74,85.59,85.71,5196.255
1773109800000,85.72,86.43,85.69,86.41,41280.015
1773110100000,86.42,86.75,86.26,86.37,39428.335
1773110400000,86.37,86.89,86.37,86.66,23875.041
1773110700000,86.66,86.91,86.59,86.88,18292.217
1773111000000,86.87,86.87,86.5,86.59,13532.093
1773111300000,86.6,86.65,86.44,86.62,7264.698
1773111600000,86.62,86.75,86.36,86.39,15917.949
1773111900000,86.39,86.6,86.35,86.51,6974.037
1773112200000,86.52,86.69,86.51,86.64,16415.398
1773112500000,86.64,86.67,86.5,86.58,9830.451
1773112800000,86.59,86.7,86.51,86.59,7318.646
1773113100000,86.58,86.59,86.47,86.51,8646.815
1773113400000,86.5,86.54,86.43,86.48,7392.338
1773113700000,86.48,86.48,86.26,86.37,7927.724
1773114000000,86.36,86.38,86.06,86.08,19035.683
1773114300000,86.08,86.08,85.59,85.67,37417.939
1773114600000,85.66,85.8,85.5,85.68,24216.141
1773114900000,85.68,85.71,85.5,85.55,7665.118
1773115200000,85.56,85.79,85.54,85.72,6600.649
1773115500000,85.72,85.79,85.6,85.65,6149.112
1773115800000,85.66,85.83,85.48,85.57,27446.125
1773116100000,85.57,85.6,85.41,85.58,15250.794
1773116400000,85.57,85.85,85.56,85.78,4351.995
1773116700000,85.77,85.9,85.73,85.82,3177.512
1773117000000,85.82,86.0,85.8,85.96,3879.919
1773117300000,85.95,86.31,85.95,86.23,7193.069
1773117600000,86.23,86.35,86.16,86.2,9656.541
1773117900000,86.2,86.28,86.14,86.26,4998.702
1773118200000,86.25,86.31,86.13,86.31,4525.089
1773118500000,86.31,86.65,86.3,86.54,12630.758
1773118800000,86.54,86.74,86.45,86.69,14224.701
1773119100000,86.69,86.79,86.62,86.64,8902.488
1773119400000,86.65,86.91,86.64,86.68,15077.565
1773119700000,86.68,86.99,86.66,86.76,13402.29
1773120000000,86.76,86.77,86.58,86.63,7483.097
1773120300000,86.63,86.75,86.6,86.69,12102.793
1773120600000,86.68,86.8,86.6,86.72,12193.576
1773120900000,86.72,86.73,86.4,86.45,7841.96
1773121200000,86.45,86.54,86.37,86.42,3537.459
1773121500000,86.42,86.45,86.34,86.35,14218.051
1773121800000,86.34,86.44,86.34,86.42,3334.146
1773122100000,86.42,86.47,86.34,86.4,5098.483
1773122400000,86.41,86.43,86.25,86.27,5462.336
1773122700000,86.26,86.33,86.23,86.33,5204.057
1773123000000,86.32,86.33,86.19,86.26,4809.158
1773123300000,86.25,86.26,86.03,86.09,5350.166
1773123600000,86.09,86.16,85.99,86.14,4819.029
1773123900000,86.15,86.67,86.15,86.65,17006.271
1773124200000,86.64,86.69,86.47,86.55,7699.98
1773124500000,86.54,86.54,86.37,86.52,5457.099
1773124800000,86.52,86.52,86.34,86.38,2492.736
1773125100000,86.38,86.41,86.25,86.34,4437.363
1773125400000,86.34,86.4,86.3,86.31,7349.029
1773125700000,86.32,86.42,86.26,86.35,4910.926
1773126000000,86.36,86.36,86.2,86.24,9450.301
1773126300000,86.24,86.68,86.23,86.38,25481.431
1773126600000,86.38,86.69,86.36,86.47,16393.501
1773126900000,86.46,86.69,86.43,86.63,6182.633
1773127200000,86.63,86.9,86.51,86.73,17424.78
1773127500000,86.72,86.72,86.55,86.67,8900.87
1773127800000,86.66,86.85,86.57,86.8,18832.238
1773128100000,86.79,86.89,86.76,86.77,15549.091
1773128400000,86.76,86.8,86.65,86.66,12103.308
1773128700000,86.66,86.71,86.57,86.7,13766.002
1773129000000,86.7,86.74,86.55,86.58,15044.673
1773129300000,86.57,86.7,86.49,86.7,13845.681
1773129600000,86.71,86.95,86.71,86.89,15335.602
1773129900000,86.88,87.39,86.65,87.37,36934.098
1773130200000,87.37,87.43,87.03,87.08,26967.06
1773130500000,87.07,87.17,86.79,87.06,28868.216
1773130800000,87.05,87.2,87.0,87.07,13022.557
1773131100000,87.06,87.07,86.99,87.04,4915.496
1773131400000,87.04,87.3,87.04,87.13,8785.943
1773131700000,87.13,87.19,86.71,86.88,19841.679
1773132000000,86.87,87.26,86.86,87.15,12786.748
1773132300000,87.15,87.16,86.92,86.95,7340.583
1773132600000,86.96,86.97,86.58,86.73,12629.113
1773132900000,86.73,86.77,86.64,86.71,6177.003
1773133200000,86.71,86.77,86.64,86.7,4816.742
1773133500000,86.7,86.86,86.66,86.78,3672.978
1773133800000,86.78,86.97,86.76,86.88,5331.011
1773134100000,86.88,86.95,86.74,86.88,5737.629
1773134400000,86.88,87.46,86.79,87.4,41935.623
1773134700000,87.41,87.48,87.16,87.27,16929.127
1773135000000,87.27,87.29,87.15,87.22,9998.55
1773135300000,87.22,87.44,87.18,87.31,16326.957
1773135600000,87.31,87.4,87.2,87.3,21761.182
1773135900000,87.29,87.29,87.09,87.2,5241.528
1773136200000,87.2,87.31,87.19,87.25,4714.953
1773136500000,87.26,87.29,87.21,87.24,5070.086
1773136800000,87.23,87.42,87.15,87.35,19736.85
1773137100000,87.36,87.67,87.29,87.3,23445.367
1773137400000,87.29,87.33,87.14,87.21,6526.99
1773137700000,87.2,87.21,87.0,87.04,8091.554
1773138000000,87.04,87.15,87.03,87.1,5489.9
1773138300000,87.09,87.14,87.07,87.09,5755.938
1773138600000,87.09,87.27,87.08,87.15,11123.402
1773138900000,87.14,87.15,86.8,86.84,8835.177
1773139200000,86.83,87.0,86.82,86.95,4710.335
1773139500000,86.94,86.97,86.87,86.94,4946.187
1773139800000,86.94,87.23,86.94,87.13,6507.54
1773140100000,87.12,87.17,87.08,87.09,3637.753
1773140400000,87.1,87.2,86.86,87.11,10503.883
1773140700000,87.11,87.16,86.85,86.88,8723.77
1773141000000,86.88,86.91,86.69,86.71,8482.991
1773141300000,86.72,86.79,86.62,86.77,5998.161
1773141600000,86.77,86.99,86.75,86.97,10340.575
1773141900000,86.98,87.0,86.78,86.87,6504.005
1773142200000,86.87,86.89,86.74,86.82,7630.547
1773142500000,86.81,86.83,86.74,86.77,4071.56
1773142800000,86.76,86.78,86.62,86.72,6517.826
1773143100000,86.71,86.92,86.65,86.86,12908.911
1773143400000,86.86,86.96,86.84,86.85,2577.524
1773143700000,86.85,86.9,86.77,86.79,4633.599
1773144000000,86.8,86.86,86.58,86.58,9163.967
1773144300000,86.59,86.59,86.37,86.44,13947.277
1773144600000,86.43,86.58,86.42,86.47,14452.977
1773144900000,86.48,86.54,86.41,86.52,9866.02
1773145200000,86.51,86.64,86.48,86.54,6898.607
1773145500000,86.55,86.6,86.41,86.45,4345.782
1773145800000,86.45,86.47,86.29,86.42,6084.988
1773146100000,86.42,86.63,86.42,86.53,6315.373
1773146400000,86.53,86.59,86.44,86.57,3146.58
1773146700000,86.57,86.71,86.56,86.7,5560.145
1773147000000,86.69,86.74,86.66,86.7,2813.152
1773147300000,86.7,86.72,86.56,86.7,3107.926
1773147600000,86.7,86.87,86.7,86.8,4368.816
1773147900000,86.8,87.09,86.79,87.05,12560.643
1773148200000,87.05,87.09,86.91,87.03,3554.441
1773148500000,87.04,87.14,86.98,87.01,7667.062
1773148800000,87.0,87.3,86.97,87.25,7336.092
1773149100000,87.25,87.26,87.1,87.19,5922.085
1773149400000,87.19,87.28,86.52,86.53,29107.746
1773149700000,86.54,86.57,85.75,85.92,44443.426
1773150000000,85.92,86.23,85.82,86.12,30932.333
1773150300000,86.11,86.49,85.95,86.46,18372.276
1773150600000,86.46,86.61,86.33,86.45,8532.235
1773150900000,86.46,86.47,85.92,86.08,16697.601
1773151200000,86.09,86.15,85.58,86.05,38432.262
1773151500000,86.05,86.26,85.28,85.47,33237.445
1773151800000,85.46,85.54,85.2,85.2,23246.654
1773152100000,85.2,85.53,84.91,85.37,49880.909
1773152400000,85.38,85.64,85.36,85.57,34647.234
1773152700000,85.56,85.98,85.51,85.78,31815.24
1773153000000,85.77,86.19,85.76,86.09,40217.844
1773153300000,86.09,86.38,85.92,86.37,10649.469
1773153600000,86.38,86.77,86.38,86.7,29851.705
1773153900000,86.71,87.03,86.64,86.93,23229.444
1773154200000,86.93,87.77,86.92,87.68,49787.934
1773154500000,87.68,88.23,87.68,88.1,67047.316
1773154800000,88.1,88.59,88.0,88.59,57700.232
1773155100000,88.59,88.61,87.71,87.81,31875.745
1773155400000,87.8,87.99,87.42,87.59,23293.619
1773155700000,87.59,87.79,87.26,87.69,21875.349
1773156000000,87.69,87.95,87.46,87.74,12391.786
1773156300000,87.74,88.01,87.64,87.78,11645.568
1773156600000,87.77,88.24,87.63,87.73,23434.277
1773156900000,87.73,88.05,87.68,87.74,14762.38
1773157200000,87.74,87.99,87.58,87.77,22824.676
1773157500000,87.77,87.9,87.59,87.82,14576.925
1773157800000,87.82,87.99,87.65,87.7,28935.139
1773158100000,87.69,88.35,87.67,88.33,16463.111
1773158400000,88.34,88.47,87.92,87.97,19954.449
1773158700000,87.97,87.99,87.65,87.94,12986.147
1773159000000,87.94,88.13,87.75,87.84,8334.024
1773159300000,87.84,88.41,87.81,88.38,15131.711
1773159600000,88.37,88.53,88.22,88.35,29490.764
1773159900000,88.36,88.67,88.27,88.48,41980.568
1773160200000,88.49,88.61,88.3,88.36,17175.164
1773160500000,88.36,88.57,88.31,88.46,19757.68
1773160800000,88.45,88.66,88.3,88.6,10650.18
1773161100000,88.61,88.66,88.26,88.35,11104.227
1773161400000,88.34,88.7,88.29,88.62,7045.172
1773161700000,88.63,88.65,88.34,88.39,8118.622
1773162000000,88.39,88.48,88.31,88.37,10465.778
1773162300000,88.37,88.8,88.36,88.57,13498.653
1773162600000,88.56,88.64,88.34,88.4,12113.928
1773162900000,88.41,88.62,88.36,88.48,8726.716
1773163200000,88.48,88.67,88.41,88.55,7070.894
1773163500000,88.55,88.57,88.13,88.25,9866.999
1773163800000,88.25,88.59,88.2,88.33,11036.293
1773164100000,88.34,88.35,87.63,87.86,25736.958
1773164400000,87.86,87.97,87.7,87.87,9169.234
1773164700000,87.88,88.17,87.66,87.95,12704.061
1773165000000,87.96,88.2,87.92,88.18,10647.282
1773165300000,88.19,88.19,87.91,87.94,5122.326
1773165600000,87.94,87.97,87.77,87.92,6149.77
1773165900000,87.93,88.0,87.58,87.68,8615.746
1773166200000,87.69,87.73,87.04,87.06,15358.924
1773166500000,87.06,87.34,86.61,86.65,46109.396
1773166800000,86.65,86.9,86.46,86.73,39954.847
1773167100000,86.74,86.97,86.65,86.65,13768.393
1773167400000,86.65,86.85,86.51,86.72,13345.074
1773167700000,86.73,87.02,86.48,86.55,25574.11
1773168000000,86.55,86.6,86.2,86.25,23593.178
1773168300000,86.24,86.46,86.1,86.44,16308.691
1773168600000,86.44,86.57,86.18,86.4,7502.764
1773168900000,86.41,86.41,86.1,86.25,10472.56
1773169200000,86.25,86.38,86.14,86.18,12789.066
1773169500000,86.17,86.42,85.96,86.23,10773.0
1773169800000,86.24,86.28,85.86,86.08,10372.545
1773170100000,86.07,86.46,86.07,86.44,9206.111
1773170400000,86.44,86.44,85.89,86.14,20736.657
1773170700000,86.14,86.18,85.84,85.91,10062.551
1773171000000,85.91,85.98,85.73,85.76,12106.955
1773171300000,85.76,85.93,85.66,85.93,12102.146
1773171600000,85.93,86.26,85.88,86.12,17532.384
1773171900000,86.12,86.17,85.98,86.09,6179.639
1773172200000,86.08,86.09,85.92,85.98,7815.845
1773172500000,85.97,86.09,85.88,86.02,8449.016
1773172800000,86.01,86.2,85.95,86.2,7718.215
1773173100000,86.21,86.34,86.0,86.04,7513.398
1773173400000,86.03,86.09,85.94,86.07,6124.077
1773173700000,86.07,86.19,85.99,86.19,3579.394
1773174000000,86.19,86.38,86.19,86.3,7327.532
1773174300000,86.3,86.39,86.23,86.35,3433.933
1773174600000,86.36,86.4,86.07,86.2,19495.525
1773174900000,86.19,86.25,86.03,86.24,9911.559
1773175200000,86.24,86.3,86.07,86.18,4398.636
1773175500000,86.18,86.26,86.11,86.19,3888.537
1773175800000,86.2,86.25,86.15,86.19,4568.632
1773176100000,86.18,86.24,86.18,86.24,1625.685
1773176400000,86.24,86.28,86.16,86.23,3379.407
1773176700000,86.23,86.44,86.22,86.25,9086.126
1773177000000,86.24,86.25,85.94,85.98,3618.73
1773177300000,85.98,86.09,85.91,86.07,12733.173
1773177600000,86.06,86.07,85.96,86.01,5157.232
1773177900000,86.0,86.04,85.91,85.94,3267.143
1773178200000,85.94,86.06,85.79,85.93,5249.096
1773178500000,85.94,85.98,85.38,85.48,35128.309
1773178800000,85.49,85.72,85.43,85.59,18088.242
1773179100000,85.58,85.58,85.25,85.5,9602.321
1773179400000,85.49,85.74,85.43,85.73,12502.005
1773179700000,85.74,85.8,85.65,85.71,7458.267
1773180000000,85.7,85.84,85.58,85.58,10739.139
1773180300000,85.58,85.59,85.31,85.37,12092.833
1773180600000,85.38,85.39,85.14,85.3,36146.686
1773180900000,85.3,85.3,85.09,85.1,17569.194
1773181200000,85.1,85.62,85.01,85.58,27969.101
1773181500000,85.58,85.79,85.51,85.54,8591.973
1773181800000,85.53,85.55,85.33,85.41,5162.52
1773182100000,85.41,85.44,85.28,85.44,5213.978
1773182400000,85.45,85.57,85.43,85.49,4404.074
1773182700000,85.5,85.62,85.45,85.57,2913.0
1773183000000,85.56,85.61,85.47,85.5,3976.146
1773183300000,85.51,85.54,85.47,85.53,3773.655
1773183600000,85.52,85.74,85.52,85.66,4365.9
1773183900000,85.65,85.73,85.57,85.73,3470.248
1773184200000,85.72,85.74,85.59,85.7,3390.158
1773184500000,85.69,85.8,85.67,85.71,3918.752
1773184800000,85.71,85.79,85.6,85.78,2716.195
1773185100000,85.78,85.79,85.43,85.5,14092.814
1773185400000,85.5,85.61,85.35,85.52,15587.272
1773185700000,85.53,85.7,85.53,85.68,3420.887
1773186000000,85.69,85.71,85.63,85.7,4169.712
1773186300000,85.7,85.74,85.56,85.69,6765.159
1773186600000,85.69,85.89,85.68,85.8,4664.128
1773186900000,85.8,85.89,85.79,85.88,2900.427
1773187200000,85.88,85.88,85.59,85.61,8285.035
1773187500000,85.61,86.06,85.61,85.99,8550.613
1773187800000,85.99,86.17,85.85,86.08,10751.426
1773188100000,86.08,86.11,85.65,85.83,21286.959
1773188400000,85.83,85.99,85.64,85.95,15757.205
1773188700000,85.95,86.04,85.89,85.97,5169.069
1773189000000,85.97,85.97,85.63,85.65,6587.297
1773189300000,85.66,85.88,85.62,85.76,4317.759
1773189600000,85.77,85.77,85.62,85.66,2564.3
1773189900000,85.66,85.91,85.66,85.89,3480.189
1773190200000,85.89,86.23,85.89,86.18,7884.72
1773190500000,86.18,86.24,86.0,86.01,7623.65
1773190800000,86.02,86.2,86.0,86.17,8784.327
1773191100000,86.17,86.28,86.1,86.16,4281.213
1773191400000,86.15,86.24,86.06,86.11,8144.567
1773191700000,86.1,86.2,86.0,86.09,5686.825
1773192000000,86.08,86.08,85.86,85.93,5726.456
1773192300000,85.93,86.06,85.89,86.06,4532.855
1773192600000,86.05,86.09,85.98,86.03,4472.441
1773192900000,86.02,86.02,85.66,85.84,6597.146
1773193200000,85.83,85.91,85.78,85.88,2343.968
1773193500000,85.88,85.97,85.83,85.95,2208.266
1773193800000,85.95,86.18,85.95,86.11,4522.633
1773194100000,86.11,86.17,86.07,86.09,2292.194
1773194400000,86.09,86.2,86.06,86.07,4863.483
1773194700000,86.08,86.21,86.08,86.14,3050.211
1773195000000,86.15,86.17,85.99,86.0,4925.545
1773195300000,85.99,86.09,85.97,86.03,4258.473
1773195600000,86.03,86.07,85.94,86.02,4205.474
1773195900000,86.02,86.06,85.95,86.04,3192.151
1773196200000,86.03,86.03,85.77,85.85,4389.115
1773196500000,85.85,85.92,85.48,85.64,9877.333
1773196800000,85.65,85.75,85.58,85.68,9456.013
1773197100000,85.67,85.67,85.53,85.64,5373.19
1773197400000,85.64,85.84,85.52,85.8,18739.034
1773197700000,85.79,85.94,85.78,85.92,3197.376
1773198000000,85.92,86.18,85.77,85.83,9466.438
1773198300000,85.83,85.87,85.76,85.85,2466.224
1773198600000,85.85,85.86,85.72,85.79,4384.669
1773198900000,85.78,85.8,85.63,85.63,2933.659
1773199200000,85.63,85.7,85.53,85.59,6583.774
1773199500000,85.59,85.63,85.54,85.55,3726.385
1773199800000,85.55,85.72,85.54,85.68,2882.347
1773200100000,85.67,85.76,85.66,85.74,1140.519
1773200400000,85.75,85.75,85.65,85.67,2366.24
1773200700000,85.66,85.69,85.56,85.64,7567.293
1773201000000,85.65,85.69,85.61,85.61,2639.378
1773201300000,85.6,85.67,85.56,85.63,2722.554
1773201600000,85.63,85.67,85.53,85.55,2974.821
1773201900000,85.55,85.62,85.49,85.52,3037.843
1773202200000,85.51,85.7,85.51,85.7,2441.704
1773202500000,85.7,85.81,85.67,85.81,2503.957
1773202800000,85.8,85.97,85.79,85.97,6483.401
1773203100000,85.97,86.3,85.94,86.12,11093.678
1773203400000,86.13,86.56,86.09,86.55,33487.577
1773203700000,86.54,86.64,86.34,86.38,14006.867
1773204000000,86.37,86.48,86.27,86.39,6023.256
1773204300000,86.4,86.54,86.39,86.53,4488.67
1773204600000,86.53,86.69,86.45,86.61,6832.669
1773204900000,86.6,86.84,86.45,86.72,13744.71
1773205200000,86.71,86.88,86.63,86.67,12233.838
1773205500000,86.67,86.68,86.45,86.48,6276.103
1773205800000,86.49,86.52,86.41,86.44,6231.549
1773206100000,86.43,86.44,86.3,86.32,4605.785
1773206400000,86.33,86.34,86.2,86.26,22229.345
1773206700000,86.26,86.32,86.25,86.26,2195.219
1773207000000,86.26,86.26,86.14,86.19,5641.201
1773207300000,86.19,86.2,85.92,85.93,8266.384
1773207600000,85.92,85.95,85.6,85.87,35419.203
1773207900000,85.87,86.02,85.78,85.81,15188.893
1773208200000,85.81,85.85,85.75,85.79,8742.945
1773208500000,85.79,85.84,85.69,85.72,5731.154
1773208800000,85.72,85.89,85.66,85.86,11902.281
1773209100000,85.86,85.88,85.71,85.72,11017.149
1773209400000,85.72,85.91,85.71,85.87,3406.658
1773209700000,85.87,85.97,85.8,85.89,9058.923
1773210000000,85.89,85.95,85.85,85.95,2462.259
1773210300000,85.95,86.03,85.9,85.98,5114.219
1773210600000,85.99,86.17,85.98,86.14,3157.52
1773210900000,86.13,86.17,86.09,86.14,3960.757
1773211200000,86.14,86.16,85.93,85.94,4792.353
1773211500000,85.93,85.93,85.78,85.84,2290.513
1773211800000,85.83,86.16,85.83,86.04,4298.426
1773212100000,86.04,86.09,86.01,86.02,2017.651
1773212400000,86.03,86.15,86.0,86.07,4670.155
1773212700000,86.07,86.11,85.98,86.04,3840.521
1773213000000,86.05,86.07,86.01,86.03,1605.902
1773213300000,86.02,86.05,85.87,85.95,1858.672
1773213600000,85.96,86.0,85.84,85.94,1505.244
1773213900000,85.94,86.0,85.82,85.86,5855.872
1773214200000,85.86,85.86,85.58,85.59,8576.468
1773214500000,85.59,85.64,85.17,85.26,22106.158
1773214800000,85.27,85.39,85.14,85.33,9003.81
1773215100000,85.33,85.45,85.32,85.41,5733.957
1773215400000,85.41,85.55,85.41,85.43,4888.978
1773215700000,85.44,85.56,85.43,85.45,3045.28
1773216000000,85.44,85.56,85.39,85.52,12290.511
1773216300000,85.53,85.61,85.36,85.41,6251.299
1773216600000,85.4,85.46,85.27,85.38,8076.343
1773216900000,85.38,85.42,85.26,85.34,9495.629
1773217200000,85.34,85.36,85.17,85.21,5205.36
1773217500000,85.21,85.26,85.09,85.11,4804.7
1773217800000,85.12,85.48,85.1,85.41,9666.637
1773218100000,85.42,85.61,85.28,85.48,20560.919
1773218400000,85.48,85.57,85.46,85.46,3584.308
1773218700000,85.46,85.47,85.26,85.28,2450.45
1773219000000,85.28,85.38,85.17,85.3,5191.197
1773219300000,85.3,85.54,85.3,85.5,5818.968
1773219600000,85.49,85.49,85.32,85.36,3539.325
1773219900000,85.36,85.47,85.29,85.45,3016.363
1773220200000,85.45,85.46,85.25,85.28,3271.073
1773220500000,85.27,85.42,85.27,85.32,4629.003
1773220800000,85.32,85.46,85.31,85.36,2678.417
1773221100000,85.36,85.41,85.24,85.26,1951.047
1773221400000,85.25,85.35,85.23,85.32,2743.216
1773221700000,85.32,85.33,85.01,85.25,15981.532
1773222000000,85.25,85.42,85.24,85.33,2557.491
1773222300000,85.32,85.6,85.32,85.42,4628.613
1773222600000,85.41,85.43,85.1,85.15,12103.494
1773222900000,85.16,85.2,84.72,84.88,31756.937
1773223200000,84.88,85.04,84.84,85.0,8223.015
1773223500000,85.0,85.08,84.86,85.03,5415.127
1773223800000,85.04,85.08,84.96,85.07,6500.415
1773224100000,85.08,85.22,85.05,85.14,3614.596
1773224400000,85.13,85.15,84.99,85.03,6146.916
1773224700000,85.03,85.14,84.97,85.14,6228.24
1773225000000,85.15,85.29,85.11,85.19,3850.855
1773225300000,85.19,85.27,85.17,85.18,7500.921
1773225600000,85.19,85.53,85.19,85.49,7991.404
1773225900000,85.49,85.52,85.38,85.41,4909.698
1773226200000,85.4,85.41,85.33,85.39,5132.071
1773226500000,85.39,85.4,85.25,85.25,6335.271
1773226800000,85.25,85.32,84.94,85.02,21975.309
1773227100000,85.01,85.27,84.96,85.2,5884.683
1773227400000,85.2,85.25,85.09,85.23,3773.972
1773227700000,85.24,85.31,85.18,85.2,4428.745
1773228000000,85.21,85.22,85.03,85.09,3090.328
1773228300000,85.09,85.12,84.87,84.97,4824.854
1773228600000,84.96,85.13,84.96,85.07,3835.13
1773228900000,85.07,85.12,84.78,84.82,11558.887
1773229200000,84.82,84.84,84.46,84.6,21110.671
1773229500000,84.6,84.66,84.49,84.57,18880.606
1773229800000,84.58,84.74,84.46,84.5,36026.078
1773230100000,84.5,84.63,84.39,84.55,14019.272
1773230400000,84.54,84.69,84.46,84.5,13174.408
1773230700000,84.5,84.54,84.36,84.45,9890.623
1773231000000,84.46,84.84,84.43,84.75,17548.747
1773231300000,84.74,84.81,84.74,84.79,5850.519
1773231600000,84.79,85.09,84.75,85.09,17321.561
1773231900000,85.08,85.2,85.05,85.15,4062.909
1773232200000,85.16,85.72,84.96,85.02,53381.356
1773232500000,85.02,85.19,84.95,85.16,9192.648
1773232800000,85.15,85.25,84.84,85.04,8245.991
1773233100000,85.04,85.19,84.93,85.18,4652.653
1773233400000,85.17,85.23,85.02,85.22,6401.438
1773233700000,85.23,85.3,85.17,85.2,3576.208
1773234000000,85.2,85.24,85.12,85.24,5936.765
1773234300000,85.23,85.5,85.23,85.43,7742.279
1773234600000,85.43,86.19,85.43,86.05,31817.048
1773234900000,86.05,86.32,85.9,86.17,32272.507
1773235200000,86.17,86.5,86.17,86.24,33232.441
1773235500000,86.24,86.29,86.14,86.24,14784.225
1773235800000,86.24,86.97,86.24,86.89,50844.876
1773236100000,86.88,87.38,86.76,87.31,48321.923
1773236400000,87.3,87.4,86.28,86.28,64680.695
1773236700000,86.28,86.53,85.83,86.16,47930.476
1773237000000,86.15,86.15,85.57,85.7,33981.893
1773237300000,85.7,86.03,85.4,85.98,28785.676
1773237600000,85.97,86.66,85.94,86.2,63299.754
1773237900000,86.21,86.39,86.02,86.11,24124.146
1773238200000,86.11,86.15,85.75,86.09,41707.24
1773238500000,86.08,86.55,85.99,86.5,17559.159
1773238800000,86.51,86.61,86.3,86.3,14148.74
1773239100000,86.3,86.7,86.03,86.64,11668.257
1773239400000,86.63,86.74,86.3,86.44,10827.21
1773239700000,86.43,87.06,86.43,86.87,24079.492
1773240000000,86.88,86.98,86.6,86.93,15425.018
1773240300000,86.94,87.2,86.62,86.78,15710.467
1773240600000,86.78,86.83,86.53,86.71,8112.187
1773240900000,86.71,86.71,86.39,86.53,15720.813
1773241200000,86.54,86.65,86.05,86.32,19892.077
1773241500000,86.32,86.35,85.93,86.01,15888.758
1773241800000,86.02,86.15,85.61,85.76,15207.815
1773242100000,85.76,85.91,85.62,85.88,7918.89
1773242400000,85.88,86.01,85.72,85.98,9344.194
1773242700000,85.97,86.03,85.61,85.61,6025.536
1773243000000,85.61,85.66,84.57,85.14,42051.007
1773243300000,85.13,85.27,85.02,85.16,10316.538
1773243600000,85.17,85.3,84.97,84.98,9718.126
1773243900000,84.97,85.11,84.78,84.95,16769.218
1773244200000,84.95,85.47,84.95,85.41,19542.468
1773244500000,85.4,85.51,85.37,85.4,8463.077
1773244800000,85.41,85.67,85.3,85.45,15962.769
1773245100000,85.45,85.71,85.44,85.59,10270.15
1773245400000,85.59,85.93,85.59,85.85,18514.178
1773245700000,85.84,86.0,85.71,85.81,6307.184
1773246000000,85.8,86.13,85.66,85.84,8669.017
1773246300000,85.84,85.98,85.8,85.91,4595.682
1773246600000,85.91,86.32,85.88,86.29,17958.284
1773246900000,86.29,86.49,86.21,86.34,7423.401
1773247200000,86.33,86.5,86.21,86.45,9159.447
1773247500000,86.45,86.59,86.23,86.4,8492.026
1773247800000,86.41,86.54,86.38,86.45,6311.932
1773248100000,86.45,86.46,86.29,86.44,9606.898
1773248400000,86.45,86.99,86.44,86.91,27490.244
1773248700000,86.91,86.91,86.72,86.79,10259.241
1773249000000,86.79,86.81,86.59,86.63,10344.721
1773249300000,86.62,86.99,86.62,86.95,15769.438
1773249600000,86.95,87.3,86.91,87.24,50577.379
1773249900000,87.24,87.82,87.24,87.66,38907.353
1773250200000,87.67,87.84,87.3,87.31,19823.143
1773250500000,87.31,87.5,86.74,87.1,37450.456
1773250800000,87.1,87.62,87.07,87.26,21142.034
1773251100000,87.26,87.36,87.1,87.29,18812.234
1773251400000,87.29,87.55,87.18,87.18,11036.986
1773251700000,87.17,87.32,86.82,87.27,24952.019
1773252000000,87.26,87.65,87.24,87.62,21634.541
1773252300000,87.63,87.77,87.4,87.49,18266.698
1773252600000,87.48,87.87,87.38,87.82,34564.4
1773252900000,87.82,88.0,87.54,87.57,24580.124
1773253200000,87.57,88.0,87.57,87.67,22700.454
1773253500000,87.67,87.82,87.48,87.61,13549.218
1773253800000,87.61,87.64,87.39,87.59,18881.928
1773254100000,87.6,87.72,87.34,87.36,23119.33
1773254400000,87.36,87.46,87.15,87.33,13152.81
1773254700000,87.32,87.66,87.21,87.65,17129.78
1773255000000,87.65,88.09,87.61,87.86,36040.651
1773255300000,87.86,87.96,87.73,87.81,14668.184
1773255600000,87.82,87.86,87.48,87.63,22439.724
1773255900000,87.63,87.63,87.31,87.33,12986.457
1773256200000,87.33,87.46,87.22,87.32,17918.935
1773256500000,87.33,87.39,87.19,87.31,13121.804
1773256800000,87.32,87.4,87.26,87.37,11463.661
1773257100000,87.36,87.38,87.15,87.22,6179.981
1773257400000,87.22,87.65,87.12,87.6,17087.033
1773257700000,87.6,87.7,87.38,87.39,13387.167
1773258000000,87.39,87.39,87.21,87.3,7172.418
1773258300000,87.29,87.32,87.17,87.19,7516.51
1773258600000,87.19,87.34,87.14,87.27,15311.075
1773258900000,87.27,87.3,87.02,87.29,20349.266
1773259200000,87.28,87.29,87.02,87.04,7520.012
1773259500000,87.05,87.19,87.02,87.14,3201.572
1773259800000,87.14,87.16,87.08,87.12,7672.179
1773260100000,87.12,87.27,87.09,87.25,6703.782
1773260400000,87.24,87.24,87.12,87.15,3091.233
1773260700000,87.16,87.16,87.01,87.08,4810.582
1773261000000,87.08,87.2,87.04,87.13,3116.889
1773261300000,87.13,87.22,87.11,87.13,5108.018
1773261600000,87.14,87.34,87.11,87.31,5152.553
1773261900000,87.31,87.43,87.22,87.35,5677.563
1773262200000,87.35,87.39,87.15,87.29,8317.426
1773262500000,87.29,87.43,87.17,87.29,6035.906
1773262800000,87.28,87.55,87.27,87.52,11976.534
1773263100000,87.53,87.53,87.43,87.52,5576.146
1773263400000,87.52,87.52,87.2,87.21,3346.012
1773263700000,87.21,87.3,87.14,87.17,5261.506
1773264000000,87.17,87.33,87.14,87.33,5656.678
1773264300000,87.33,87.35,87.17,87.19,4201.547
1773264600000,87.19,87.45,87.19,87.36,4755.196
1773264900000,87.36,87.45,87.34,87.37,7107.072
1773265200000,87.37,87.5,87.36,87.38,7629.955
1773265500000,87.39,87.45,87.38,87.41,2327.473
1773265800000,87.42,87.6,87.42,87.55,6328.271
1773266100000,87.55,87.61,87.47,87.52,4958.723
1773266400000,87.53,87.61,87.44,87.45,4919.542
1773266700000,87.45,87.56,87.44,87.48,3080.135
1773267000000,87.47,87.94,87.39,87.76,16136.522
1773267300000,87.75,87.77,87.54,87.56,5208.494
1773267600000,87.56,87.56,87.26,87.28,6821.169
1773267900000,87.29,87.37,87.15,87.15,6383.431
1773268200000,87.16,87.21,87.03,87.06,8522.048
1773268500000,87.06,87.08,86.94,87.0,8652.433
1773268800000,86.99,87.1,86.92,87.03,4723.842
1773269100000,87.04,87.24,87.01,87.12,3434.088
1773269400000,87.12,87.18,86.95,86.99,6175.838
1773269700000,86.99,87.05,86.84,87.05,5157.924
1773270000000,87.04,87.22,87.04,87.12,3864.005
1773270300000,87.12,87.2,86.99,87.06,5439.038
1773270600000,87.06,87.18,87.06,87.09,2164.56
1773270900000,87.08,87.08,86.92,86.94,4852.264
1773271200000,86.94,87.02,86.89,86.91,7943.883
1773271500000,86.9,86.98,86.86,86.9,5335.653
1773271800000,86.9,86.9,86.64,86.67,10097.211
1773272100000,86.67,86.9,86.65,86.81,2647.475
1773272400000,86.82,86.88,86.63,86.7,3758.674
1773272700000,86.69,86.78,86.46,86.61,15730.812
1773273000000,86.61,86.72,86.54,86.56,5029.379
1773273300000,86.56,86.59,86.48,86.58,4537.689
1773273600000,86.58,86.64,86.49,86.51,8086.519
1773273900000,86.52,86.7,86.45,86.65,5734.962
1773274200000,86.65,86.7,86.58,86.6,2048.279
1773274500000,86.59,86.73,86.45,86.59,3014.15
1773274800000,86.59,86.78,86.48,86.77,4860.32
1773275100000,86.77,86.78,86.59,86.59,4457.447
1773275400000,86.59,86.59,86.37,86.49,2615.243
1773275700000,86.5,86.72,86.45,86.7,3292.984
1773276000000,86.71,86.78,86.65,86.71,4386.102
1773276300000,86.7,86.77,86.6,86.77,2211.899
1773276600000,86.77,86.77,86.65,86.71,2082.207
1773276900000,86.7,86.73,86.63,86.68,1608.197
1773277200000,86.68,86.71,86.23,86.27,8163.968
1773277500000,86.26,86.38,86.14,86.34,10791.3
1773277800000,86.35,86.45,86.21,86.26,4342.936
1773278100000,86.25,86.39,86.21,86.36,3298.201
1773278400000,86.35,86.44,86.28,86.39,2706.837
1773278700000,86.39,86.45,86.31,86.37,4181.07
1773279000000,86.38,86.4,86.16,86.16,5622.114
1773279300000,86.17,86.22,86.15,86.21,1574.968
1773279600000,86.21,86.44,86.11,86.19,14816.07
1773279900000,86.19,86.26,85.98,86.04,9420.842
1773280200000,86.04,86.15,85.95,86.05,9763.342
1773280500000,86.05,86.07,85.98,86.05,3213.874
1773280800000,86.05,86.13,85.93,86.07,5345.996
1773281100000,86.07,86.12,85.98,86.09,5012.581
1773281400000,86.08,86.16,86.03,86.08,4168.279
1773281700000,86.07,86.11,85.83,85.87,10803.782
1773282000000,85.87,85.87,85.68,85.76,14290.157
1773282300000,85.76,85.82,85.73,85.79,2222.87
1773282600000,85.79,85.91,85.66,85.91,5432.509
1773282900000,85.91,85.95,85.54,85.58,21395.251
1773283200000,85.58,85.62,85.5,85.62,6549.103
1773283500000,85.62,85.68,85.39,85.39,30360.951
1773283800000,85.4,85.41,85.17,85.21,12798.978
1773284100000,85.21,85.27,85.18,85.21,3774.883
1773284400000,85.21,85.36,85.17,85.34,6019.565
1773284700000,85.33,85.39,85.27,85.28,4610.991
1773285000000,85.27,85.31,85.17,85.24,6205.871
1773285300000,85.24,85.3,85.16,85.29,4814.058
1773285600000,85.29,85.43,85.29,85.38,6188.916
1773285900000,85.39,85.39,85.22,85.23,5795.927
1773286200000,85.24,85.43,85.18,85.4,11540.751
1773286500000,85.4,85.4,85.27,85.28,10241.93
1773286800000,85.27,85.39,85.21,85.23,8834.788
1773287100000,85.23,85.23,84.72,84.84,36722.433
1773287400000,84.85,84.9,84.72,84.83,7112.412
1773287700000,84.83,85.03,84.83,85.01,5162.972
1773288000000,85.02,85.27,84.96,85.24,9718.217
1773288300000,85.24,85.42,85.18,85.36,7268.924
1773288600000,85.36,85.4,85.08,85.09,10769.247
1773288900000,85.09,85.3,85.01,85.27,14485.503
1773289200000,85.26,85.29,85.16,85.19,4353.741
1773289500000,85.19,85.22,85.02,85.05,8651.623
1773289800000,85.04,85.11,84.9,85.07,9586.683
1773290100000,85.06,85.22,84.96,85.2,5629.471
1773290400000,85.2,85.21,85.11,85.12,2197.152
1773290700000,85.12,85.15,85.03,85.11,3916.889
1773291000000,85.1,85.14,85.02,85.12,5928.187
1773291300000,85.12,85.13,85.06,85.11,2116.022
1773291600000,85.11,85.33,85.06,85.23,4544.998
1773291900000,85.22,85.25,85.11,85.24,5702.626
1773292200000,85.24,85.28,85.11,85.12,5276.732
1773292500000,85.11,85.13,85.07,85.11,2312.152
1773292800000,85.11,85.11,84.91,84.96,4271.264
1773293100000,84.96,85.01,84.89,84.92,4964.463
1773293400000,84.92,85.08,84.9,85.02,5078.68
1773293700000,85.02,85.1,84.93,85.08,2471.988
1773294000000,85.09,85.32,85.06,85.22,15031.378
1773294300000,85.23,85.24,85.1,85.14,3604.79
1773294600000,85.13,85.16,85.03,85.12,4391.323
1773294900000,85.12,85.18,85.1,85.13,1776.486
1773295200000,85.13,85.15,84.97,85.12,6328.105
1773295500000,85.12,85.18,85.05,85.12,2833.518
1773295800000,85.12,85.14,85.06,85.13,1919.6
1773296100000,85.13,85.16,85.07,85.1,4440.728
1773296400000,85.1,85.28,85.09,85.16,5621.888
1773296700000,85.16,85.24,85.1,85.24,9068.477
1773297000000,85.24,85.37,85.22,85.31,6094.243
1773297300000,85.31,85.31,85.22,85.22,3057.341
1773297600000,85.23,85.32,85.15,85.32,3072.483
1773297900000,85.32,85.35,85.23,85.35,4130.097
1773298200000,85.35,85.41,85.28,85.41,9246.404
1773298500000,85.41,85.42,85.33,85.39,6109.601
1773298800000,85.39,85.54,85.36,85.47,11254.073
1773299100000,85.47,85.47,85.01,85.04,18255.457
1773299400000,85.04,85.23,85.0,85.22,11242.848
1773299700000,85.21,85.4,85.21,85.32,5921.626
1773300000000,85.32,85.5,85.31,85.45,7139.769
1773300300000,85.45,85.56,85.4,85.52,9477.053
1773300600000,85.53,85.82,85.49,85.75,14772.665
1773300900000,85.76,85.77,85.56,85.7,9339.305
1773301200000,85.7,85.79,85.66,85.77,2882.45
1773301500000,85.76,85.9,85.73,85.86,7883.889
1773301800000,85.87,85.87,85.71,85.8,8438.125
1773302100000,85.8,85.85,85.77,85.82,7193.212
1773302400000,85.82,86.06,85.81,85.97,13878.547
1773302700000,85.96,85.98,85.55,85.56,19834.381
1773303000000,85.57,85.6,85.39,85.57,12352.685
1773303300000,85.56,86.16,85.53,86.01,12997.418
1773303600000,86.01,86.05,85.92,86.0,6349.322
1773303900000,86.01,86.01,85.76,85.83,5458.904
1773304200000,85.83,85.97,85.78,85.87,10171.367
1773304500000,85.87,85.96,85.87,85.89,3824.427
1773304800000,85.89,85.91,85.71,85.91,5769.308
1773305100000,85.9,85.98,85.8,85.95,4091.856
1773305400000,85.96,86.0,85.92,85.98,2794.842
1773305700000,85.98,85.98,85.91,85.96,3531.317
1773306000000,85.95,85.95,85.8,85.89,6108.476
1773306300000,85.89,85.89,85.64,85.69,6548.384
1773306600000,85.69,85.73,85.59,85.65,5766.744
1773306900000,85.65,85.68,85.5,85.5,6462.544
1773307200000,85.5,85.62,85.45,85.6,5946.922
1773307500000,85.6,85.72,85.55,85.65,5465.444
1773307800000,85.65,85.76,85.64,85.68,7170.496
1773308100000,85.67,85.83,85.65,85.82,4459.033
1773308400000,85.81,86.54,85.81,86.49,24336.307
1773308700000,86.48,86.7,85.86,86.06,20947.429
1773309000000,86.06,86.19,86.06,86.11,6150.008
1773309300000,86.12,86.22,86.09,86.18,4142.103
1773309600000,86.19,86.37,86.15,86.17,14852.004
1773309900000,86.17,86.24,86.04,86.1,4109.597
1773310200000,86.1,86.19,86.05,86.15,4921.905
1773310500000,86.14,86.35,86.12,86.35,5650.86
1773310800000,86.35,86.63,86.35,86.54,11905.669
1773311100000,86.54,86.69,86.51,86.66,9061.994
1773311400000,86.65,86.79,86.47,86.65,20346.839
1773311700000,86.66,86.93,86.57,86.88,12029.129
1773312000000,86.88,87.04,86.86,86.87,23696.157
1773312300000,86.86,87.0,86.68,86.72,19925.447
1773312600000,86.72,86.8,86.61,86.73,14087.8
1773312900000,86.73,86.76,86.63,86.76,3146.122
1773313200000,86.76,86.85,86.65,86.8,10028.12
1773313500000,86.8,86.86,86.69,86.82,7248.499
1773313800000,86.83,86.88,86.67,86.7,2954.06
1773314100000,86.7,86.94,86.69,86.93,4867.343
1773314400000,86.92,87.02,86.81,86.86,7405.031
1773314700000,86.86,86.86,86.63,86.83,9020.886
1773315000000,86.82,86.93,86.78,86.84,8574.182
1773315300000,86.84,86.98,86.79,86.89,5743.897
1773315600000,86.89,87.02,86.86,86.98,7315.177
1773315900000,86.98,87.13,86.89,87.01,13896.645
1773316200000,87.01,87.03,86.7,86.71,14090.737
1773316500000,86.72,86.83,86.68,86.79,9059.79
1773316800000,86.8,86.89,86.59,86.64,5365.931
1773317100000,86.64,86.93,86.55,86.93,10400.591
1773317400000,86.92,87.05,86.88,86.88,7412.399
1773317700000,86.88,87.23,86.81,87.15,12494.639
1773318000000,87.15,87.5,87.07,87.23,65342.441
1773318300000,87.24,87.31,87.16,87.18,6812.258
1773318600000,87.18,87.27,87.03,87.12,6609.299
1773318900000,87.12,87.2,87.04,87.05,9628.428
1773319200000,87.06,87.24,87.05,87.2,6053.059
1773319500000,87.19,87.51,87.15,87.46,19422.745
1773319800000,87.46,87.5,87.19,87.2,13928.301
1773320100000,87.2,87.28,87.18,87.25,3713.261
1773320400000,87.25,87.43,87.24,87.39,10117.657
1773320700000,87.4,87.63,87.38,87.47,14707.989
1773321000000,87.47,87.52,87.28,87.3,4222.569
1773321300000,87.31,87.33,86.75,87.05,71709.702
1773321600000,87.05,87.1,86.72,86.86,22907.746
1773321900000,86.86,87.07,86.86,86.95,12009.022
1773322200000,86.94,87.5,86.8,87.43,30717.374
1773322500000,87.42,87.69,87.18,87.23,30229.221
1773322800000,87.24,87.31,86.9,86.96,19283.746
1773323100000,86.95,87.08,86.45,86.86,30347.643
1773323400000,86.87,87.01,86.67,86.68,14400.441
1773323700000,86.67,86.75,86.34,86.74,16437.966
1773324000000,86.75,87.31,86.73,87.09,18269.925
1773324300000,87.09,87.14,86.96,87.12,9843.497
1773324600000,87.12,87.3,87.11,87.24,12994.226
1773324900000,87.25,87.66,86.85,86.88,28974.151
1773325200000,86.87,86.9,86.62,86.83,13163.351
1773325500000,86.84,86.9,86.42,86.44,31498.281
1773325800000,86.43,86.47,85.79,85.95,43073.954
1773326100000,85.95,86.15,85.65,85.67,45082.342
1773326400000,85.66,85.71,85.4,85.65,36076.605
1773326700000,85.64,85.88,85.2,85.41,36612.722
1773327000000,85.41,85.61,85.31,85.54,15353.505
1773327300000,85.54,85.6,85.41,85.54,10263.735
1773327600000,85.54,85.82,85.45,85.77,16135.054
1773327900000,85.77,85.84,85.33,85.43,17300.924
1773328200000,85.43,85.66,85.12,85.61,16505.968
1773328500000,85.61,85.74,85.42,85.69,14095.332
1773328800000,85.69,85.92,85.6,85.89,12481.395
1773329100000,85.9,86.57,85.89,86.42,40355.764
1773329400000,86.42,86.6,86.21,86.41,19661.303
1773329700000,86.42,86.97,86.26,86.94,23400.599
1773330000000,86.93,87.0,86.53,86.8,42273.597
1773330300000,86.79,87.03,86.63,86.84,21233.62
1773330600000,86.84,86.9,86.6,86.77,12533.335
1773330900000,86.77,86.78,86.44,86.58,6008.828
1773331200000,86.57,86.8,86.45,86.79,10651.367
1773331500000,86.8,86.94,85.8,85.87,19267.168
1773331800000,85.86,86.16,85.86,86.14,9633.124
1773332100000,86.15,86.54,86.13,86.36,6644.246
1773332400000,86.36,86.98,86.36,86.6,23783.128
1773332700000,86.6,86.6,86.18,86.19,6322.407
1773333000000,86.18,86.58,86.09,86.45,12679.508
1773333300000,86.45,86.77,86.39,86.75,17949.631
1773333600000,86.75,86.9,86.68,86.82,14459.632
1773333900000,86.82,87.09,86.53,87.07,33013.929
1773334200000,87.06,87.06,86.82,86.96,8538.033
1773334500000,86.95,87.0,86.77,86.79,8725.577
1773334800000,86.8,86.89,86.66,86.72,13751.092
1773335100000,86.72,86.9,86.55,86.65,10602.191
1773335400000,86.64,86.89,86.62,86.78,7726.259
1773335700000,86.77,86.8,86.4,86.41,12142.989
1773336000000,86.4,86.8,86.33,86.65,15661.698
1773336300000,86.66,86.78,86.44,86.47,7254.553
1773336600000,86.48,86.62,86.43,86.51,10992.942
1773336900000,86.51,86.9,86.51,86.82,10595.27
1773337200000,86.82,86.9,86.73,86.84,6367.84
1773337500000,86.85,86.93,86.51,86.78,12238.496
1773337800000,86.79,86.99,86.67,86.68,10664.626
1773338100000,86.68,86.74,86.4,86.59,9412.504
1773338400000,86.6,86.82,86.48,86.49,9509.758
1773338700000,86.48,86.58,86.33,86.58,7370.573
1773339000000,86.57,86.64,86.47,86.5,4989.975
1773339300000,86.51,86.62,86.3,86.31,5464.383
1773339600000,86.31,86.31,85.96,86.14,24233.81
1773339900000,86.13,86.26,86.1,86.16,6541.825
1773340200000,86.16,86.25,86.01,86.06,9753.632
1773340500000,86.07,86.31,86.06,86.19,5652.134
1773340800000,86.18,86.19,85.96,86.06,4125.524
1773341100000,86.06,86.07,85.88,85.96,7278.014
1773341400000,85.96,86.1,85.92,86.03,9138.598
1773341700000,86.02,86.04,85.81,85.86,6097.579
1773342000000,85.86,86.11,85.84,85.96,8354.398
1773342300000,85.95,86.02,85.72,85.96,11235.534
1773342600000,85.95,85.95,85.68,85.84,9111.835
1773342900000,85.84,86.2,85.84,86.13,8263.612
1773343200000,86.12,86.22,85.94,86.08,9204.589
1773343500000,86.08,86.47,86.04,86.46,10372.418
1773343800000,86.47,86.75,86.47,86.65,11778.967
1773344100000,86.64,86.68,86.57,86.67,4789.713
1773344400000,86.67,86.72,86.54,86.7,7629.531
1773344700000,86.69,86.91,86.64,86.91,8995.299
1773345000000,86.9,86.94,86.74,86.85,6961.77
1773345300000,86.85,86.91,86.78,86.8,11974.373
1773345600000,86.79,86.91,86.71,86.9,5074.857
1773345900000,86.89,86.96,86.73,86.86,5487.714
1773346200000,86.86,86.87,86.58,86.7,5284.394
1773346500000,86.7,86.72,86.53,86.55,8588.533
1773346800000,86.56,86.83,86.5,86.83,12295.736
1773347100000,86.83,86.93,86.68,86.69,8069.018
1773347400000,86.68,86.68,86.48,86.5,5305.876
1773347700000,86.49,86.53,86.42,86.52,3434.836
1773348000000,86.53,86.55,86.45,86.46,2577.961
1773348300000,86.45,86.65,86.42,86.64,4021.12
1773348600000,86.65,86.65,86.43,86.47,3386.731
1773348900000,86.46,86.51,86.42,86.45,2352.513
1773349200000,86.45,86.55,86.45,86.54,1815.149
1773349500000,86.55,86.56,86.43,86.52,1928.766
1773349800000,86.52,86.68,86.48,86.56,3748.844
1773350100000,86.56,86.6,86.48,86.48,1510.782
1773350400000,86.48,86.5,86.4,86.47,1990.423
1773350700000,86.46,86.46,86.33,86.35,2724.568
1773351000000,86.35,86.38,86.22,86.25,4002.847
1773351300000,86.24,86.3,86.21,86.25,4261.164
1773351600000,86.24,86.34,86.18,86.28,11981.03
1773351900000,86.27,86.44,86.23,86.4,3766.24
1773352200000,86.41,86.5,86.28,86.49,2316.539
1773352500000,86.49,86.67,86.44,86.54,3333.397
1773352800000,86.54,86.58,86.44,86.5,3932.856
1773353100000,86.5,86.6,86.44,86.51,4285.145
1773353400000,86.5,86.51,86.4,86.47,2413.712
1773353700000,86.48,86.48,86.26,86.26,2769.332
1773354000000,86.25,86.33,86.15,86.32,8766.844
1773354300000,86.32,86.48,86.2,86.26,4376.73
1773354600000,86.26,86.32,86.11,86.12,4787.802
1773354900000,86.12,86.29,86.11,86.23,4754.416
1773355200000,86.22,86.24,86.12,86.12,7484.406
1773355500000,86.12,86.21,85.99,86.03,9546.559
1773355800000,86.04,86.06,85.96,86.05,3411.909
1773356100000,86.05,86.33,86.05,86.3,9444.407
1773356400000,86.3,86.98,86.28,86.83,32735.514
1773356700000,86.82,86.95,86.68,86.76,13187.011
1773357000000,86.76,86.96,86.65,86.94,5435.246
1773357300000,86.94,87.11,86.89,87.0,19359.961
1773357600000,87.0,87.23,86.88,86.94,11898.362
1773357900000,86.93,86.98,86.85,86.93,2449.591
1773358200000,86.93,86.95,86.88,86.93,5071.045
1773358500000,86.93,86.97,86.85,86.95,3634.298
1773358800000,86.96,87.01,86.86,87.0,6106.754
1773359100000,87.0,87.04,86.88,86.96,5720.852
1773359400000,86.97,87.04,86.94,86.95,5809.189
1773359700000,86.94,86.95,86.78,86.84,5700.239
1773360000000,86.83,86.85,86.71,86.81,7278.023
1773360300000,86.81,87.01,86.8,86.95,4183.529
1773360600000,86.96,87.63,86.95,87.63,24869.687
1773360900000,87.63,89.17,87.62,88.26,143868.828
1773361200000,88.26,90.48,88.21,89.99,195166.805
1773361500000,89.99,90.06,89.51,89.76,74430.974
1773361800000,89.76,91.14,89.76,90.84,149395.527
1773362100000,90.83,90.99,90.25,90.31,47313.463
1773362400000,90.31,90.41,89.93,89.99,37771.332
1773362700000,89.98,90.18,89.83,89.88,37607.194
1773363000000,89.89,90.17,89.65,89.81,30428.699
1773363300000,89.8,89.89,89.51,89.78,29488.53
1773363600000,89.77,90.19,89.77,89.9,33323.937
1773363900000,89.9,90.21,89.88,90.14,31194.462
1773364200000,90.14,90.22,89.99,89.99,18286.277
1773364500000,90.0,90.3,89.93,90.09,26338.86
1773364800000,90.09,90.27,89.87,89.89,20866.185
1773365100000,89.9,90.43,89.82,90.33,34815.378
1773365400000,90.32,90.5,90.2,90.2,18783.264
1773365700000,90.21,90.25,89.82,90.07,31996.618
1773366000000,90.08,90.74,90.07,90.59,31077.272
1773366300000,90.6,90.65,90.38,90.47,14741.092
1773366600000,90.47,90.66,90.39,90.54,21414.717
1773366900000,90.54,90.55,90.41,90.45,9861.919
1773367200000,90.46,90.59,90.23,90.23,14597.664
1773367500000,90.23,90.27,90.12,90.2,14078.751
1773367800000,90.2,90.38,90.16,90.16,20053.79
1773368100000,90.17,90.28,89.9,90.1,27709.345
1773368400000,90.09,90.11,89.88,89.91,15973.465
1773368700000,89.91,89.99,89.89,89.9,9582.227
1773369000000,89.9,89.91,89.47,89.51,24929.992
1773369300000,89.51,89.61,89.31,89.33,21392.051
1773369600000,89.33,89.41,89.19,89.24,14364.489
1773369900000,89.24,89.35,89.12,89.32,19264.931
1773370200000,89.32,89.38,88.93,89.01,16142.993
1773370500000,89.02,89.13,88.99,89.09,5596.803
1773370800000,89.08,89.35,89.08,89.19,20034.936
1773371100000,89.18,89.52,89.18,89.43,14579.278
1773371400000,89.42,89.45,89.26,89.28,5095.977
1773371700000,89.28,89.54,89.24,89.53,3909.928
1773372000000,89.54,89.62,89.44,89.59,10559.525
1773372300000,89.59,89.61,89.16,89.17,9604.907
1773372600000,89.17,89.44,88.89,89.34,13419.597
1773372900000,89.34,89.37,89.11,89.12,4240.119
1773373200000,89.13,89.33,89.09,89.28,5078.013
1773373500000,89.28,89.5,89.25,89.38,11756.742
1773373800000,89.39,89.82,89.38,89.8,19012.543
1773374100000,89.8,89.98,89.66,89.69,24432.474
1773374400000,89.7,89.74,89.64,89.64,4922.155
1773374700000,89.65,89.68,89.56,89.64,9070.229
1773375000000,89.63,89.68,89.4,89.44,8116.445
1773375300000,89.45,89.49,89.32,89.45,5024.507
1773375600000,89.45,89.5,89.25,89.38,6341.491
1773375900000,89.37,89.37,89.21,89.26,9330.389
1773376200000,89.26,89.4,89.19,89.22,5819.259
1773376500000,89.23,89.38,89.22,89.36,6680.206
1773376800000,89.37,89.48,89.35,89.43,5245.936
1773377100000,89.43,89.48,89.3,89.32,6220.807
1773377400000,89.32,89.37,89.24,89.28,2409.595
1773377700000,89.28,89.37,89.24,89.35,4526.128
1773378000000,89.34,89.35,89.12,89.12,12164.867
1773378300000,89.11,89.35,89.05,89.13,11154.722
1773378600000,89.14,89.19,88.94,88.97,9970.159
1773378900000,88.97,89.13,88.93,89.13,8329.589
1773379200000,89.13,89.24,89.07,89.08,6865.19
1773379500000,89.07,89.19,89.01,89.14,7313.017
1773379800000,89.14,89.41,89.1,89.37,11680.404
1773380100000,89.38,89.47,89.01,89.01,24297.543
1773380400000,89.01,89.08,88.92,89.05,16084.186
1773380700000,89.05,89.2,88.93,89.0,7589.227
1773381000000,89.0,89.1,88.87,89.03,7680.423
1773381300000,89.02,89.15,88.99,89.09,4930.422
1773381600000,89.09,89.17,88.9,89.01,4782.937
1773381900000,89.02,89.22,89.01,89.22,11073.973
1773382200000,89.22,89.22,89.03,89.05,3618.983
1773382500000,89.04,89.17,89.01,89.1,5122.343
1773382800000,89.11,89.14,89.01,89.04,3100.399
1773383100000,89.05,89.05,88.44,88.5,29468.438
1773383400000,88.49,88.56,88.27,88.43,16270.937
1773383700000,88.44,88.66,88.35,88.63,8842.22
1773384000000,88.63,88.66,88.48,88.49,4631.269
1773384300000,88.49,88.58,88.34,88.43,8396.615
1773384600000,88.44,88.61,88.38,88.59,8038.654
1773384900000,88.6,88.64,88.35,88.4,18184.042
1773385200000,88.41,88.66,88.15,88.56,32150.476
1773385500000,88.55,88.67,88.48,88.64,14198.59
1773385800000,88.64,88.79,88.58,88.69,8540.191
1773386100000,88.69,88.82,88.64,88.81,8029.186
1773386400000,88.81,88.81,88.64,88.76,5219.43
1773386700000,88.77,88.97,88.72,88.81,12731.543
1773387000000,88.82,88.9,88.56,88.6,12553.667
1773387300000,88.61,88.71,88.32,88.37,18097.455
1773387600000,88.36,88.5,88.24,88.49,22042.67
1773387900000,88.48,88.61,88.48,88.6,5849.939
1773388200000,88.6,88.74,88.52,88.56,6315.704
1773388500000,88.57,88.78,88.44,88.68,17821.295
1773388800000,88.68,88.71,88.44,88.67,7385.309
1773389100000,88.66,88.69,88.54,88.55,6769.972
1773389400000,88.55,88.56,88.32,88.48,7707.879
1773389700000,88.48,88.77,88.44,88.7,5374.583
1773390000000,88.7,88.82,88.6,88.7,5257.661
1773390300000,88.69,88.87,88.62,88.77,7270.563
1773390600000,88.78,89.1,88.78,89.06,16849.069
1773390900000,89.06,89.67,89.03,89.33,46772.905
1773391200000,89.33,89.36,89.16,89.26,22733.538
1773391500000,89.26,89.31,88.96,89.24,19375.379
1773391800000,89.24,89.29,89.14,89.2,5610.518
1773392100000,89.2,89.25,89.05,89.16,7232.801
1773392400000,89.15,89.4,89.12,89.2,12625.491
1773392700000,89.21,89.34,89.17,89.27,6609.167
1773393000000,89.27,89.28,89.13,89.17,4046.24
1773393300000,89.18,89.19,88.79,89.13,7666.763
1773393600000,89.13,89.17,89.02,89.05,4257.611
1773393900000,89.05,89.24,89.04,89.16,3015.897
1773394200000,89.16,89.39,89.11,89.27,14691.682
1773394500000,89.28,89.34,89.14,89.16,4699.268
1773394800000,89.17,89.42,89.1,89.32,6863.172
1773395100000,89.31,89.52,89.26,89.45,5797.199
1773395400000,89.45,89.65,89.45,89.56,18630.793
1773395700000,89.57,89.59,89.44,89.5,5977.585
1773396000000,89.5,89.9,89.46,89.78,27256.12
1773396300000,89.78,89.8,89.53,89.57,13591.257
1773396600000,89.57,89.8,89.56,89.74,12225.447
1773396900000,89.73,89.9,89.57,89.87,18586.638
1773397200000,89.88,89.95,89.68,89.75,8004.125
1773397500000,89.75,89.8,89.69,89.77,5483.895
1773397800000,89.78,90.03,89.72,89.92,12191.738
1773398100000,89.93,90.08,89.81,89.92,21326.798
1773398400000,89.91,89.98,89.85,89.91,11387.003
1773398700000,89.91,90.3,89.89,90.28,64709.658
1773399000000,90.28,90.31,90.12,90.13,12966.206
1773399300000,90.13,90.23,90.0,90.19,10523.752
1773399600000,90.2,90.31,90.07,90.22,11631.878
1773399900000,90.22,90.3,90.17,90.19,7350.085
1773400200000,90.18,90.28,90.08,90.17,12940.711
1773400500000,90.16,90.35,90.12,90.27,9427.402
1773400800000,90.26,90.26,89.97,90.07,7518.776
1773401100000,90.07,90.32,90.06,90.15,10179.692
1773401400000,90.15,90.23,90.03,90.06,5811.894
1773401700000,90.07,90.21,90.04,90.07,5668.611
1773402000000,90.07,90.17,89.98,90.12,5179.873
1773402300000,90.12,90.26,89.99,90.24,22707.91
1773402600000,90.24,90.43,90.16,90.39,10746.336
1773402900000,90.4,90.45,90.32,90.33,8377.94
1773403200000,90.32,90.6,90.29,90.58,12934.524
1773403500000,90.58,90.67,90.51,90.61,14263.469
1773403800000,90.61,90.65,90.31,90.38,12453.326
1773404100000,90.37,90.44,90.28,90.33,39187.529
1773404400000,90.34,90.64,90.3,90.42,9144.237
1773404700000,90.42,90.43,90.14,90.29,9751.449
1773405000000,90.28,90.71,90.22,90.42,25151.635
1773405300000,90.41,90.5,90.26,90.42,12472.938
1773405600000,90.43,90.47,90.29,90.31,5906.922
1773405900000,90.32,91.38,90.32,91.2,50868.569
1773406200000,91.19,91.23,90.87,91.0,18090.422
1773406500000,91.0,91.19,90.98,91.0,13805.916
1773406800000,91.0,91.16,90.92,91.13,14339.273
1773407100000,91.13,91.28,91.07,91.14,12773.552
1773407400000,91.13,91.52,91.07,91.3,19917.444
1773407700000,91.3,92.1,91.09,92.05,131840.18
1773408000000,92.05,92.05,91.22,91.62,50749.291
1773408300000,91.61,91.63,91.36,91.42,12070.961
1773408600000,91.42,91.9,91.41,91.5,25593.548
1773408900000,91.51,91.64,91.14,91.62,24323.184
1773409200000,91.62,92.06,91.5,92.05,24936.088
1773409500000,92.06,92.31,92.0,92.04,33969.272
1773409800000,92.04,92.2,91.83,91.99,17366.422
1773410100000,91.99,92.13,91.75,91.87,18222.151
1773410400000,91.88,92.88,91.87,91.98,68400.846
1773410700000,91.99,92.44,91.99,92.29,48246.99
1773411000000,92.29,92.7,92.23,92.45,26627.11
1773411300000,92.45,92.55,92.3,92.5,13437.674
1773411600000,92.5,92.87,92.4,92.84,40388.984
1773411900000,92.84,92.98,92.48,92.58,50790.446
1773412200000,92.58,92.82,92.42,92.58,25893.594
1773412500000,92.58,92.58,92.13,92.28,24899.456
1773412800000,92.27,92.45,91.66,91.71,66008.219
1773413100000,91.72,91.72,90.79,91.08,93383.748
1773413400000,91.09,91.19,90.62,90.8,57785.863
1773413700000,90.8,90.98,90.46,90.69,51606.125
1773414000000,90.7,90.84,90.26,90.58,36433.033
1773414300000,90.59,90.97,90.5,90.92,20450.969
1773414600000,90.91,90.99,90.77,90.87,14429.885
1773414900000,90.87,91.13,90.85,91.04,27489.808
1773415200000,91.03,91.24,90.79,90.87,17215.007
1773415500000,90.87,90.87,90.46,90.49,17880.073
1773415800000,90.48,90.64,90.18,90.54,14489.3
1773416100000,90.54,90.56,90.06,90.18,19003.899
1773416400000,90.18,90.2,89.48,89.77,50483.833
1773416700000,89.77,90.2,89.67,90.02,23393.527
1773417000000,90.02,90.11,89.53,89.6,17589.308
1773417300000,89.6,89.6,89.3,89.49,16648.689
1773417600000,89.49,89.7,89.34,89.41,27129.544
1773417900000,89.4,89.85,89.21,89.7,19171.887
1773418200000,89.7,89.84,89.5,89.65,11085.117
1773418500000,89.65,89.7,89.24,89.25,10184.34
1773418800000,89.25,89.45,89.14,89.26,13953.516
1773419100000,89.26,89.31,88.84,89.29,33529.75
1773419400000,89.28,89.56,89.27,89.46,13167.185
1773419700000,89.46,89.71,89.41,89.69,6570.055
1773420000000,89.69,89.72,89.56,89.64,6342.264
1773420300000,89.64,89.79,89.51,89.76,10472.582
1773420600000,89.77,89.96,89.68,89.81,16898.09
1773420900000,89.81,89.84,89.56,89.61,9341.761
1773421200000,89.6,89.69,89.53,89.55,7292.071
1773421500000,89.56,89.89,89.56,89.84,8440.819
1773421800000,89.84,89.94,89.71,89.94,17511.148
1773422100000,89.95,90.15,89.77,89.98,18972.423
1773422400000,89.97,90.04,89.65,89.72,7721.329
1773422700000,89.73,89.75,89.2,89.33,18381.21
1773423000000,89.32,89.49,89.27,89.46,8890.972
1773423300000,89.46,89.47,89.01,89.2,12894.513
1773423600000,89.2,89.23,88.8,88.94,23734.363
1773423900000,88.95,89.05,88.63,88.72,31301.765
1773424200000,88.71,88.93,88.58,88.85,14216.868
1773424500000,88.85,89.02,88.64,88.87,15980.323
1773424800000,88.88,88.9,88.58,88.76,17854.918
1773425100000,88.76,88.77,88.54,88.65,15615.661
1773425400000,88.64,88.99,88.5,88.96,13301.472
1773425700000,88.96,89.03,88.4,88.58,21459.62
1773426000000,88.59,88.65,88.37,88.54,14640.842
1773426300000,88.54,88.97,88.49,88.94,7734.693
1773426600000,88.94,89.1,88.9,88.98,6865.857
1773426900000,88.98,89.14,88.93,89.04,4891.752
1773427200000,89.04,89.13,88.93,89.02,7295.319
1773427500000,89.01,89.02,88.72,88.87,8117.567
1773427800000,88.86,88.89,88.71,88.88,6726.373
1773428100000,88.88,88.91,88.77,88.82,2299.463
1773428400000,88.82,88.88,88.47,88.53,20726.931
1773428700000,88.54,88.77,88.39,88.67,12344.221
1773429000000,88.66,88.83,88.66,88.75,5078.806
1773429300000,88.75,88.87,88.75,88.82,7727.954
1773429600000,88.82,88.98,88.65,88.97,9950.775
1773429900000,88.98,88.98,88.68,88.73,6532.126
1773430200000,88.74,88.94,88.66,88.67,12390.046
1773430500000,88.67,88.74,88.56,88.68,5591.123
1773430800000,88.69,88.83,88.66,88.82,3933.764
1773431100000,88.83,88.96,88.83,88.87,7321.3
1773431400000,88.88,88.97,88.8,88.92,6465.181
1773431700000,88.92,89.05,88.85,88.92,23414.466
1773432000000,88.91,88.91,88.6,88.66,25073.692
1773432300000,88.66,88.76,88.54,88.74,12361.146
1773432600000,88.73,89.04,88.68,88.97,10025.906
1773432900000,88.97,89.05,88.92,89.04,6850.467
1773433200000,89.04,89.09,88.95,89.04,7744.397
1773433500000,89.03,89.03,88.86,88.91,4657.574
1773433800000,88.92,88.99,88.88,88.97,3608.248
1773434100000,88.96,89.03,88.92,89.0,1763.97
1773434400000,89.0,89.0,88.89,88.97,2297.141
1773434700000,88.96,89.11,88.83,88.88,13129.686
1773435000000,88.88,88.92,88.77,88.9,5789.461
1773435300000,88.9,88.97,88.81,88.91,9011.355
1773435600000,88.91,89.15,88.91,89.09,4127.122
1773435900000,89.1,89.16,89.05,89.11,10246.308
1773436200000,89.11,89.14,88.91,89.0,7479.686
1773436500000,88.99,88.99,88.9,88.95,2275.155
1773436800000,88.96,88.97,88.85,88.9,2534.92
1773437100000,88.89,88.89,88.5,88.55,11654.881
1773437400000,88.56,88.67,88.5,88.6,5993.623
1773437700000,88.59,88.77,88.34,88.49,11182.736
1773438000000,88.48,88.69,88.44,88.66,8209.972
1773438300000,88.66,88.75,88.65,88.74,2423.341
1773438600000,88.74,88.74,88.6,88.69,3877.494
1773438900000,88.7,88.74,88.54,88.56,4792.3
1773439200000,88.56,88.66,87.93,88.16,50222.041
1773439500000,88.16,88.23,87.99,88.11,8918.854
1773439800000,88.12,88.26,88.11,88.2,6231.433
1773440100000,88.21,88.21,87.87,88.06,22271.167
1773440400000,88.07,88.08,87.83,87.87,11090.174
1773440700000,87.86,87.95,87.83,87.88,8334.944
1773441000000,87.88,87.97,87.73,87.97,8338.358
1773441300000,87.98,88.06,87.75,87.87,5167.694
1773441600000,87.87,87.93,87.81,87.89,6203.98
1773441900000,87.88,87.97,87.82,87.94,3803.404
1773442200000,87.94,88.09,87.83,88.08,8239.104
1773442500000,88.08,88.08,87.97,88.01,3243.315
1773442800000,88.01,88.03,87.8,87.96,4769.167
1773443100000,87.95,88.0,87.89,88.0,3234.769
1773443400000,88.0,88.07,87.95,88.05,6288.074
1773443700000,88.04,88.23,88.02,88.2,3836.447
1773444000000,88.2,88.22,88.08,88.2,4209.042
1773444300000,88.2,88.26,88.11,88.11,7362.493
1773444600000,88.11,88.17,88.04,88.09,3070.534
1773444900000,88.08,88.2,88.08,88.15,14735.684
1773445200000,88.15,88.19,88.13,88.13,1364.654
1773445500000,88.13,88.19,88.05,88.08,4270.497
1773445800000,88.08,88.12,88.04,88.11,3981.774
1773446100000,88.11,88.2,88.1,88.18,3731.866
1773446400000,88.17,88.17,87.98,88.03,8432.354
1773446700000,88.03,88.16,88.03,88.13,3231.912
1773447000000,88.13,88.25,88.12,88.25,2981.936
1773447300000,88.26,88.28,88.15,88.21,2830.301
1773447600000,88.22,88.31,88.18,88.24,4763.34
1773447900000,88.24,88.27,88.08,88.27,3648.372
1773448200000,88.27,88.34,88.19,88.34,3953.094
1773448500000,88.34,88.39,88.05,88.05,4202.096
1773448800000,88.05,88.16,87.89,87.89,9098.576
1773449100000,87.88,87.98,87.86,87.86,11001.146
1773449400000,87.85,87.94,87.84,87.91,9057.505
1773449700000,87.91,88.0,87.9,87.94,8776.653
1773450000000,87.94,88.16,87.92,88.07,8492.175
1773450300000,88.06,88.12,88.02,88.1,8886.944
1773450600000,88.1,88.12,87.9,87.99,8512.291
1773450900000,87.99,88.08,87.95,88.05,8875.544
1773451200000,88.05,88.17,88.04,88.16,6921.554
1773451500000,88.15,88.17,88.08,88.09,10066.266
1773451800000,88.09,88.19,87.94,87.96,13080.967
1773452100000,87.97,88.16,87.79,88.09,19963.606
1773452400000,88.1,88.27,88.07,88.21,7111.425
1773452700000,88.22,88.34,88.21,88.34,4235.49
1773453000000,88.34,88.38,88.25,88.33,8179.648
1773453300000,88.33,88.35,88.23,88.23,6255.564
1773453600000,88.24,88.24,88.15,88.23,2892.22
1773453900000,88.24,88.3,88.18,88.19,2852.396
1773454200000,88.19,88.24,88.14,88.21,3501.099
1773454500000,88.21,88.25,88.15,88.23,2449.637
1773454800000,88.22,88.22,88.07,88.2,3527.422
1773455100000,88.2,88.2,88.1,88.15,1985.305
1773455400000,88.15,88.16,88.06,88.15,3265.696
1773455700000,88.15,88.16,88.0,88.02,4155.836
1773456000000,88.02,88.13,88.02,88.07,2482.531
1773456300000,88.06,88.13,88.03,88.13,1817.744
1773456600000,88.13,88.25,88.11,88.19,5497.682
1773456900000,88.2,88.32,88.2,88.23,5748.33
1773457200000,88.23,88.34,88.23,88.34,2534.17
1773457500000,88.34,88.53,88.32,88.52,5155.811
1773457800000,88.52,88.52,88.42,88.47,3501.161
1773458100000,88.47,88.59,88.41,88.43,8027.495
1773458400000,88.42,88.44,88.29,88.36,7957.936
1773458700000,88.36,88.48,88.36,88.44,6888.514
1773459000000,88.45,88.62,88.41,88.59,6485.67
1773459300000,88.59,88.6,88.45,88.58,5307.365
1773459600000,88.58,88.59,88.49,88.51,3466.294
1773459900000,88.51,88.53,88.38,88.38,1862.938
1773460200000,88.38,88.44,88.37,88.42,1088.7
1773460500000,88.42,88.42,88.35,88.4,1787.064
1773460800000,88.4,88.53,88.4,88.49,4760.31
1773461100000,88.48,88.59,88.44,88.57,3010.699
1773461400000,88.57,88.59,88.49,88.52,3451.808
1773461700000,88.52,88.54,88.41,88.46,8796.156
1773462000000,88.47,88.49,88.35,88.39,6516.279
1773462300000,88.38,88.59,88.32,88.55,7953.361
1773462600000,88.54,88.59,88.45,88.58,2709.746
1773462900000,88.58,88.7,88.57,88.64,5855.659
1773463200000,88.63,88.71,88.61,88.65,3992.03
1773463500000,88.65,88.66,88.57,88.66,3761.757
1773463800000,88.66,88.68,88.25,88.31,15902.451
1773464100000,88.31,88.36,88.21,88.25,6435.882
1773464400000,88.26,88.28,88.2,88.22,3467.011
1773464700000,88.23,88.34,88.12,88.29,5817.175
1773465000000,88.29,88.34,88.27,88.31,2540.92
1773465300000,88.31,88.31,88.17,88.28,3867.118
1773465600000,88.27,88.37,88.25,88.33,4852.602
1773465900000,88.33,88.41,88.28,88.3,1751.921
1773466200000,88.3,88.31,87.93,87.98,19249.487
1773466500000,87.97,88.11,87.89,88.07,7410.619
1773466800000,88.08,88.08,87.97,88.04,5430.46
1773467100000,88.03,88.06,87.97,88.04,2704.635
1773467400000,88.03,88.1,87.91,88.07,7398.757
1773467700000,88.07,88.11,88.06,88.08,1072.721
1773468000000,88.08,88.09,87.97,87.99,2647.145
1773468300000,87.99,88.1,87.99,88.06,1429.559
1773468600000,88.06,88.07,88.0,88.04,3592.084
1773468900000,88.03,88.04,87.72,87.79,11139.95
1773469200000,87.8,87.82,87.66,87.67,5775.323
1773469500000,87.67,87.71,87.52,87.56,14542.794
1773469800000,87.57,87.57,87.35,87.42,17241.971
1773470100000,87.42,87.52,87.05,87.12,22344.608
1773470400000,87.12,87.27,86.92,87.13,26161.781
1773470700000,87.13,87.4,87.08,87.32,17361.48
1773471000000,87.33,87.35,87.21,87.21,5243.473
1773471300000,87.22,87.32,87.21,87.25,5678.125
1773471600000,87.26,87.38,87.21,87.26,5794.869
1773471900000,87.26,87.37,87.18,87.36,6924.231
1773472200000,87.36,87.42,87.34,87.35,3948.357
1773472500000,87.35,87.36,87.31,87.31,2670.406
1773472800000,87.31,87.31,87.18,87.22,3337.858
1773473100000,87.22,87.4,87.22,87.38,6088.881
1773473400000,87.38,87.45,87.31,87.33,4056.328
1773473700000,87.33,87.33,87.2,87.3,3033.398
1773474000000,87.3,87.32,87.2,87.29,3439.074
1773474300000,87.29,87.36,87.23,87.3,2186.834
1773474600000,87.3,87.36,87.24,87.25,5629.933
1773474900000,87.26,87.4,87.26,87.33,12896.0
1773475200000,87.32,87.37,87.25,87.32,5022.035
1773475500000,87.32,87.44,87.32,87.37,3043.311
1773475800000,87.38,87.49,87.36,87.48,8144.949
1773476100000,87.47,87.55,87.34,87.35,4441.996
1773476400000,87.35,87.47,87.29,87.45,15983.258
1773476700000,87.46,87.48,87.39,87.43,3968.149
1773477000000,87.42,87.44,87.33,87.43,8183.548
1773477300000,87.42,87.42,87.22,87.24,4071.536
1773477600000,87.24,87.3,87.18,87.21,5462.702
1773477900000,87.2,87.23,87.11,87.13,3584.981
1773478200000,87.12,87.22,87.12,87.17,6969.627
1773478500000,87.18,87.18,87.08,87.15,3696.555
1773478800000,87.16,87.29,87.1,87.28,5289.69
1773479100000,87.27,87.31,87.24,87.27,8126.637
1773479400000,87.27,87.29,87.21,87.29,3684.051
1773479700000,87.29,87.29,87.13,87.26,5858.556
1773480000000,87.25,87.26,87.14,87.21,2476.064
1773480300000,87.21,87.22,87.14,87.2,2534.826
1773480600000,87.19,87.21,87.05,87.07,5224.133
1773480900000,87.07,87.16,87.0,87.12,8125.886
1773481200000,87.12,87.13,87.09,87.12,1439.82
1773481500000,87.12,87.13,86.65,86.73,21760.366
1773481800000,86.73,86.95,86.73,86.82,8886.862
1773482100000,86.82,86.9,86.81,86.85,3829.103
1773482400000,86.84,86.93,86.8,86.87,3036.628
1773482700000,86.87,86.92,86.81,86.83,2225.729
1773483000000,86.82,86.87,86.7,86.87,7175.949
1773483300000,86.87,86.87,86.68,86.8,5017.492
1773483600000,86.8,86.83,86.75,86.76,3324.17
1773483900000,86.76,86.8,86.7,86.76,3706.065
1773484200000,86.75,86.75,86.51,86.69,11944.277
1773484500000,86.68,86.68,86.54,86.64,7200.863
1773484800000,86.63,86.65,86.57,86.59,5297.095
1773485100000,86.59,86.69,86.57,86.65,3900.353
1773485400000,86.66,86.72,86.65,86.68,4797.816
1773485700000,86.67,86.76,86.64,86.65,4393.118
1773486000000,86.65,86.82,86.64,86.82,4114.726
1773486300000,86.82,86.85,86.77,86.82,5923.837
1773486600000,86.82,86.83,86.71,86.8,2842.186
1773486900000,86.8,86.81,86.73,86.75,5202.958
1773487200000,86.76,86.85,86.71,86.84,15058.806
1773487500000,86.85,86.96,86.84,86.92,4618.853
1773487800000,86.92,86.92,86.8,86.82,4227.663
1773488100000,86.83,86.86,86.74,86.85,6600.388
1773488400000,86.84,86.92,86.83,86.9,3386.62
1773488700000,86.89,86.99,86.87,86.98,11338.027
1773489000000,86.98,87.01,86.95,86.98,4365.2
1773489300000,86.99,86.99,86.88,86.96,3969.318
1773489600000,86.95,87.05,86.88,86.97,13688.368
1773489900000,86.97,87.08,86.97,86.99,5248.721
1773490200000,86.99,87.03,86.91,87.02,6557.387
1773490500000,87.01,87.02,86.92,86.99,3568.995
1773490800000,86.98,87.08,86.97,87.08,3697.628
1773491100000,87.08,87.08,86.98,87.01,5274.188
1773491400000,87.01,87.04,86.89,86.94,5164.341
1773491700000,86.94,86.94,86.81,86.87,5375.305
1773492000000,86.86,86.93,86.82,86.89,6381.119
1773492300000,86.89,87.09,86.89,87.08,3863.451
1773492600000,87.09,87.13,87.01,87.08,5444.306
1773492900000,87.08,87.12,87.01,87.11,3535.318
1773493200000,87.1,87.16,87.05,87.11,3339.53
1773493500000,87.11,87.12,87.03,87.06,4515.098
1773493800000,87.06,87.12,87.03,87.11,2757.584
1773494100000,87.11,87.29,87.11,87.29,4359.279
1773494400000,87.29,87.29,87.15,87.27,5302.662
1773494700000,87.26,87.35,87.25,87.32,3252.424
1773495000000,87.32,87.36,87.27,87.34,3161.3
1773495300000,87.34,87.34,87.24,87.29,2735.623
1773495600000,87.28,87.28,87.23,87.27,2618.443
1773495900000,87.26,87.26,87.09,87.16,5621.145
1773496200000,87.15,87.15,87.06,87.14,4998.248
1773496500000,87.14,87.15,87.08,87.11,2417.54
1773496800000,87.11,87.23,87.07,87.21,4424.752
1773497100000,87.21,87.24,87.01,87.02,11342.411
1773497400000,87.02,87.02,86.77,86.82,23461.318
1773497700000,86.81,86.95,86.81,86.92,2230.438
1773498000000,86.92,86.99,86.92,86.96,3829.566
1773498300000,86.96,87.06,86.92,87.06,4237.486
1773498600000,87.06,87.07,86.85,86.94,2589.772
1773498900000,86.94,86.97,86.86,86.86,1975.998
1773499200000,86.87,86.9,86.63,86.65,10056.77
1773499500000,86.66,86.82,86.66,86.79,7892.855
1773499800000,86.8,86.84,86.76,86.83,4425.109
1773500100000,86.83,86.84,86.69,86.72,5971.908
1773500400000,86.72,86.89,86.63,86.8,4945.399
1773500700000,86.8,86.85,86.77,86.84,2496.973
1773501000000,86.83,86.86,86.78,86.83,3492.489
1773501300000,86.84,86.92,86.82,86.89,4076.44
1773501600000,86.89,86.9,86.82,86.85,3342.976
1773501900000,86.85,86.91,86.84,86.87,4416.286
1773502200000,86.87,86.87,86.65,86.78,10363.789
1773502500000,86.77,86.81,86.66,86.74,5342.624
1773502800000,86.75,86.75,86.66,86.71,2979.378
1773503100000,86.71,86.75,86.67,86.68,2661.506
1773503400000,86.68,86.84,86.68,86.76,2921.952
1773503700000,86.77,86.77,86.72,86.72,1710.249
1773504000000,86.72,86.78,86.66,86.78,4541.615
1773504300000,86.78,86.81,86.62,86.81,4841.945
1773504600000,86.81,86.82,86.75,86.78,3702.382
1773504900000,86.78,86.94,86.76,86.9,1885.849
1773505200000,86.9,86.91,86.84,86.9,1843.367
1773505500000,86.9,86.98,86.89,86.92,2011.747
1773505800000,86.92,87.0,86.92,87.0,5667.058
1773506100000,86.99,87.1,86.99,87.01,4413.438
1773506400000,87.01,87.04,86.95,86.97,2107.785
1773506700000,86.97,87.09,86.91,87.06,4558.84
1773507000000,87.07,87.13,87.06,87.12,1699.38
1773507300000,87.11,87.11,87.06,87.07,1325.891
1773507600000,87.07,87.08,86.97,86.99,4288.722
1773507900000,86.98,87.07,86.98,87.06,1533.609
1773508200000,87.05,87.09,87.01,87.03,1189.435
1773508500000,87.03,87.06,86.96,87.01,1680.486
1773508800000,87.01,87.03,86.97,87.02,1053.122
1773509100000,87.02,87.07,86.99,87.07,1754.037
1773509400000,87.07,87.07,86.94,86.95,1891.532
1773509700000,86.95,86.99,86.91,86.91,1817.061
1773510000000,86.91,86.96,86.91,86.96,3109.744
1773510300000,86.96,87.0,86.91,86.94,1577.039
1773510600000,86.94,86.94,86.85,86.85,2400.007
1773510900000,86.85,86.93,86.84,86.9,2177.244
1773511200000,86.89,86.89,86.79,86.86,5860.954
1773511500000,86.85,86.91,86.85,86.9,1682.549
1773511800000,86.91,86.93,86.86,86.86,2086.417
1773512100000,86.87,86.89,86.79,86.87,2083.875
1773512400000,86.86,86.89,86.81,86.89,2160.809
1773512700000,86.88,86.96,86.88,86.93,686.991
1773513000000,86.93,87.04,86.92,87.04,1510.343
1773513300000,87.04,87.04,86.94,86.95,806.43
1773513600000,86.94,87.04,86.92,87.0,2513.24
1773513900000,87.0,87.03,86.98,87.03,960.323
1773514200000,87.02,87.04,86.99,87.02,1309.286
1773514500000,87.02,87.11,87.02,87.04,3357.811
1773514800000,87.03,87.04,86.9,87.01,4584.036
1773515100000,87.02,87.02,86.93,86.97,6227.711
1773515400000,86.96,86.99,86.95,86.97,2342.196
1773515700000,86.97,87.1,86.95,87.0,8074.365
1773516000000,87.01,87.02,86.96,86.99,1107.638
1773516300000,86.99,87.0,86.94,86.98,1320.451
1773516600000,86.98,86.99,86.95,86.97,993.012
1773516900000,86.97,87.02,86.92,87.02,1526.935
1773517200000,87.02,87.08,87.01,87.04,3486.034
1773517500000,87.05,87.07,87.0,87.05,2392.101
1773517800000,87.05,87.06,86.98,87.0,1567.459
1773518100000,87.0,87.01,86.95,87.0,1065.019
1773518400000,87.01,87.03,86.89,86.9,1490.67
1773518700000,86.89,86.98,86.87,86.95,9595.15
1773519000000,86.95,86.95,86.88,86.92,1033.923
1773519300000,86.92,87.0,86.87,87.0,901.153
1773519600000,87.0,87.01,86.92,86.96,1909.217
1773519900000,86.95,86.96,86.91,86.91,883.425
1773520200000,86.91,86.93,86.89,86.91,1121.851
1773520500000,86.91,86.94,86.89,86.89,911.071
1773520800000,86.89,87.1,86.89,87.07,4381.907
1773521100000,87.07,87.18,87.03,87.13,4734.409
1773521400000,87.13,87.13,87.06,87.07,1447.399
1773521700000,87.07,87.12,87.07,87.08,2241.3
1773522000000,87.09,87.09,86.97,87.0,2396.906
1773522300000,87.0,87.0,86.91,86.94,2852.709
1773522600000,86.95,86.95,86.87,86.93,2588.938
1773522900000,86.94,87.04,86.92,86.92,2187.802
1773523200000,86.92,87.05,86.92,87.01,988.096
1773523500000,87.01,87.02,86.95,86.99,1265.541
1773523800000,86.98,87.06,86.96,87.05,1001.839
1773524100000,87.05,87.1,87.05,87.1,1742.8
1773524400000,87.1,87.17,87.09,87.12,3312.507
1773524700000,87.12,87.24,87.11,87.2,3245.052
1773525000000,87.21,87.3,87.2,87.26,4065.469
1773525300000,87.27,87.35,87.2,87.28,8100.038
1773525600000,87.29,87.42,87.22,87.39,9216.556
1773525900000,87.4,87.46,87.33,87.38,3257.838
1773526200000,87.38,87.4,87.3,87.31,5184.317
1773526500000,87.31,87.31,87.25,87.27,4087.772
1773526800000,87.27,87.38,87.27,87.38,3637.805
1773527100000,87.38,87.42,87.31,87.32,5698.39
1773527400000,87.31,87.37,87.31,87.33,3783.64
1773527700000,87.34,87.4,87.33,87.39,3323.575
1773528000000,87.4,87.4,87.37,87.38,3072.266
1773528300000,87.38,87.38,87.23,87.26,6067.351
1773528600000,87.26,87.31,87.26,87.3,2245.61
1773528900000,87.3,87.33,87.24,87.31,4290.983
1773529200000,87.32,87.9,87.32,87.82,23144.249
1773529500000,87.83,88.12,87.79,88.03,24382.138
1773529800000,88.03,88.07,87.75,87.9,20075.98
1773530100000,87.9,87.92,87.65,87.77,6227.288
1773530400000,87.78,87.95,87.78,87.88,6864.922
1773530700000,87.89,87.95,87.78,87.92,3286.104
1773531000000,87.93,88.08,87.88,88.03,7062.67
1773531300000,88.03,88.15,88.02,88.1,5704.451
1773531600000,88.11,88.16,88.05,88.07,7120.242
1773531900000,88.08,88.16,87.96,88.02,6616.5
1773532200000,88.01,88.08,87.93,88.08,5298.888
1773532500000,88.08,88.14,87.99,88.03,5101.986
1773532800000,88.04,88.1,87.89,87.95,7353.666
1773533100000,87.96,88.13,87.89,87.99,6416.908
1773533400000,87.99,88.07,87.93,88.06,3280.364
1773533700000,88.06,88.07,87.94,88.03,4092.452
1773534000000,88.04,88.04,87.83,87.97,6165.865
1773534300000,87.97,88.21,87.94,87.94,6125.233
1773534600000,87.95,88.02,87.91,87.92,3172.381
1773534900000,87.92,87.98,87.78,87.98,4305.787
1773535200000,87.99,88.06,87.94,87.96,2371.439
1773535500000,87.95,87.95,87.72,87.73,5225.039
1773535800000,87.73,87.78,87.7,87.76,3787.326
1773536100000,87.75,87.79,87.67,87.76,2708.632
1773536400000,87.75,87.89,87.75,87.82,2871.956
1773536700000,87.83,87.88,87.77,87.81,1329.194
1773537000000,87.81,87.82,87.6,87.79,4821.821
1773537300000,87.79,87.92,87.78,87.87,2519.893
1773537600000,87.86,87.9,87.69,87.78,2505.654
1773537900000,87.79,87.86,87.76,87.81,1494.718
1773538200000,87.81,87.81,87.65,87.74,3711.04
1773538500000,87.74,87.75,87.61,87.66,2916.926
1773538800000,87.66,87.72,87.58,87.65,2370.569
1773539100000,87.65,87.68,87.58,87.65,1926.122
1773539400000,87.65,87.8,87.65,87.72,3888.224
1773539700000,87.72,87.75,87.67,87.69,2976.085
1773540000000,87.69,88.31,87.68,87.98,30025.717
1773540300000,87.99,88.24,87.94,88.13,22202.712
1773540600000,88.13,88.23,88.11,88.18,5020.015
1773540900000,88.17,88.22,88.1,88.22,8373.364
1773541200000,88.21,88.26,88.07,88.12,5804.456
1773541500000,88.12,88.22,88.12,88.18,2495.908
1773541800000,88.17,88.18,88.01,88.08,5725.094
1773542100000,88.08,88.1,88.0,88.06,2553.645
1773542400000,88.07,88.31,88.0,88.31,7010.308
1773542700000,88.31,88.65,88.24,88.64,14361.672
1773543000000,88.63,88.65,88.27,88.28,7429.191
1773543300000,88.28,88.36,88.2,88.3,8400.748
1773543600000,88.3,88.43,88.26,88.27,3613.216
1773543900000,88.27,88.28,88.16,88.19,3654.32
1773544200000,88.19,88.3,88.16,88.22,2551.737
1773544500000,88.23,88.24,87.98,88.02,11355.613
1773544800000,88.03,88.08,87.98,88.02,3951.562
1773545100000,88.03,88.04,87.9,87.91,5323.265
1773545400000,87.92,87.92,87.78,87.89,7933.491
1773545700000,87.9,88.02,87.85,87.95,3669.79
1773546000000,87.95,87.96,87.77,87.81,10550.563
1773546300000,87.81,87.81,87.7,87.78,7381.111
1773546600000,87.78,87.79,87.72,87.77,2718.273
1773546900000,87.77,87.86,87.72,87.86,1795.537
1773547200000,87.86,88.08,87.85,88.05,3547.473
1773547500000,88.06,88.23,88.05,88.16,4719.667
1773547800000,88.16,88.23,88.1,88.19,3554.985
1773548100000,88.2,88.28,88.18,88.18,5248.918
1773548400000,88.19,88.26,88.03,88.07,3569.687
1773548700000,88.08,88.08,88.0,88.03,2908.655
1773549000000,88.03,88.08,87.95,88.0,4055.289
1773549300000,88.0,88.19,87.97,88.17,2478.549
1773549600000,88.18,88.23,88.04,88.23,4637.154
1773549900000,88.23,88.23,88.11,88.18,3128.147
1773550200000,88.19,88.27,88.18,88.23,2598.766
1773550500000,88.23,88.33,88.2,88.32,2856.869
1773550800000,88.32,88.32,88.21,88.21,2359.045
1773551100000,88.21,88.22,88.13,88.17,1794.508
1773551400000,88.17,88.19,88.11,88.19,2107.781
1773551700000,88.18,88.66,88.11,88.47,15804.312
1773552000000,88.46,88.59,88.42,88.55,8502.747
1773552300000,88.54,88.54,88.29,88.34,4878.035
1773552600000,88.34,88.49,88.27,88.44,3979.414
1773552900000,88.44,88.61,88.36,88.57,40406.696
1773553200000,88.57,88.62,88.46,88.49,5400.717
1773553500000,88.49,88.52,88.38,88.38,6668.901
1773553800000,88.38,88.47,88.3,88.42,13617.289
1773554100000,88.42,88.44,88.31,88.31,1992.048
1773554400000,88.32,88.52,88.32,88.49,3519.233
1773554700000,88.48,88.51,88.42,88.5,1938.479
1773555000000,88.5,88.5,88.4,88.45,2114.357
1773555300000,88.46,88.59,88.43,88.5,3800.205
1773555600000,88.49,88.49,88.38,88.43,2844.968
1773555900000,88.42,88.55,88.36,88.37,14973.592
1773556200000,88.38,88.38,88.21,88.28,5911.002
1773556500000,88.29,88.29,88.09,88.21,37991.144
1773556800000,88.22,88.27,88.19,88.23,3381.83
1773557100000,88.23,88.29,88.23,88.28,3087.344
1773557400000,88.28,88.36,88.21,88.34,4118.812
1773557700000,88.35,88.35,88.3,88.35,3542.329
1773558000000,88.35,88.4,88.26,88.4,3304.785
1773558300000,88.4,88.4,88.24,88.25,5292.124
1773558600000,88.25,88.53,88.24,88.4,10408.87
1773558900000,88.4,88.45,88.37,88.4,2598.849
1773559200000,88.4,88.49,88.4,88.48,4741.802
1773559500000,88.48,88.5,88.4,88.4,3207.201
1773559800000,88.4,88.4,88.26,88.29,4108.666
1773560100000,88.28,88.29,88.22,88.22,1859.171
1773560400000,88.22,88.23,88.19,88.2,1598.954
1773560700000,88.19,88.23,88.13,88.22,4222.44
1773561000000,88.21,88.22,88.11,88.16,2842.667
1773561300000,88.17,88.22,88.15,88.22,2675.404
1773561600000,88.22,88.33,88.15,88.16,4462.747
1773561900000,88.17,88.25,88.14,88.14,3132.387
1773562200000,88.14,88.37,88.14,88.3,7672.378
1773562500000,88.3,88.44,88.29,88.43,3941.603
1773562800000,88.42,88.46,88.36,88.44,2524.21
1773563100000,88.43,88.45,88.32,88.33,2133.092
1773563400000,88.34,88.35,88.27,88.28,1962.855
1773563700000,88.28,88.3,88.25,88.29,2502.674
1773564000000,88.3,88.36,88.27,88.35,2987.48
1773564300000,88.36,88.52,88.36,88.44,9982.359
1773564600000,88.43,88.46,88.41,88.41,5942.096
1773564900000,88.42,88.5,88.4,88.5,10719.166
1773565200000,88.49,88.77,88.49,88.74,14621.213
1773565500000,88.74,88.88,88.66,88.85,11178.515
1773565800000,88.85,88.85,88.7,88.76,7783.972
1773566100000,88.75,88.83,88.69,88.78,5654.251
1773566400000,88.77,88.85,88.66,88.78,5841.864
1773566700000,88.77,88.8,88.6,88.63,3423.794
1773567000000,88.63,88.65,88.56,88.61,3715.89
1773567300000,88.6,88.61,88.51,88.59,2150.241
1773567600000,88.59,88.6,88.47,88.51,3032.314
1773567900000,88.51,88.56,88.42,88.43,2090.064
1773568200000,88.43,88.61,88.43,88.55,2490.892
1773568500000,88.55,88.59,88.53,88.54,830.224
1773568800000,88.55,88.61,88.52,88.53,2257.696
1773569100000,88.54,88.54,88.38,88.49,3214.221
1773569400000,88.49,88.57,88.46,88.56,4016.101
1773569700000,88.56,88.69,88.52,88.64,1572.65
1773570000000,88.64,88.71,88.55,88.61,1740.73
1773570300000,88.6,88.61,88.57,88.58,1982.113
1773570600000,88.58,88.59,88.49,88.53,2942.01
1773570900000,88.53,88.6,88.48,88.51,2857.08
1773571200000,88.51,88.53,88.47,88.52,1175.526
1773571500000,88.52,88.54,88.47,88.51,1779.608
1773571800000,88.51,88.55,88.48,88.5,1417.292
1773572100000,88.5,88.5,88.44,88.47,4126.027
1773572400000,88.48,88.48,88.39,88.39,1496.434
1773572700000,88.4,88.44,88.32,88.32,2672.001
1773573000000,88.32,88.39,88.29,88.36,2160.579
1773573300000,88.36,88.46,88.32,88.33,4261.797
1773573600000,88.33,88.38,88.3,88.33,2160.574
1773573900000,88.33,88.33,88.24,88.27,3865.417
1773574200000,88.27,88.32,88.27,88.32,3139.533
1773574500000,88.31,88.32,88.28,88.29,3942.47
1773574800000,88.29,88.4,88.27,88.39,3339.774
1773575100000,88.39,88.63,88.38,88.53,9398.952
1773575400000,88.53,88.68,88.53,88.57,2731.207
1773575700000,88.58,88.58,88.53,88.55,1629.144
1773576000000,88.56,88.56,88.36,88.44,2610.387
1773576300000,88.45,88.45,88.31,88.34,4806.04
1773576600000,88.33,88.34,88.27,88.34,2791.556
1773576900000,88.33,88.35,88.26,88.31,3982.737
1773577200000,88.31,88.34,88.28,88.33,1339.68
1773577500000,88.32,88.43,88.31,88.41,1589.404
1773577800000,88.42,88.43,88.36,88.41,1229.926
1773578100000,88.42,88.46,88.37,88.42,1945.646
1773578400000,88.42,88.42,88.19,88.21,6111.485
1773578700000,88.2,88.31,88.2,88.24,3361.38
1773579000000,88.23,88.29,88.21,88.29,4990.959
1773579300000,88.28,88.34,88.25,88.26,3591.47
1773579600000,88.27,88.4,88.26,88.31,5481.87
1773579900000,88.3,88.32,87.83,87.85,19686.173
1773580200000,87.84,87.89,87.62,87.83,16417.622
1773580500000,87.83,87.88,87.61,87.74,15071.416
1773580800000,87.73,87.84,87.59,87.79,14043.943
1773581100000,87.8,87.98,87.73,87.89,8878.114
1773581400000,87.88,87.96,87.62,87.67,15553.806
1773581700000,87.67,87.75,87.41,87.41,20048.401
1773582000000,87.41,87.59,87.36,87.58,10069.05
1773582300000,87.59,87.71,87.49,87.59,7812.724
1773582600000,87.58,87.75,87.58,87.73,5295.698
1773582900000,87.73,87.86,87.69,87.85,4018.723
1773583200000,87.84,87.89,87.7,87.85,10207.347
1773583500000,87.84,87.92,87.77,87.89,3479.208
1773583800000,87.89,87.89,87.78,87.83,3105.429
1773584100000,87.83,87.83,87.65,87.66,4083.782
1773584400000,87.67,87.75,87.6,87.66,3138.873
1773584700000,87.66,87.75,87.66,87.73,1217.627
1773585000000,87.73,87.78,87.65,87.74,2445.277
1773585300000,87.74,87.75,87.57,87.65,3069.185
1773585600000,87.65,87.95,87.64,87.87,5967.546
1773585900000,87.88,87.95,87.78,87.83,6227.567
1773586200000,87.83,88.0,87.83,87.94,2514.146
1773586500000,87.95,88.0,87.89,87.97,2651.169
1773586800000,87.98,88.06,87.94,87.99,4120.11
1773587100000,87.98,87.99,87.87,87.88,3066.555
1773587400000,87.89,87.98,87.88,87.94,1757.829
1773587700000,87.94,87.98,87.85,87.97,2860.782
1773588000000,87.96,88.03,87.9,88.03,1670.451
1773588300000,88.02,88.12,87.83,87.87,3521.095
1773588600000,87.86,88.02,87.77,87.92,3771.068
1773588900000,87.92,88.02,87.91,87.93,2295.355
1773589200000,87.92,87.94,87.89,87.93,1308.158
1773589500000,87.93,87.98,87.9,87.98,729.248
1773589800000,87.97,88.02,87.95,88.0,1657.257
1773590100000,88.01,88.06,87.9,87.9,2496.477
1773590400000,87.9,87.94,87.81,87.92,2945.975
1773590700000,87.92,88.05,87.92,88.0,1821.192
1773591000000,87.99,88.04,87.92,88.0,2683.593
1773591300000,88.0,88.04,87.62,87.79,7695.092
1773591600000,87.78,87.79,87.64,87.67,1414.913
1773591900000,87.68,87.72,87.62,87.72,3479.956
1773592200000,87.71,87.71,87.56,87.62,6007.52
1773592500000,87.62,87.77,87.56,87.74,3930.19
1773592800000,87.73,87.81,87.7,87.71,3471.583
1773593100000,87.71,87.77,87.66,87.66,2327.833
1773593400000,87.66,87.66,87.45,87.64,8560.735
1773593700000,87.63,87.64,87.53,87.55,1771.687
1773594000000,87.55,87.73,87.5,87.69,2346.104
1773594300000,87.68,87.8,87.66,87.78,3533.58
1773594600000,87.78,87.78,87.68,87.74,2396.469
1773594900000,87.74,87.83,87.7,87.83,2392.614
1773595200000,87.83,87.88,87.79,87.87,2557.833
1773595500000,87.87,87.92,87.81,87.81,2717.366
1773595800000,87.82,87.87,87.77,87.79,1359.152
1773596100000,87.79,87.88,87.78,87.83,1528.335
1773596400000,87.84,87.95,87.83,87.93,2071.865
1773596700000,87.93,88.0,87.87,87.99,6223.244
1773597000000,88.0,88.8,87.97,88.73,22734.044
1773597300000,88.73,88.77,88.41,88.43,12860.324
1773597600000,88.44,88.61,88.41,88.54,6944.842
1773597900000,88.55,88.6,88.45,88.56,6256.117
1773598200000,88.56,88.61,88.43,88.57,7173.467
1773598500000,88.57,88.63,88.48,88.63,9181.196
1773598800000,88.62,88.64,88.55,88.6,8125.163
1773599100000,88.6,88.66,88.51,88.54,7324.226
1773599400000,88.55,88.69,88.55,88.55,8211.613
1773599700000,88.56,88.58,88.48,88.52,7336.693
1773600000000,88.52,88.65,88.52,88.59,7538.53
1773600300000,88.59,88.6,88.01,88.08,14016.278
1773600600000,88.07,88.13,87.91,87.98,10348.254
1773600900000,87.98,87.99,87.85,87.92,8872.426
1773601200000,87.92,88.08,87.82,88.06,12215.173
1773601500000,88.06,88.07,87.91,87.93,5681.595
1773601800000,87.92,88.19,87.82,88.14,6215.208
1773602100000,88.13,88.15,87.99,88.09,3078.107
1773602400000,88.09,88.19,88.05,88.19,4190.248
1773602700000,88.19,88.29,88.15,88.22,2724.393
1773603000000,88.21,88.26,88.13,88.21,3882.852
1773603300000,88.21,88.24,88.09,88.1,3439.679
1773603600000,88.1,88.18,88.1,88.13,5604.865
1773603900000,88.13,88.14,88.08,88.1,2954.608
1773604200000,88.09,88.12,88.0,88.11,2768.782
1773604500000,88.1,88.24,88.1,88.19,2419.856
1773604800000,88.19,88.2,88.09,88.19,3074.809
1773605100000,88.19,88.24,88.11,88.14,1448.707
1773605400000,88.14,88.16,88.05,88.08,1899.338
1773605700000,88.07,88.18,88.04,88.06,2499.202
1773606000000,88.06,88.16,88.05,88.12,1177.221
1773606300000,88.12,88.17,87.98,88.14,4410.015
1773606600000,88.13,88.66,88.13,88.55,20168.868
1773606900000,88.55,89.0,88.55,88.92,26000.912
1773607200000,88.91,88.99,88.72,88.82,6376.794
1773607500000,88.82,88.91,88.71,88.81,8355.648
1773607800000,88.8,88.84,88.72,88.77,4997.269
1773608100000,88.77,88.82,88.73,88.76,3988.517
1773608400000,88.76,88.92,88.69,88.76,8097.046
1773608700000,88.76,88.83,88.65,88.69,4175.578
1773609000000,88.7,88.71,88.56,88.6,8038.351
1773609300000,88.6,88.8,88.6,88.77,6411.564
1773609600000,88.77,88.89,88.76,88.84,6725.206
1773609900000,88.83,88.99,88.82,88.85,9714.358
1773610200000,88.84,89.7,88.83,89.53,34428.051
1773610500000,89.53,90.14,89.49,89.79,34837.805
1773610800000,89.79,89.92,89.66,89.75,11400.841
1773611100000,89.74,90.3,89.74,89.88,28929.192
1773611400000,89.88,89.91,89.75,89.89,4778.538
1773611700000,89.9,90.02,89.87,90.0,4953.239
1773612000000,90.0,91.0,89.84,90.98,100093.74
1773612300000,90.98,91.02,90.26,90.32,136181.348
1773612600000,90.32,90.35,90.01,90.12,23510.501
1773612900000,90.12,90.39,89.97,90.23,22734.711
1773613200000,90.24,90.39,90.19,90.33,15288.752
1773613500000,90.34,90.5,90.3,90.44,7712.463
1773613800000,90.44,91.48,90.43,91.09,55037.559
1773614100000,91.09,91.59,91.06,91.57,33182.868
1773614400000,91.58,92.58,91.51,92.01,129245.381
1773614700000,92.01,92.52,92.0,92.2,36107.225
1773615000000,92.2,92.93,92.19,92.42,70344.268
1773615300000,92.41,92.69,92.39,92.64,29172.273
1773615600000,92.65,92.96,92.64,92.74,44095.421
1773615900000,92.73,93.23,92.69,92.84,75574.079
1773616200000,92.84,92.94,92.48,92.7,36342.745
1773616500000,92.7,93.06,92.35,92.5,76923.915
1773616800000,92.5,92.72,92.12,92.24,48782.75
1773617100000,92.24,92.29,91.78,91.79,37700.323
1773617400000,91.8,92.0,91.61,91.9,37437.213
1773617700000,91.9,92.05,91.72,91.83,19588.483
1773618000000,91.83,92.29,91.79,92.26,22809.155
1773618300000,92.26,92.42,92.11,92.29,16957.226
1773618600000,92.29,92.29,91.96,92.07,12167.955
1773618900000,92.06,92.39,92.06,92.3,9450.862
1773619200000,92.31,93.0,92.31,92.92,62135.45
1773619500000,92.92,93.06,92.69,92.69,36321.991
1773619800000,92.69,92.74,92.3,92.33,18451.485
1773620100000,92.34,92.71,92.27,92.32,27758.571
1773620400000,92.31,92.34,92.02,92.12,19775.619
1773620700000,92.12,92.16,91.94,91.97,8680.558
1773621000000,91.97,92.24,91.97,92.22,15974.651
1773621300000,92.22,92.4,92.05,92.06,24593.162
1773621600000,92.06,92.13,91.88,92.07,13740.37
1773621900000,92.06,92.29,92.06,92.19,11887.142
1773622200000,92.19,92.22,92.04,92.12,12727.55
1773622500000,92.12,92.17,92.0,92.01,7040.156
1773622800000,92.02,92.16,91.67,91.75,17743.604
1773623100000,91.75,91.94,91.74,91.91,16255.185
1773623400000,91.9,92.07,91.56,91.59,14820.039
1773623700000,91.59,91.78,91.49,91.75,40820.781
1773624000000,91.76,92.15,91.75,92.07,12659.493
1773624300000,92.08,92.14,91.9,91.95,11171.784
1773624600000,91.95,91.95,91.55,91.57,10781.874
1773624900000,91.57,91.81,91.56,91.66,13686.005
1773625200000,91.66,91.78,91.6,91.74,7997.211
1773625500000,91.74,91.89,91.71,91.8,7258.801
1773625800000,91.79,92.25,91.79,92.19,19310.556
1773626100000,92.19,92.22,92.03,92.11,7720.777
1773626400000,92.11,92.26,92.05,92.26,10888.327
1773626700000,92.26,92.28,92.07,92.21,9413.698
1773627000000,92.21,92.21,91.9,91.98,14675.506
1773627300000,91.98,92.05,91.74,91.75,8426.065
1773627600000,91.75,91.79,91.56,91.58,16284.989
1773627900000,91.58,91.58,91.19,91.32,17933.671
1773628200000,91.32,91.34,91.18,91.3,11734.005
1773628500000,91.31,91.5,91.29,91.39,7407.848
1773628800000,91.4,91.45,91.32,91.41,2969.517
1773629100000,91.41,91.58,91.4,91.47,4954.779
1773629400000,91.48,91.62,91.48,91.57,4200.777
1773629700000,91.58,91.65,91.47,91.48,7232.056
1773630000000,91.48,91.51,91.27,91.51,9577.173
1773630300000,91.5,91.59,91.34,91.56,5011.072
1773630600000,91.56,91.61,91.49,91.53,3447.27
1773630900000,91.52,91.67,91.43,91.66,4386.464
1773631200000,91.66,92.25,91.62,92.22,26138.333
1773631500000,92.22,92.31,91.98,92.13,15481.719
1773631800000,92.12,93.82,92.12,93.68,165158.39
1773632100000,93.67,93.88,93.36,93.61,84996.607
1773632400000,93.61,94.0,93.07,93.26,66898.576
1773632700000,93.27,93.48,92.97,93.11,41543.967
1773633000000,93.12,93.35,93.08,93.3,16044.214
1773633300000,93.31,93.32,93.0,93.16,20207.305
1773633600000,93.17,93.5,93.17,93.4,17244.469
1773633900000,93.39,93.59,93.34,93.42,19138.262
1773634200000,93.42,93.42,93.24,93.35,10095.327
1773634500000,93.35,93.6,93.31,93.39,13577.218
1773634800000,93.39,93.75,93.22,93.31,25278.012
1773635100000,93.3,93.3,92.94,93.06,36335.02
1773635400000,93.05,93.29,92.96,93.05,14208.051
1773635700000,93.04,93.32,92.97,93.11,32811.709
1773636000000,93.11,93.2,92.97,93.11,15418.741
1773636300000,93.11,93.66,93.07,93.62,23760.373
1773636600000,93.61,93.97,93.52,93.93,36770.057
1773636900000,93.93,94.24,93.42,93.62,68316.659
1773637200000,93.63,93.68,93.21,93.35,26025.228
1773637500000,93.35,93.52,93.32,93.45,22680.494
1773637800000,93.45,93.96,93.44,93.66,31645.732
1773638100000,93.66,93.82,93.55,93.78,18887.664
1773638400000,93.79,94.11,93.78,94.08,36373.039
1773638700000,94.08,94.18,93.95,94.12,18362.03
1773639000000,94.12,94.12,93.75,93.79,16411.937
1773639300000,93.78,94.14,93.73,94.11,17974.824
1773639600000,94.11,94.21,94.02,94.06,20412.773
1773639900000,94.06,94.18,94.0,94.06,27273.358
1773640200000,94.06,94.11,93.86,93.94,19582.593
1773640500000,93.94,94.32,93.92,94.04,36381.361
1773640800000,94.05,94.05,93.53,93.56,16988.413
1773641100000,93.56,93.63,93.32,93.33,24505.436
1773641400000,93.34,93.47,93.15,93.31,22162.307
1773641700000,93.31,94.0,93.29,93.65,87994.213
1773642000000,93.64,93.65,93.44,93.51,18943.182
1773642300000,93.5,93.55,93.4,93.44,8263.998
1773642600000,93.44,93.63,93.42,93.53,11437.281
1773642900000,93.52,93.66,93.52,93.58,9063.265
1773643200000,93.58,93.68,93.57,93.62,6439.241
1773643500000,93.63,93.63,93.44,93.47,7766.494
1773643800000,93.47,93.61,93.46,93.57,7454.554
1773644100000,93.58,93.64,93.4,93.4,3729.457
1773644400000,93.41,93.67,93.34,93.62,8254.04
1773644700000,93.63,93.72,93.57,93.67,9037.828
1773645000000,93.67,93.8,93.66,93.71,9732.385
1773645300000,93.7,93.7,93.45,93.63,11950.626
1773645600000,93.63,93.65,93.53,93.53,4537.057
1773645900000,93.52,93.8,93.48,93.77,30226.168
1773646200000,93.77,93.86,93.65,93.72,14093.174
1773646500000,93.71,93.82,93.34,93.37,18078.783
1773646800000,93.36,93.68,93.32,93.55,9840.741
1773647100000,93.54,93.67,93.47,93.51,13594.245
1773647400000,93.5,93.55,93.43,93.5,4646.336
1773647700000,93.5,93.69,93.5,93.56,11380.182
1773648000000,93.56,93.98,93.56,93.94,14800.315
1773648300000,93.94,94.02,93.89,93.9,7373.822
1773648600000,93.9,93.97,93.57,93.59,9746.038
1773648900000,93.58,93.66,93.29,93.57,12135.489
1773649200000,93.57,93.72,93.43,93.69,8388.109
1773649500000,93.68,93.68,93.28,93.31,6320.73
1773649800000,93.3,93.35,92.89,93.02,25153.184
1773650100000,93.02,93.18,92.82,92.84,19460.187
1773650400000,92.85,93.04,92.61,92.67,21138.056
1773650700000,92.67,92.99,92.61,92.91,19000.145
1773651000000,92.91,93.03,92.57,93.0,18954.736
1773651300000,92.99,93.0,92.8,92.86,4629.838
1773651600000,92.86,92.96,92.73,92.82,6625.048
1773651900000,92.83,92.93,92.73,92.93,6163.101
1773652200000,92.93,93.02,92.83,92.94,7152.523
1773652500000,92.94,93.03,92.9,92.96,8460.652
1773652800000,92.96,93.06,92.85,93.01,8212.332
1773653100000,93.01,93.33,93.01,93.1,16966.755
1773653400000,93.11,93.28,93.06,93.07,9669.505
1773653700000,93.07,93.19,93.07,93.09,3025.254
1773654000000,93.09,93.19,93.06,93.08,4014.074
1773654300000,93.09,93.46,93.09,93.45,14778.87
1773654600000,93.44,93.47,93.33,93.35,7548.876
1773654900000,93.35,93.37,93.23,93.29,4879.358
1773655200000,93.3,93.56,93.3,93.46,18549.874
1773655500000,93.46,93.49,93.26,93.43,8288.07
1773655800000,93.42,93.5,93.37,93.5,3912.581
1773656100000,93.49,93.6,93.45,93.47,6542.335
1773656400000,93.48,93.74,93.43,93.55,14562.916
1773656700000,93.56,93.64,93.5,93.54,4497.144
1773657000000,93.53,93.54,93.38,93.42,7273.995
1773657300000,93.42,93.42,93.3,93.4,6619.084
1773657600000,93.39,93.51,93.34,93.42,4938.895
1773657900000,93.43,93.71,93.36,93.7,6286.413
1773658200000,93.7,93.86,93.67,93.78,12410.729
1773658500000,93.78,93.96,93.78,93.9,15686.533
1773658800000,93.9,93.99,93.74,93.76,17148.107
1773659100000,93.77,93.88,93.77,93.82,4041.134
1773659400000,93.82,93.9,93.74,93.76,3833.342
1773659700000,93.76,93.9,93.74,93.86,4448.296
1773660000000,93.85,93.85,93.63,93.65,4332.677
1773660300000,93.65,93.74,93.53,93.58,7026.295
1773660600000,93.58,93.75,93.53,93.72,5365.43
1773660900000,93.73,93.78,93.67,93.75,3998.388
1773661200000,93.74,93.81,93.69,93.81,4204.85
1773661500000,93.81,93.96,93.81,93.86,5300.021
1773661800000,93.86,93.88,93.71,93.75,14782.958
1773662100000,93.75,93.8,93.72,93.75,4343.344
1773662400000,93.75,94.2,93.75,93.82,24185.79
1773662700000,93.82,93.95,93.64,93.73,12965.195
1773663000000,93.72,93.8,93.4,93.77,22512.529
1773663300000,93.76,94.08,93.66,94.05,51537.953
1773663600000,94.06,94.18,93.78,93.98,15994.147
1773663900000,93.97,94.12,93.8,94.04,25991.665
1773664200000,94.04,94.19,93.85,93.96,32302.494
1773664500000,93.97,94.04,93.74,93.89,14675.854
1773664800000,93.9,93.99,93.79,93.81,9568.769
1773665100000,93.82,93.94,93.74,93.79,6918.798
1773665400000,93.8,93.87,93.7,93.73,4263.49
1773665700000,93.73,93.82,93.7,93.77,5563.303
1773666000000,93.78,93.92,93.76,93.85,11844.725
1773666300000,93.85,94.02,93.59,93.66,16658.122
1773666600000,93.65,93.88,93.55,93.87,7909.113
1773666900000,93.87,93.93,93.71,93.78,7367.434
1773667200000,93.78,94.1,93.74,94.02,9618.423
1773667500000,94.02,94.16,93.98,94.13,8485.285
1773667800000,94.12,95.13,94.01,94.99,83497.033
1773668100000,94.99,95.05,94.6,94.82,68906.212
1773668400000,94.82,95.01,93.77,93.97,59945.265
1773668700000,93.96,94.6,93.92,94.06,52557.12
1773669000000,94.06,94.1,93.51,93.53,40188.462
1773669300000,93.53,93.8,93.43,93.68,23885.859
1773669600000,93.68,94.14,93.55,93.99,35069.335
1773669900000,93.99,94.47,93.85,94.32,27211.704
1773670200000,94.32,94.54,94.11,94.37,22808.296
1773670500000,94.38,94.53,94.15,94.15,22008.728
1773670800000,94.15,94.46,93.92,94.05,35986.304
1773671100000,94.05,94.06,93.24,93.25,37098.007
1773671400000,93.25,93.27,92.46,92.89,196126.642
1773671700000,92.88,93.03,92.51,92.53,36250.343
1773672000000,92.53,92.8,92.37,92.66,33441.42
1773672300000,92.66,92.97,92.64,92.75,28619.114
1773672600000,92.74,93.22,92.58,93.17,24950.319
1773672900000,93.16,93.61,93.13,93.6,22370.396
1773673200000,93.61,93.75,93.42,93.52,19436.091
1773673500000,93.51,93.62,93.14,93.6,25272.345
1773673800000,93.59,93.95,93.47,93.69,15061.549
1773674100000,93.69,94.02,93.55,94.01,17701.194
1773674400000,94.02,94.12,93.83,94.0,39591.088
1773674700000,94.0,94.09,93.8,94.08,58243.399
1773675000000,94.09,94.35,93.81,93.88,80082.257
1773675300000,93.89,94.08,93.72,93.8,23908.464
1773675600000,93.8,93.94,93.64,93.71,30295.596
1773675900000,93.71,93.97,93.66,93.71,34720.039
1773676200000,93.71,93.72,93.19,93.34,22112.493
1773676500000,93.34,93.35,93.09,93.2,18163.391
1773676800000,93.2,93.42,93.15,93.31,13660.274
1773677100000,93.31,93.67,93.29,93.33,14097.304
1773677400000,93.33,93.43,93.13,93.18,8149.201
1773677700000,93.19,93.49,93.15,93.29,18174.072
1773678000000,93.29,93.38,93.2,93.23,11760.555
1773678300000,93.22,93.35,93.14,93.34,10585.862
1773678600000,93.33,93.53,93.18,93.31,10287.878
1773678900000,93.31,93.47,93.25,93.46,8028.212
1773679200000,93.45,93.85,93.44,93.77,14448.9
1773679500000,93.76,93.77,93.46,93.58,11455.915
1773679800000,93.58,94.06,93.55,93.9,109388.47
1773680100000,93.9,93.98,93.77,93.81,18222.274
1773680400000,93.82,94.06,93.7,93.83,18637.075
1773680700000,93.84,94.06,93.82,93.9,8339.83
1773681000000,93.9,94.06,93.9,93.97,9402.06
1773681300000,93.97,94.04,93.78,93.99,7976.403
1773681600000,93.99,94.23,93.91,93.95,16521.474
1773681900000,93.95,94.03,93.7,93.71,8119.703
1773682200000,93.71,94.07,93.71,93.78,22804.953
1773682500000,93.77,94.18,93.77,94.16,8966.025
1773682800000,94.15,94.21,94.04,94.13,9724.105
1773683100000,94.12,94.4,94.07,94.11,18140.324
1773683400000,94.11,94.13,93.86,94.08,14824.349
1773683700000,94.07,94.13,94.01,94.08,6952.849
1773684000000,94.08,94.33,94.05,94.32,9235.286
1773684300000,94.32,94.86,94.25,94.81,36291.894
1773684600000,94.8,94.8,94.49,94.61,26928.994
1773684900000,94.6,94.97,94.55,94.74,26677.081
1773685200000,94.74,94.96,94.63,94.87,18139.657
1773685500000,94.88,95.09,94.69,94.77,25598.209
1773685800000,94.77,95.01,94.61,94.98,16516.329
1773686100000,94.98,95.04,94.46,94.57,19551.122
1773686400000,94.57,94.89,94.57,94.74,12846.08
1773686700000,94.74,94.74,94.49,94.64,8450.097
1773687000000,94.64,94.65,94.4,94.46,11758.33
1773687300000,94.46,94.56,94.32,94.38,14557.296
1773687600000,94.39,94.5,94.16,94.31,8375.443
1773687900000,94.31,95.2,94.22,95.16,21882.981
1773688200000,95.16,95.45,94.86,95.17,44541.147
1773688500000,95.16,95.42,94.96,95.01,27168.228
1773688800000,95.02,95.1,94.93,95.0,8978.373
1773689100000,95.0,95.14,94.75,95.1,8721.907
1773689400000,95.1,95.31,95.07,95.09,10018.693
1773689700000,95.09,95.14,95.0,95.09,11789.999
1773690000000,95.08,95.16,95.04,95.07,5932.18
1773690300000,95.07,95.09,94.69,94.89,11473.653
1773690600000,94.9,95.18,94.86,95.16,22278.451
1773690900000,95.17,95.48,95.17,95.21,26635.977
1773691200000,95.21,95.26,95.06,95.23,11257.098
1773691500000,95.24,95.37,95.22,95.3,8085.098
1773691800000,95.31,95.4,95.24,95.34,4672.76
1773692100000,95.34,95.65,95.3,95.4,24700.747
1773692400000,95.4,95.6,95.39,95.52,15446.365
1773692700000,95.51,95.9,95.49,95.71,23195.132
1773693000000,95.7,95.96,95.69,95.93,13962.421
1773693300000,95.93,95.97,95.73,95.93,12094.758
1773693600000,95.94,95.94,95.54,95.55,11259.833
1773693900000,95.56,95.65,95.48,95.52,7943.233
1773694200000,95.52,95.88,95.52,95.88,19102.221
1773694500000,95.88,95.96,95.78,95.78,6843.17
1773694800000,95.77,96.0,95.58,95.91,15942.229
1773695100000,95.91,95.94,95.5,95.73,23261.073
1773695400000,95.73,96.15,95.72,95.89,29998.966
1773695700000,95.88,96.14,95.86,96.0,24464.964
1773696000000,96.0,96.14,95.82,96.0,13552.926
1773696300000,95.99,96.0,95.67,95.8,7214.206
1773696600000,95.81,96.13,95.73,96.11,7444.782
1773696900000,96.11,96.88,96.0,96.48,58807.818
1773697200000,96.49,96.56,96.11,96.41,18920.258
1773697500000,96.41,96.69,96.4,96.67,10292.058
1773697800000,96.67,96.84,96.52,96.59,10501.532
1773698100000,96.59,96.6,96.17,96.17,12632.441
1773698400000,96.17,96.81,96.17,96.76,11426.669
1773698700000,96.76,97.68,96.73,97.63,61911.912
1773699000000,97.62,97.62,97.17,97.28,22721.937
1773699300000,97.28,97.36,96.95,97.1,20040.674
1773699600000,97.09,97.09,96.56,96.59,14046.053
1773699900000,96.59,96.67,96.24,96.5,31059.42
1773700200000,96.49,96.71,96.45,96.6,14044.651
1773700500000,96.61,96.77,96.57,96.76,10022.421
1773700800000,96.76,96.76,96.56,96.72,17539.475
1773701100000,96.71,96.88,96.63,96.7,10003.255
1773701400000,96.71,96.76,96.22,96.26,18411.939
1773701700000,96.27,96.37,96.19,96.37,13745.249
1773702000000,96.36,96.36,95.74,95.8,33028.849
1773702300000,95.8,95.98,95.43,95.5,41438.2
1773702600000,95.49,95.74,95.41,95.68,19531.988
1773702900000,95.67,95.86,95.64,95.64,12004.916
1773703200000,95.64,95.79,95.6,95.72,9601.302
1773703500000,95.73,95.98,95.72,95.95,6404.672
1773703800000,95.95,96.12,95.91,96.02,10237.607
1773704100000,96.02,96.1,95.95,96.01,6941.897
1773704400000,96.02,96.34,96.02,96.32,13523.991
1773704700000,96.33,96.47,96.26,96.32,17071.821
1773705000000,96.32,96.36,96.0,96.16,9681.352
1773705300000,96.15,96.27,96.12,96.2,6327.366
1773705600000,96.19,96.2,95.72,95.89,21243.057
1773705900000,95.89,96.31,95.84,96.21,17517.896
1773706200000,96.21,96.95,96.21,96.74,46822.527
1773706500000,96.74,96.81,96.0,96.02,45683.896
1773706800000,96.03,96.06,95.5,95.52,22693.515
1773707100000,95.52,95.75,95.36,95.75,23913.137
1773707400000,95.75,96.12,95.68,95.85,30178.011
1773707700000,95.85,95.99,95.5,95.53,13939.266
1773708000000,95.53,95.6,95.36,95.51,10922.916
1773708300000,95.5,95.7,95.48,95.57,9864.506
1773708600000,95.57,95.57,95.16,95.24,21825.742
1773708900000,95.25,95.5,95.13,95.49,18832.903
1773709200000,95.49,95.6,95.01,95.06,21656.239
1773709500000,95.06,95.53,94.95,95.39,30938.875
1773709800000,95.39,96.09,95.3,95.83,44939.106
1773710100000,95.84,95.91,95.55,95.83,21721.69
1773710400000,95.82,95.88,95.37,95.5,13301.349
1773710700000,95.5,95.79,95.47,95.74,16664.829
1773711000000,95.75,95.88,95.53,95.88,13741.97
1773711300000,95.88,96.04,95.61,95.69,14550.752
1773711600000,95.69,95.77,95.29,95.61,20629.596
1773711900000,95.61,95.74,95.47,95.49,6774.439
1773712200000,95.49,95.62,95.33,95.45,11758.418
1773712500000,95.44,95.78,95.44,95.72,5756.626
1773712800000,95.72,95.77,95.64,95.66,3288.859
1773713100000,95.66,95.67,95.02,95.14,20516.781
1773713400000,95.15,95.22,95.06,95.19,9868.168
1773713700000,95.2,95.27,95.12,95.12,6536.455
1773714000000,95.13,95.21,94.95,95.04,11781.004
1773714300000,95.05,95.14,94.98,95.05,5322.378
1773714600000,95.05,95.28,94.88,95.24,12551.998
1773714900000,95.24,95.58,95.24,95.54,5749.655
1773715200000,95.54,95.61,95.42,95.47,5164.74
1773715500000,95.47,95.6,95.29,95.34,8248.432
1773715800000,95.35,95.48,95.28,95.4,8021.13
1773716100000,95.41,95.42,95.13,95.15,6563.627
1773716400000,95.14,95.29,95.07,95.12,6664.695
1773716700000,95.12,95.18,94.98,95.02,7908.772
1773717000000,95.01,95.1,94.78,94.81,22346.456
1773717300000,94.8,94.93,94.75,94.89,9010.468
1773717600000,94.88,94.88,94.53,94.68,20814.622
1773717900000,94.68,94.81,94.63,94.66,9089.978
1773718200000,94.66,94.67,94.1,94.28,37216.005
1773718500000,94.28,94.37,94.11,94.32,10443.317
1773718800000,94.32,94.32,93.93,94.03,22452.139
1773719100000,94.04,94.06,93.8,93.85,32564.81
1773719400000,93.86,94.07,93.71,93.91,23361.29
1773719700000,93.9,94.14,93.77,94.07,12824.728
1773720000000,94.07,94.28,94.01,94.07,15052.689
1773720300000,94.08,94.2,94.02,94.12,5653.418
1773720600000,94.12,94.19,94.04,94.17,9556.679
1773720900000,94.18,94.21,93.81,93.84,13043.398
1773721200000,93.85,93.9,93.5,93.72,16875.687
1773721500000,93.73,93.84,93.62,93.77,8444.966
1773721800000,93.78,93.9,93.5,93.59,15889.269
1773722100000,93.59,93.61,93.28,93.34,17496.098
1773722400000,93.34,93.63,93.2,93.46,18731.727
1773722700000,93.46,93.73,93.44,93.72,6514.325
1773723000000,93.73,93.81,93.71,93.78,6152.669
1773723300000,93.78,93.87,93.75,93.8,4887.322
1773723600000,93.8,93.81,93.57,93.81,4566.904
1773723900000,93.8,93.95,93.74,93.8,7016.274
1773724200000,93.79,93.98,93.75,93.82,7271.737
1773724500000,93.82,94.04,93.81,93.94,4790.37
1773724800000,93.93,93.93,93.78,93.88,4495.582
1773725100000,93.88,94.07,93.88,94.01,4983.12
1773725400000,94.01,94.1,93.93,93.95,5160.192
1773725700000,93.95,93.97,93.6,93.69,15358.813
1773726000000,93.7,93.82,93.45,93.49,6265.278
1773726300000,93.48,93.58,93.36,93.54,9975.148
1773726600000,93.53,93.87,93.53,93.87,6266.294
1773726900000,93.87,93.9,93.72,93.8,6346.598
1773727200000,93.8,93.86,93.55,93.62,12937.718
1773727500000,93.61,93.73,93.47,93.68,6443.747
1773727800000,93.67,94.12,93.67,94.07,8394.913
1773728100000,94.07,94.12,93.97,94.0,5807.482
1773728400000,94.0,94.3,94.0,94.24,7957.973
1773728700000,94.24,94.25,94.12,94.2,5659.49
1773729000000,94.19,94.25,93.95,94.13,6377.487
1773729300000,94.13,94.19,94.06,94.17,6493.726
1773729600000,94.18,94.19,93.85,93.89,11293.966
1773729900000,93.89,93.95,93.78,93.88,8116.559
1773730200000,93.88,94.04,93.88,93.89,8435.775
1773730500000,93.88,93.96,93.88,93.89,2955.975
1773730800000,93.9,94.11,93.87,94.09,11369.2
1773731100000,94.09,94.17,94.06,94.08,5707.155
1773731400000,94.07,94.31,94.07,94.3,6172.088
1773731700000,94.3,94.62,94.29,94.62,15305.682
1773732000000,94.63,94.66,94.49,94.57,7855.223
1773732300000,94.57,94.57,94.48,94.54,4184.227
1773732600000,94.53,94.55,94.47,94.52,7356.383
1773732900000,94.53,94.61,94.43,94.53,6467.947
1773733200000,94.53,94.64,94.45,94.53,3507.456
1773733500000,94.53,94.61,94.45,94.53,2867.857
1773733800000,94.53,94.53,94.37,94.39,4481.336
1773734100000,94.39,94.47,94.37,94.44,2990.756
1773734400000,94.43,94.83,94.43,94.73,10250.644
1773734700000,94.74,94.74,94.55,94.58,6885.901
1773735000000,94.57,94.62,94.37,94.5,9706.026
1773735300000,94.49,94.64,94.29,94.61,5002.027
1773735600000,94.61,94.71,94.51,94.54,4954.674
1773735900000,94.55,94.7,94.55,94.61,3087.81
1773736200000,94.61,94.7,94.58,94.62,5520.098
1773736500000,94.62,94.64,94.48,94.56,2965.647
1773736800000,94.56,94.86,94.53,94.83,11262.601
1773737100000,94.83,94.95,94.78,94.81,6280.473
1773737400000,94.81,94.85,94.69,94.74,4583.449
1773737700000,94.74,94.77,94.3,94.41,13602.971
1773738000000,94.41,94.5,94.17,94.19,9662.318
1773738300000,94.18,94.26,94.06,94.17,7247.878
1773738600000,94.16,94.22,94.14,94.19,6386.797
1773738900000,94.19,94.53,94.13,94.52,9895.066
1773739200000,94.52,94.62,94.4,94.58,10800.307
1773739500000,94.59,95.09,94.59,94.74,43683.499
1773739800000,94.73,94.82,94.58,94.64,8333.492
1773740100000,94.63,94.75,94.56,94.7,5763.531
1773740400000,94.7,94.75,94.52,94.66,4599.106
1773740700000,94.67,94.67,94.56,94.56,3543.539
1773741000000,94.57,94.61,94.0,94.01,23013.676
1773741300000,94.01,94.01,93.69,93.9,17848.07
1773741600000,93.9,94.06,93.87,93.88,4780.169
1773741900000,93.88,93.93,93.61,93.83,18124.552
1773742200000,93.84,94.04,93.8,93.86,5528.023
1773742500000,93.85,93.88,93.53,93.78,16781.93
1773742800000,93.78,93.82,93.7,93.75,3528.553
1773743100000,93.74,93.81,93.64,93.68,6155.155
1773743400000,93.68,93.7,93.52,93.68,6486.846
1773743700000,93.67,93.73,93.46,93.6,10041.486
1773744000000,93.61,93.63,93.47,93.56,5137.065
1773744300000,93.56,93.58,93.35,93.35,7367.814
1773744600000,93.35,93.56,93.25,93.49,8282.993
1773744900000,93.48,93.63,93.47,93.57,4506.647
1773745200000,93.58,93.6,93.4,93.52,5920.519
1773745500000,93.52,93.75,93.52,93.75,11463.068
1773745800000,93.74,93.77,93.69,93.75,8303.614
1773746100000,93.76,93.87,93.66,93.77,17085.094
1773746400000,93.76,93.8,93.58,93.78,5224.3
1773746700000,93.78,93.91,93.76,93.79,4914.462
1773747000000,93.78,93.8,93.65,93.74,5939.609
1773747300000,93.74,93.84,93.67,93.76,3508.27
1773747600000,93.77,93.8,93.71,93.8,3508.148
1773747900000,93.79,93.9,93.72,93.84,5950.456
1773748200000,93.85,93.91,93.73,93.74,5839.394
1773748500000,93.73,93.73,93.58,93.66,5027.183
1773748800000,93.67,93.78,93.61,93.78,6662.36
1773749100000,93.77,93.95,93.75,93.95,5039.351
1773749400000,93.96,94.08,93.8,93.86,7354.626
1773749700000,93.87,94.05,93.66,94.02,6225.833
1773750000000,94.02,94.07,93.61,93.63,7823.75
1773750300000,93.63,93.66,93.3,93.44,11870.651
1773750600000,93.45,93.6,93.38,93.52,5589.093
1773750900000,93.52,93.65,93.15,93.59,11330.914
1773751200000,93.58,93.6,93.45,93.55,3698.025
1773751500000,93.54,93.54,93.34,93.39,3558.029
1773751800000,93.39,93.43,93.26,93.4,5818.649
1773752100000,93.4,93.46,93.26,93.42,7786.172
1773752400000,93.41,93.54,93.35,93.54,9154.106
1773752700000,93.53,93.61,93.49,93.58,4716.441
1773753000000,93.58,93.72,93.58,93.72,3452.361
1773753300000,93.72,93.74,93.57,93.7,7228.373
1773753600000,93.69,93.76,93.57,93.58,6486.163
1773753900000,93.59,93.68,93.52,93.63,3840.431
1773754200000,93.62,94.47,93.55,94.1,24622.528
1773754500000,94.11,94.44,93.97,94.43,19363.033
1773754800000,94.42,94.56,93.88,93.92,15654.217
1773755100000,93.92,94.07,93.79,94.01,25880.895
1773755400000,94.01,94.05,93.4,93.78,16748.667
1773755700000,93.78,94.0,93.66,93.8,12375.009
1773756000000,93.8,93.87,93.5,93.67,10568.198
1773756300000,93.68,94.2,93.6,94.12,11981.369
1773756600000,94.13,94.31,93.98,94.14,7117.836
1773756900000,94.14,94.3,93.82,94.09,14742.397
1773757200000,94.09,94.29,94.01,94.15,7398.1
1773757500000,94.14,94.29,93.98,94.22,6326.667
1773757800000,94.21,94.54,94.17,94.46,11108.547
1773758100000,94.47,94.68,94.3,94.35,15179.401
1773758400000,94.36,94.53,94.22,94.45,9163.319
1773758700000,94.44,94.63,94.28,94.32,13667.281
1773759000000,94.32,94.41,94.08,94.32,7843.043
1773759300000,94.33,94.53,94.32,94.5,8692.196
1773759600000,94.5,95.13,94.48,94.92,33040.364
1773759900000,94.92,94.96,94.26,94.3,17144.342
1773760200000,94.3,94.3,93.91,93.92,20555.154
1773760500000,93.91,94.19,93.86,94.12,7498.281
1773760800000,94.13,94.25,93.75,93.76,13939.781
1773761100000,93.75,93.91,93.66,93.83,15281.145
1773761400000,93.82,94.01,93.61,93.72,7311.155
1773761700000,93.72,93.79,93.25,93.53,20456.228
1773762000000,93.53,93.65,93.36,93.58,8499.995
1773762300000,93.58,93.68,93.41,93.5,10500.642
1773762600000,93.51,93.9,93.51,93.84,7188.744
1773762900000,93.84,93.85,93.73,93.82,5853.867
1773763200000,93.82,93.94,93.72,93.89,4423.896
1773763500000,93.89,94.13,93.83,94.1,6666.51
1773763800000,94.11,94.24,94.02,94.05,8072.837
1773764100000,94.05,94.44,94.03,94.44,11965.125
1773764400000,94.44,94.76,94.34,94.73,14651.313
1773764700000,94.73,94.79,94.46,94.53,14993.1
1773765000000,94.52,94.6,94.27,94.4,25324.828
1773765300000,94.4,94.44,94.2,94.29,10710.538
1773765600000,94.3,94.44,94.19,94.41,4535.955
1773765900000,94.4,94.46,94.15,94.31,4043.008
1773766200000,94.31,94.51,94.3,94.44,4157.54
1773766500000,94.44,94.48,94.29,94.39,1683.898
1773766800000,94.39,94.72,94.39,94.64,6728.263
1773767100000,94.63,94.63,94.49,94.52,17645.878
1773767400000,94.53,94.53,94.15,94.35,4753.921
1773767700000,94.34,94.51,94.23,94.49,3136.812
1773768000000,94.49,94.71,94.48,94.6,5744.166
1773768300000,94.6,94.6,94.32,94.35,4977.103
1773768600000,94.35,94.47,94.22,94.25,5277.666
1773768900000,94.24,94.43,94.23,94.43,5078.593
1773769200000,94.42,94.56,94.36,94.37,4438.449
1773769500000,94.37,94.54,94.27,94.54,5079.924
1773769800000,94.54,94.67,94.5,94.51,4154.759
1773770100000,94.52,94.58,94.45,94.57,6666.06
1773770400000,94.57,94.67,94.45,94.66,6569.872
1773770700000,94.66,94.89,94.59,94.89,4408.137
1773771000000,94.89,95.03,94.85,94.93,12514.514
1773771300000,94.92,95.17,94.88,95.06,11870.339
1773771600000,95.07,95.18,95.02,95.07,6437.542
1773771900000,95.08,95.14,94.93,94.95,8360.564
1773772200000,94.96,95.59,94.94,95.41,19264.275
1773772500000,95.41,95.58,95.35,95.49,5907.98
1773772800000,95.5,95.58,95.32,95.33,9792.438
1773773100000,95.32,95.47,95.32,95.33,4483.375
1773773400000,95.32,95.36,95.24,95.28,7659.821
1773773700000,95.28,95.32,94.91,95.32,14341.414
1773774000000,95.33,95.51,95.3,95.38,11738.583
1773774300000,95.38,95.57,95.32,95.39,9399.589
1773774600000,95.39,95.55,95.31,95.32,7343.461
1773774900000,95.33,95.42,95.24,95.25,7481.116
1773775200000,95.25,95.26,95.0,95.09,5879.008
1773775500000,95.08,95.19,94.92,95.09,5466.7
1773775800000,95.09,95.1,94.85,94.89,6262.265
1773776100000,94.89,95.2,94.89,95.07,4512.297
1773776400000,95.07,95.09,94.92,94.98,4476.326
1773776700000,94.98,95.02,94.61,94.89,11005.529
1773777000000,94.89,94.89,94.62,94.83,5698.06
1773777300000,94.82,94.82,94.64,94.67,20382.522
1773777600000,94.66,94.8,94.58,94.62,7175.005
1773777900000,94.62,94.62,94.41,94.55,8911.26
1773778200000,94.56,94.67,94.45,94.45,3465.566
1773778500000,94.45,94.62,94.45,94.56,4492.458
1773778800000,94.55,94.95,94.54,94.92,5712.816
1773779100000,94.91,95.03,94.86,94.95,5070.642
1773779400000,94.96,94.96,94.77,94.79,4198.053
1773779700000,94.78,94.88,94.75,94.84,2061.538
1773780000000,94.84,94.85,94.68,94.78,10573.395
1773780300000,94.77,94.95,94.76,94.94,2422.38
1773780600000,94.94,94.99,94.86,94.87,893.301
1773780900000,94.86,94.94,94.83,94.9,2237.181
1773781200000,94.89,94.99,94.84,94.91,2118.601
1773781500000,94.91,95.04,94.9,95.02,2781.387
1773781800000,95.03,95.46,95.02,95.26,10635.494
1773782100000,95.25,95.25,95.13,95.18,3343.816
1773782400000,95.18,95.25,95.12,95.18,2793.764
1773782700000,95.18,95.22,95.08,95.11,1542.904
1773783000000,95.12,95.12,94.95,95.03,4479.069
1773783300000,95.02,95.26,95.0,95.23,5001.362
1773783600000,95.22,95.38,95.16,95.34,5595.78
1773783900000,95.35,95.37,95.23,95.28,4355.089
1773784200000,95.27,95.3,95.14,95.27,2349.244
1773784500000,95.27,95.28,95.2,95.26,2588.384
1773784800000,95.27,95.51,95.13,95.5,6823.144
1773785100000,95.5,95.53,95.23,95.29,6138.193
1773785400000,95.29,95.47,95.18,95.46,17601.791
1773785700000,95.46,95.62,95.4,95.41,10244.307
1773786000000,95.4,95.43,95.32,95.35,5125.334
1773786300000,95.35,95.37,95.23,95.24,5317.422
1773786600000,95.23,95.23,94.96,95.05,6916.287
1773786900000,95.06,95.1,94.59,94.64,14618.625
1773787200000,94.64,94.95,94.59,94.87,7633.162
1773787500000,94.88,95.37,94.81,95.3,16580.802
1773787800000,95.29,95.52,95.23,95.29,10718.842
1773788100000,95.3,95.34,95.19,95.33,6355.179
1773788400000,95.32,95.38,95.23,95.27,3644.979
1773788700000,95.27,95.36,95.21,95.31,2664.512
1773789000000,95.32,95.44,95.29,95.3,3052.664
1773789300000,95.3,95.31,95.13,95.24,4326.411
1773789600000,95.24,95.3,94.88,95.01,10888.215
1773789900000,95.01,95.08,94.96,95.01,4068.203
1773790200000,95.0,95.0,94.79,94.87,4677.515
1773790500000,94.88,94.98,94.84,94.93,4514.61
1773790800000,94.92,94.92,94.67,94.72,6553.318
1773791100000,94.72,94.85,94.71,94.84,4099.056
1773791400000,94.83,94.87,94.67,94.73,4312.094
1773791700000,94.73,94.76,94.58,94.62,13979.438
1773792000000,94.61,94.84,94.52,94.7,23236.873
1773792300000,94.7,94.93,94.66,94.77,3789.798
1773792600000,94.76,94.83,94.67,94.68,3220.286
1773792900000,94.68,94.74,94.38,94.48,6156.49
1773793200000,94.49,94.53,94.12,94.16,9652.225
1773793500000,94.16,94.38,94.14,94.34,8109.835
1773793800000,94.34,94.39,94.12,94.21,6816.901
1773794100000,94.21,94.33,94.13,94.21,5980.152
1773794400000,94.2,94.39,94.1,94.39,5063.66
1773794700000,94.4,94.65,94.39,94.51,4708.82
1773795000000,94.51,94.68,94.5,94.52,3943.34
1773795300000,94.52,94.64,94.48,94.53,2875.215
1773795600000,94.54,94.76,94.49,94.68,3547.879
1773795900000,94.67,94.77,94.6,94.7,3543.627
1773796200000,94.71,94.74,94.47,94.59,3415.337
1773796500000,94.6,94.68,94.5,94.63,3413.247
1773796800000,94.63,94.78,94.6,94.68,2874.58
1773797100000,94.68,94.81,94.63,94.74,2703.389
1773797400000,94.74,94.93,94.7,94.87,5094.816
1773797700000,94.87,94.88,94.64,94.69,5769.472
1773798000000,94.69,94.84,94.69,94.73,10568.712
1773798300000,94.73,94.81,94.6,94.67,4439.265
1773798600000,94.68,94.68,94.32,94.36,6618.749
1773798900000,94.37,94.48,94.37,94.43,1811.928
1773799200000,94.43,94.54,94.41,94.48,6545.262
1773799500000,94.49,94.88,94.49,94.87,2317.127
1773799800000,94.87,95.0,94.81,94.92,4171.761
1773800100000,94.91,94.97,94.81,94.87,4954.003
1773800400000,94.87,94.9,94.76,94.81,2749.226
1773800700000,94.81,94.81,94.65,94.75,4118.924
1773801000000,94.74,95.16,94.71,95.01,13724.699
1773801300000,95.0,95.07,94.88,95.0,3686.101
1773801600000,94.99,95.1,94.94,95.1,2680.285
1773801900000,95.1,95.23,95.02,95.03,5541.12
1773802200000,95.03,95.08,94.94,94.97,5210.438
1773802500000,94.97,95.01,94.91,94.94,4459.59
1773802800000,94.94,95.06,94.94,95.02,3482.99
1773803100000,95.01,95.04,94.82,94.9,7400.441
1773803400000,94.9,94.97,94.88,94.9,2189.807
1773803700000,94.9,94.95,94.89,94.91,1080.8
1773804000000,94.92,95.38,94.91,95.33,7806.682
1773804300000,95.33,95.51,95.3,95.36,11012.191
1773804600000,95.36,95.59,95.36,95.48,7007.345
1773804900000,95.47,95.65,95.28,95.29,7532.128
1773805200000,95.29,95.33,95.18,95.28,1493.406
1773805500000,95.27,95.31,95.13,95.19,4626.025
1773805800000,95.18,95.19,95.06,95.12,2415.786
1773806100000,95.12,95.15,95.04,95.05,1138.907
1773806400000,95.06,95.12,94.98,95.03,4054.28
1773806700000,95.04,95.04,94.83,94.84,5358.155
1773807000000,94.85,94.88,94.77,94.81,12285.804
1773807300000,94.82,94.82,94.51,94.73,12111.094
1773807600000,94.73,94.82,94.6,94.62,4117.624
1773807900000,94.62,94.65,94.29,94.34,13357.76
1773808200000,94.34,94.36,94.0,94.22,18531.545
1773808500000,94.21,94.24,94.03,94.21,20289.542
1773808800000,94.21,94.21,94.13,94.16,3284.599
1773809100000,94.15,94.25,94.1,94.16,17530.149
1773809400000,94.15,94.22,94.15,94.17,6059.841
1773809700000,94.17,94.17,94.1,94.13,5349.956
1773810000000,94.13,94.28,93.98,94.03,19651.541
1773810300000,94.03,94.19,93.8,94.18,18639.945
1773810600000,94.19,94.39,94.18,94.34,8867.088
1773810900000,94.34,94.36,94.29,94.3,4716.615
1773811200000,94.31,94.31,94.1,94.18,3685.488
1773811500000,94.18,94.2,94.04,94.12,2272.785
1773811800000,94.13,94.29,94.1,94.1,4405.437
1773812100000,94.1,94.17,93.98,94.14,4596.36
1773812400000,94.14,94.14,94.03,94.07,2966.556
1773812700000,94.08,94.19,94.07,94.1,6620.712
1773813000000,94.09,94.09,93.82,93.83,8108.265
1773813300000,93.82,93.96,93.72,93.92,9584.11
1773813600000,93.92,94.08,93.92,94.05,2746.541
1773813900000,94.05,94.17,94.05,94.17,3513.41
1773814200000,94.17,94.24,94.13,94.22,2208.929
1773814500000,94.23,94.33,94.14,94.31,3366.7
1773814800000,94.31,94.63,94.17,94.58,4720.373
1773815100000,94.59,94.64,94.41,94.43,2711.946
1773815400000,94.44,94.57,94.43,94.45,2234.052
1773815700000,94.46,94.51,94.26,94.28,2909.077
1773816000000,94.28,94.33,94.2,94.33,2314.603
1773816300000,94.33,94.42,94.31,94.36,2063.401
1773816600000,94.35,94.42,94.35,94.41,1222.482
1773816900000,94.42,94.42,94.21,94.21,2284.953
1773817200000,94.22,94.3,94.13,94.19,2828.579
1773817500000,94.19,94.22,94.0,94.0,4668.771
1773817800000,94.01,94.21,94.0,94.21,4640.748
1773818100000,94.21,94.25,94.05,94.05,5124.818
1773818400000,94.05,94.09,94.0,94.08,6502.638
1773818700000,94.08,94.11,93.9,93.97,2745.711
1773819000000,93.97,93.99,93.91,93.92,3329.427
1773819300000,93.92,94.04,93.86,93.9,4278.411
1773819600000,93.89,94.02,93.85,93.88,3192.603
1773819900000,93.87,94.03,93.83,94.01,2948.612
1773820200000,94.01,94.1,93.94,93.94,34121.863
1773820500000,93.95,93.97,93.92,93.95,2826.705
1773820800000,93.95,94.19,93.94,94.13,4258.223
1773821100000,94.14,94.26,94.05,94.05,6707.892
1773821400000,94.05,94.13,93.99,94.1,1936.295
1773821700000,94.1,94.2,94.03,94.09,2893.718
1773822000000,94.1,94.24,94.09,94.23,2018.892
1773822300000,94.23,94.25,94.09,94.19,33273.519
1773822600000,94.19,94.21,94.05,94.2,35147.989
1773822900000,94.2,94.24,94.06,94.24,30389.306
1773823200000,94.23,94.23,94.12,94.21,7822.09
1773823500000,94.21,94.21,94.09,94.11,2887.26
1773823800000,94.12,94.2,94.09,94.09,7949.975
1773824100000,94.09,94.14,93.99,94.04,8591.278
1773824400000,94.04,94.1,93.95,94.09,4270.69
1773824700000,94.09,94.27,94.07,94.23,3407.051
1773825000000,94.23,94.35,94.2,94.28,3232.603
1773825300000,94.27,94.42,94.26,94.39,4372.995
1773825600000,94.39,94.4,94.23,94.27,4929.749
1773825900000,94.28,94.28,94.21,94.24,2456.951
1773826200000,94.24,94.32,94.23,94.3,4072.367
1773826500000,94.29,94.44,94.21,94.33,3714.5
1773826800000,94.33,94.39,94.3,94.31,3081.319
1773827100000,94.31,94.36,94.27,94.32,2150.31
1773827400000,94.32,94.35,94.14,94.18,2443.143
1773827700000,94.19,94.31,94.17,94.28,3742.156
1773828000000,94.28,94.33,94.13,94.13,4231.618
1773828300000,94.13,94.21,94.07,94.21,2429.542
1773828600000,94.21,94.43,94.2,94.36,3006.766
1773828900000,94.35,94.35,94.28,94.31,1586.577
1773829200000,94.3,94.32,94.27,94.32,2719.751
1773829500000,94.32,94.38,94.31,94.33,1847.371
1773829800000,94.33,94.42,94.2,94.2,2046.209
1773830100000,94.2,94.21,93.98,94.0,4962.164
1773830400000,93.99,94.01,93.59,93.68,14192.954
1773830700000,93.68,93.73,93.51,93.72,14545.326
1773831000000,93.73,93.78,93.7,93.71,4431.87
1773831300000,93.71,93.86,93.69,93.86,5539.457
1773831600000,93.85,93.85,93.53,93.6,6369.688
1773831900000,93.6,93.79,93.45,93.79,8222.994
1773832200000,93.79,94.08,93.79,93.86,6433.177
1773832500000,93.85,94.0,93.84,93.97,4326.711
1773832800000,93.97,93.97,93.91,93.91,2870.3
1773833100000,93.92,93.92,93.33,93.36,19380.785
1773833400000,93.35,93.45,92.17,92.25,99179.734
1773833700000,92.25,92.43,91.82,91.89,91072.414
1773834000000,91.89,92.37,91.82,92.25,36008.116
1773834300000,92.25,92.26,91.95,91.97,41178.269
1773834600000,91.97,92.2,91.84,91.92,67959.244
1773834900000,91.91,92.13,91.91,92.0,15487.708
1773835200000,92.0,92.03,91.6,91.8,33020.752
1773835500000,91.8,91.8,91.53,91.7,25320.458
1773835800000,91.7,91.89,91.65,91.89,13043.183
1773836100000,91.89,92.0,91.65,91.7,25167.414
1773836400000,91.7,91.83,91.55,91.68,15746.749
1773836700000,91.69,91.76,91.5,91.7,14682.026
1773837000000,91.7,91.7,90.31,90.7,96089.536
1773837300000,90.7,90.8,90.54,90.67,31717.534
1773837600000,90.67,90.76,90.46,90.59,22213.822
1773837900000,90.59,90.6,90.36,90.49,29686.131
1773838200000,90.5,90.72,90.34,90.68,16165.5
1773838500000,90.67,90.73,90.43,90.43,6186.46
1773838800000,90.43,90.58,89.9,90.47,57215.068
1773839100000,90.48,90.63,90.35,90.51,12133.463
1773839400000,90.5,90.55,90.28,90.45,14733.444
1773839700000,90.45,90.47,90.16,90.31,11837.978
1773840000000,90.31,90.73,90.28,90.64,16354.559
1773840300000,90.64,90.69,90.52,90.69,8905.989
1773840600000,90.69,90.7,90.24,90.38,19251.219
1773840900000,90.38,90.75,90.28,90.5,29864.676
1773841200000,90.49,90.67,90.31,90.38,17337.608
1773841500000,90.39,90.61,90.27,90.31,10999.499
1773841800000,90.3,90.46,90.12,90.25,9827.992
1773842100000,90.27,90.33,90.03,90.32,15959.417
1773842400000,90.32,90.4,89.89,90.18,25134.541
1773842700000,90.17,90.38,90.04,90.28,15447.106
1773843000000,90.28,90.28,89.78,89.83,22033.458
1773843300000,89.82,90.0,89.76,89.88,19574.35
1773843600000,89.88,90.06,89.78,89.96,15390.471
1773843900000,89.96,90.01,89.47,89.59,28438.684
1773844200000,89.58,89.73,89.33,89.58,36814.648
1773844500000,89.58,89.76,89.46,89.47,18358.9
1773844800000,89.47,89.61,89.22,89.3,32176.75
1773845100000,89.29,89.49,89.28,89.48,15731.539
1773845400000,89.48,89.48,89.01,89.11,24008.386
1773845700000,89.12,89.32,88.85,88.96,63017.971
1773846000000,88.95,89.19,88.55,89.12,64409.85
1773846300000,89.11,89.36,89.0,89.23,28816.215
1773846600000,89.22,89.22,88.71,88.83,31669.879
1773846900000,88.83,89.08,88.77,88.99,19008.835
1773847200000,89.0,89.11,88.9,89.04,11192.68
1773847500000,89.04,89.3,88.95,89.16,20417.028
1773847800000,89.17,89.38,89.09,89.33,13976.798
1773848100000,89.32,89.33,89.1,89.28,15600.12
1773848400000,89.28,89.3,89.12,89.26,8410.62
1773848700000,89.25,89.28,89.05,89.22,6272.877
1773849000000,89.21,89.36,89.17,89.34,6972.63
1773849300000,89.34,89.49,89.29,89.37,25260.389
1773849600000,89.36,89.36,89.05,89.08,33245.96
1773849900000,89.08,89.12,88.8,88.9,18942.066
1773850200000,88.9,89.06,88.77,88.94,14919.469
1773850500000,88.95,89.03,88.86,88.89,10281.679
1773850800000,88.88,88.98,88.77,88.86,8457.505
1773851100000,88.86,89.0,88.74,88.9,10223.493
1773851400000,88.9,89.08,88.82,88.85,9963.429
1773851700000,88.84,89.04,88.61,88.99,10474.806
1773852000000,88.99,89.04,88.86,89.03,8986.539
1773852300000,89.04,89.06,88.85,88.96,8686.755
1773852600000,88.97,89.22,88.94,89.16,9215.387
1773852900000,89.16,89.16,88.93,88.97,9259.88
1773853200000,88.97,89.04,88.83,89.03,7680.05
1773853500000,89.03,89.04,88.86,88.96,4393.434
1773853800000,88.96,89.08,88.95,89.01,12480.95
1773854100000,89.01,89.2,88.98,89.2,5420.855
1773854400000,89.2,89.59,89.17,89.56,11012.089
1773854700000,89.56,89.6,89.37,89.49,10120.803
1773855000000,89.5,89.58,89.3,89.54,11428.196
1773855300000,89.54,90.36,89.53,90.36,45932.07
1773855600000,90.36,90.36,89.87,90.02,63338.733
1773855900000,90.02,90.34,90.01,90.09,32781.001
1773856200000,90.09,90.13,89.9,89.98,11313.693
1773856500000,89.98,90.02,89.86,89.94,8078.931
1773856800000,89.94,90.86,89.91,90.78,38910.029
1773857100000,90.78,90.8,90.52,90.62,21275.891
1773857400000,90.62,90.85,90.5,90.57,28162.918
1773857700000,90.57,90.57,89.88,89.95,16147.634
1773858000000,89.95,90.09,89.82,90.03,7779.338
1773858300000,90.02,90.07,89.9,90.07,4827.034
1773858600000,90.07,90.37,89.96,89.97,10656.425
1773858900000,89.97,90.35,89.95,90.11,12080.566
1773859200000,90.12,90.27,90.06,90.07,7290.807
1773859500000,90.06,90.06,89.68,89.8,10716.564
1773859800000,89.8,89.95,89.43,89.43,15768.88
1773860100000,89.43,89.64,89.38,89.58,12147.428
1773860400000,89.58,89.97,89.55,89.97,8395.472
1773860700000,89.98,90.0,89.8,89.98,5124.339
1773861000000,89.98,89.99,89.77,89.81,4074.761
1773861300000,89.81,90.07,89.78,89.99,5736.228
1773861600000,89.98,89.99,89.72,89.73,4145.09
1773861900000,89.74,89.87,89.68,89.84,3009.862
1773862200000,89.85,89.98,89.74,89.84,5695.717
1773862500000,89.83,89.87,89.74,89.74,3753.512
1773862800000,89.74,89.79,89.62,89.71,5020.001
1773863100000,89.71,89.72,89.54,89.55,2149.444
1773863400000,89.56,89.69,89.44,89.68,5221.003
1773863700000,89.68,89.78,89.59,89.71,19782.026
1773864000000,89.7,89.8,89.62,89.71,5180.75
1773864300000,89.71,89.72,89.07,89.12,14907.226
1773864600000,89.12,89.51,88.99,89.4,28055.294
1773864900000,89.4,89.56,89.35,89.4,10350.333
1773865200000,89.4,89.46,89.39,89.45,2742.01
1773865500000,89.44,89.58,89.4,89.52,7648.193
1773865800000,89.52,89.87,89.5,89.84,8248.7
1773866100000,89.84,89.97,89.75,89.95,6417.975
1773866400000,89.94,90.02,89.86,89.87,8145.902
1773866700000,89.86,90.13,89.76,90.06,10202.046
1773867000000,90.05,90.09,89.92,90.01,4208.011
1773867300000,90.01,90.1,89.99,89.99,3882.522
1773867600000,89.99,90.1,89.94,90.1,3028.023
1773867900000,90.09,90.26,90.09,90.26,6186.54
1773868200000,90.26,90.43,90.22,90.23,8353.929
1773868500000,90.23,90.34,90.15,90.31,3700.386
1773868800000,90.31,90.4,90.25,90.28,6079.733
1773869100000,90.27,90.3,90.17,90.27,4835.143
1773869400000,90.27,90.33,90.23,90.27,4159.799
1773869700000,90.26,90.62,90.24,90.55,12354.311
1773870000000,90.55,90.55,90.37,90.42,6802.854
1773870300000,90.42,90.44,90.35,90.37,1442.932
1773870600000,90.37,90.47,90.32,90.42,1413.874
1773870900000,90.43,90.59,90.43,90.47,4224.507
1773871200000,90.46,90.48,90.26,90.26,4665.001
1773871500000,90.26,90.3,90.02,90.28,20199.275
1773871800000,90.28,90.32,90.14,90.24,10446.325
1773872100000,90.24,90.47,90.15,90.43,12529.553
1773872400000,90.43,90.48,90.31,90.32,8212.996
1773872700000,90.32,90.33,90.24,90.28,1399.532
1773873000000,90.28,90.42,90.07,90.38,9553.293
1773873300000,90.37,90.46,90.18,90.19,7515.987
1773873600000,90.19,90.19,90.02,90.13,5056.324
1773873900000,90.12,90.14,89.98,90.03,4732.813
1773874200000,90.03,90.05,89.92,89.98,3492.632
1773874500000,89.98,90.03,89.96,90.02,2312.478
1773874800000,90.02,90.09,89.85,89.88,6127.353
1773875100000,89.88,89.95,89.78,89.9,4535.467
1773875400000,89.9,89.95,89.8,89.8,2375.317
1773875700000,89.8,89.82,89.69,89.79,5080.513
1773876000000,89.78,89.85,89.73,89.79,3048.49
1773876300000,89.79,89.95,89.78,89.93,3676.018
1773876600000,89.93,90.14,89.92,90.13,3756.327
1773876900000,90.12,90.16,90.08,90.15,2231.55
1773877200000,90.15,90.16,90.01,90.01,2886.137
1773877500000,90.0,90.08,89.9,90.07,4317.323
1773877800000,90.08,90.09,89.93,90.0,6844.158
1773878100000,90.0,90.13,90.0,90.08,3762.499
1773878400000,90.07,90.16,89.95,90.05,5233.737
1773878700000,90.05,90.18,89.99,90.01,5480.547
1773879000000,90.01,90.09,89.82,90.09,4205.932
1773879300000,90.08,90.11,89.93,90.0,3162.823
1773879600000,89.99,90.05,89.91,89.99,1322.285
1773879900000,89.98,90.3,89.97,90.29,4619.389
1773880200000,90.28,90.28,89.95,89.96,6868.576
1773880500000,89.96,90.1,89.9,90.1,5081.372
1773880800000,90.1,90.14,90.02,90.05,1791.664
1773881100000,90.05,90.24,90.02,90.13,2345.597
1773881400000,90.13,90.2,90.06,90.15,3828.225
1773881700000,90.16,90.16,90.06,90.11,2180.466
1773882000000,90.11,90.26,90.0,90.01,5455.597
1773882300000,90.0,90.21,89.92,90.06,4856.85
1773882600000,90.06,90.11,89.99,90.06,5229.265
1773882900000,90.06,90.22,90.06,90.08,3260.362
1773883200000,90.07,90.17,89.99,90.03,3389.246
1773883500000,90.04,90.19,90.01,90.19,1595.707
1773883800000,90.19,90.29,90.06,90.24,2534.866
1773884100000,90.24,90.31,90.17,90.27,2911.585
1773884400000,90.26,90.37,90.22,90.32,7438.094
1773884700000,90.32,90.38,90.26,90.35,6441.55
1773885000000,90.36,90.37,90.23,90.32,2764.894
1773885300000,90.33,90.38,90.19,90.19,2991.633
1773885600000,90.18,90.18,89.79,90.05,7372.819
1773885900000,90.05,90.29,89.94,90.12,3219.502
1773886200000,90.13,90.3,90.13,90.27,2161.067
1773886500000,90.27,90.39,90.21,90.23,4302.815
1773886800000,90.24,90.39,90.23,90.28,2604.789
1773887100000,90.27,90.34,90.19,90.34,2564.487
1773887400000,90.35,90.35,90.19,90.32,2309.912
1773887700000,90.31,90.36,90.25,90.27,3092.98
1773888000000,90.27,90.36,90.24,90.3,2410.206
1773888300000,90.29,90.3,90.07,90.07,1775.659
1773888600000,90.06,90.14,89.97,89.98,4285.946
1773888900000,89.97,90.01,89.93,89.99,1452.036
1773889200000,89.99,90.09,89.97,90.04,5130.459
1773889500000,90.04,90.18,89.92,90.17,2019.436
1773889800000,90.18,90.3,90.18,90.26,3048.783
1773890100000,90.26,91.02,90.24,90.96,31229.739
1773890400000,90.95,91.19,90.73,91.03,18731.122
1773890700000,91.04,91.41,90.94,91.25,18127.781
1773891000000,91.26,91.36,91.05,91.18,19613.923
1773891300000,91.18,91.18,90.88,90.92,8491.452
1773891600000,90.93,91.0,90.83,90.92,8228.944
1773891900000,90.92,91.09,90.84,91.05,9780.184
1773892200000,91.06,91.06,90.92,90.95,4048.657
1773892500000,90.95,90.95,90.72,90.74,10825.91
1773892800000,90.74,90.74,90.45,90.6,22603.487
1773893100000,90.59,90.6,90.15,90.29,15018.705
1773893400000,90.29,90.3,90.03,90.23,16842.301
1773893700000,90.23,90.24,90.05,90.1,5467.027
1773894000000,90.1,90.11,90.02,90.04,3713.162
1773894300000,90.04,90.05,89.75,89.94,14439.306
1773894600000,89.94,90.0,89.77,89.91,7006.739
1773894900000,89.91,89.94,89.8,89.91,6208.454
1773895200000,89.9,89.99,89.76,89.97,5316.755
1773895500000,89.96,89.96,89.81,89.91,5059.009
1773895800000,89.9,90.02,89.87,89.88,4637.714
1773896100000,89.89,90.05,89.89,89.91,4027.599
1773896400000,89.91,89.98,89.84,89.92,3367.934
1773896700000,89.92,90.04,89.89,89.93,19536.657
1773897000000,89.92,89.94,89.81,89.9,4091.509
1773897300000,89.9,90.06,89.89,90.04,5109.806
1773897600000,90.04,90.11,89.95,89.95,4076.816
1773897900000,89.95,89.98,89.72,89.8,5723.255
1773898200000,89.8,89.86,89.74,89.76,2912.31
1773898500000,89.77,89.91,89.76,89.9,2027.185
1773898800000,89.89,90.02,89.8,89.81,2294.604
1773899100000,89.82,89.89,89.66,89.8,4863.171
1773899400000,89.79,89.87,89.74,89.79,2636.008
1773899700000,89.79,89.81,89.71,89.76,2952.718
1773900000000,89.77,89.84,89.58,89.64,5974.718
1773900300000,89.65,90.05,89.52,89.86,8686.339
1773900600000,89.85,90.0,89.82,89.82,10050.303
1773900900000,89.82,90.12,89.82,90.02,15534.617
1773901200000,90.03,90.12,89.89,89.94,5492.29
1773901500000,89.94,90.07,89.89,89.9,2761.316
1773901800000,89.9,89.96,89.68,89.7,6207.855
1773902100000,89.71,90.0,89.57,89.97,6484.395
1773902400000,89.97,90.01,89.91,89.97,2911.956
1773902700000,89.97,90.03,89.85,89.92,5308.331
1773903000000,89.93,89.95,89.81,89.84,1680.203
1773903300000,89.84,89.89,89.79,89.86,4360.465
1773903600000,89.87,89.94,89.66,89.92,15500.155
1773903900000,89.92,90.05,89.71,89.82,10393.837
1773904200000,89.82,89.87,89.41,89.45,28751.926
1773904500000,89.46,89.51,89.17,89.17,26539.108
1773904800000,89.16,89.19,88.63,88.81,43377.14
1773905100000,88.82,89.26,88.78,89.08,19418.768
1773905400000,89.07,89.22,89.01,89.16,11402.386
1773905700000,89.16,89.74,89.16,89.7,16046.203
1773906000000,89.7,89.92,89.63,89.63,6046.106
1773906300000,89.63,89.68,89.45,89.5,9193.953
1773906600000,89.49,89.68,89.44,89.58,7909.931
1773906900000,89.57,89.67,89.36,89.42,7578.566
1773907200000,89.41,89.6,89.37,89.37,8085.658
1773907500000,89.37,89.55,89.34,89.45,4471.69
1773907800000,89.44,89.64,89.39,89.44,5969.569
1773908100000,89.43,89.57,89.33,89.43,7048.51
1773908400000,89.44,89.62,89.23,89.46,4617.317
1773908700000,89.47,89.47,89.11,89.18,5985.465
1773909000000,89.17,89.29,89.12,89.13,7196.514
1773909300000,89.14,89.28,89.09,89.19,6434.233
1773909600000,89.19,89.59,89.18,89.41,10160.585
1773909900000,89.4,89.47,89.33,89.43,6006.724
1773910200000,89.43,89.52,89.3,89.44,5298.079
1773910500000,89.45,89.46,89.27,89.34,4405.255
1773910800000,89.35,89.59,89.35,89.45,4927.017
1773911100000,89.46,89.6,89.41,89.47,8769.729
1773911400000,89.47,89.53,89.17,89.31,8509.008
1773911700000,89.31,89.39,89.25,89.38,2299.2
1773912000000,89.39,90.04,89.37,89.71,37481.386
1773912300000,89.7,89.84,89.49,89.6,13197.07
1773912600000,89.6,89.78,89.59,89.63,8347.268
1773912900000,89.63,89.89,89.62,89.78,4783.797
1773913200000,89.78,89.94,89.75,89.87,7922.379
1773913500000,89.87,90.05,89.86,90.05,7503.123
1773913800000,90.06,90.21,89.98,90.09,22648.501
1773914100000,90.09,90.39,90.06,90.2,17299.961
1773914400000,90.19,90.24,90.07,90.09,7534.249
1773914700000,90.09,90.22,90.09,90.14,5217.217
1773915000000,90.13,90.18,90.05,90.15,5475.718
1773915300000,90.16,90.24,90.13,90.18,4954.568
1773915600000,90.19,90.41,90.06,90.36,14661.663
1773915900000,90.37,90.48,90.21,90.21,9137.529
1773916200000,90.21,90.25,90.07,90.09,5646.62
1773916500000,90.09,90.1,89.89,89.89,4448.787
1773916800000,89.89,89.92,89.84,89.91,5083.499
1773917100000,89.9,90.03,89.87,89.98,7018.898
1773917400000,89.97,89.97,89.86,89.94,3672.763
1773917700000,89.94,89.94,89.78,89.81,3878.402
1773918000000,89.81,90.03,89.79,89.86,5412.043
1773918300000,89.87,89.96,89.82,89.92,4192.502
1773918600000,89.91,89.95,89.82,89.85,4941.552
1773918900000,89.86,89.93,89.79,89.91,3773.926
1773919200000,89.91,89.97,89.88,89.92,2832.496
1773919500000,89.91,89.97,89.89,89.94,2779.357
1773919800000,89.94,90.0,89.7,89.71,7085.265
1773920100000,89.71,89.72,89.55,89.55,7293.027
1773920400000,89.55,89.59,89.47,89.52,4315.914
1773920700000,89.53,89.6,89.52,89.57,4008.314
1773921000000,89.57,89.67,89.55,89.55,2100.939
1773921300000,89.55,89.63,89.52,89.62,3285.353
1773921600000,89.62,89.62,89.41,89.42,5340.779
1773921900000,89.41,89.44,89.22,89.33,41680.687
1773922200000,89.33,89.46,89.33,89.36,6750.44
1773922500000,89.37,89.4,89.15,89.15,6395.455
1773922800000,89.15,89.28,89.15,89.16,5943.469
1773923100000,89.17,89.18,88.93,89.01,10410.366
1773923400000,89.02,89.07,88.85,88.91,9127.105
1773923700000,88.92,89.09,88.92,88.97,4511.452
1773924000000,88.97,89.01,88.83,88.83,6192.916
1773924300000,88.83,88.83,88.68,88.75,11730.12
1773924600000,88.75,88.78,88.03,88.21,41993.425
1773924900000,88.22,88.34,88.06,88.11,13327.488
1773925200000,88.11,88.29,87.73,88.25,67547.259
1773925500000,88.26,88.31,88.07,88.2,13699.693
1773925800000,88.19,88.19,87.61,87.66,17458.063
1773926100000,87.66,88.17,87.64,88.03,29304.841
1773926400000,88.03,88.45,87.98,88.06,13986.627
1773926700000,88.06,88.12,87.92,88.01,10033.784
1773927000000,87.99,88.08,87.75,87.95,25478.06
1773927300000,87.96,88.0,87.55,87.64,19036.458
1773927600000,87.65,88.74,87.61,88.52,42061.139
1773927900000,88.51,88.53,88.12,88.53,32900.976
1773928200000,88.52,88.69,88.28,88.69,16478.284
1773928500000,88.7,88.72,88.44,88.52,12897.406
1773928800000,88.52,88.9,88.24,88.27,20103.304
1773929100000,88.28,88.46,88.1,88.12,10395.2
1773929400000,88.13,88.42,88.03,88.05,8935.651
1773929700000,88.06,88.17,87.84,87.92,13461.704
1773930000000,87.93,88.06,87.76,87.94,7978.706
1773930300000,87.93,88.0,87.56,87.62,8342.936
1773930600000,87.62,87.86,87.58,87.75,10460.967
1773930900000,87.75,87.85,87.45,87.54,12153.989
1773931200000,87.53,87.87,87.49,87.75,7903.876
1773931500000,87.74,87.9,87.6,87.9,11514.334
1773931800000,87.91,88.36,87.86,88.26,17367.816
1773932100000,88.25,88.36,88.1,88.23,6788.238
1773932400000,88.23,88.49,88.16,88.49,7269.182
1773932700000,88.48,88.76,88.38,88.45,17708.349
1773933000000,88.45,88.58,88.32,88.47,5356.486
1773933300000,88.47,88.65,87.83,87.86,12355.396
1773933600000,87.87,87.92,87.68,87.79,14475.162
1773933900000,87.79,87.94,87.78,87.84,7610.145
1773934200000,87.84,87.93,87.79,87.79,7070.496
1773934500000,87.78,88.0,87.68,87.87,10556.264
1773934800000,87.87,87.88,87.47,87.48,36015.502
1773935100000,87.48,87.73,87.15,87.65,25699.33
1773935400000,87.65,87.74,87.48,87.62,12314.473
1773935700000,87.63,87.82,87.5,87.63,13096.557
1773936000000,87.63,87.7,87.43,87.47,14966.827
1773936300000,87.47,87.58,87.41,87.49,9888.935
1773936600000,87.48,87.52,87.26,87.37,22520.637
1773936900000,87.37,87.46,87.0,87.24,27644.825
1773937200000,87.24,87.46,87.22,87.41,29151.737
1773937500000,87.41,87.65,87.39,87.49,9595.858
1773937800000,87.48,87.51,87.18,87.34,7331.332
1773938100000,87.33,87.54,87.2,87.54,6207.157
1773938400000,87.53,87.8,87.51,87.67,11857.99
1773938700000,87.67,87.72,87.52,87.59,5220.161
1773939000000,87.6,87.62,87.34,87.59,3936.431
1773939300000,87.59,87.73,87.56,87.69,4594.574
1773939600000,87.68,87.73,87.34,87.5,10519.204
1773939900000,87.51,87.53,87.19,87.27,9906.676
1773940200000,87.26,87.55,87.12,87.23,23303.105
1773940500000,87.23,87.54,87.07,87.53,10930.688
1773940800000,87.52,88.04,87.42,87.9,10273.277
1773941100000,87.9,88.09,87.87,87.93,13475.8
1773941400000,87.92,88.11,87.67,87.77,7027.614
1773941700000,87.76,87.76,87.58,87.61,6043.891
1773942000000,87.61,87.73,87.6,87.7,2962.864
1773942300000,87.69,87.91,87.66,87.89,3296.068
1773942600000,87.89,88.35,87.87,88.19,9617.975
1773942900000,88.18,88.25,88.1,88.14,18388.994
1773943200000,88.13,88.2,88.02,88.02,6964.253
1773943500000,88.03,88.15,88.02,88.1,4060.896
1773943800000,88.09,88.32,88.09,88.2,4847.125
1773944100000,88.19,88.23,87.79,87.86,16572.888
1773944400000,87.86,87.94,87.8,87.88,6023.261
1773944700000,87.87,87.94,87.81,87.83,4649.908
1773945000000,87.83,87.92,87.79,87.83,3779.0
1773945300000,87.83,87.97,87.77,87.86,2591.493
1773945600000,87.86,87.88,87.77,87.81,2985.64
1773945900000,87.81,87.86,87.75,87.78,2935.833
1773946200000,87.77,87.93,87.66,87.93,11200.53
1773946500000,87.92,88.18,87.89,88.13,5077.385
1773946800000,88.13,88.54,88.12,88.46,21360.218
1773947100000,88.47,88.88,88.46,88.83,24055.943
1773947400000,88.82,89.26,88.77,88.95,25642.501
1773947700000,88.94,89.23,88.78,89.18,12694.177
1773948000000,89.17,89.21,89.04,89.06,12084.773
1773948300000,89.05,89.06,88.67,88.83,9250.891
1773948600000,88.84,88.9,88.69,88.74,13636.87
1773948900000,88.74,88.98,88.53,88.96,9358.32
1773949200000,88.96,89.09,88.91,89.03,12037.825
1773949500000,89.03,89.1,88.89,88.93,7151.597
1773949800000,88.93,88.93,88.67,88.87,7452.441
1773950100000,88.88,88.92,88.68,88.72,16373.528
1773950400000,88.71,88.92,88.66,88.89,3167.608
1773950700000,88.89,88.96,88.77,88.82,2847.414
1773951000000,88.83,88.83,88.7,88.8,2968.559
1773951300000,88.81,89.02,88.81,88.99,6246.275
1773951600000,88.98,89.03,88.85,88.87,2708.235
1773951900000,88.87,89.0,88.78,88.8,2527.105
1773952200000,88.8,88.95,88.78,88.86,4663.156
1773952500000,88.86,89.09,88.85,89.09,4112.157
1773952800000,89.09,89.21,88.93,89.0,5705.862
1773953100000,88.99,89.09,88.98,89.04,4256.455
1773953400000,89.05,89.06,88.93,89.01,4319.136
1773953700000,89.01,89.04,88.96,88.99,3763.171
1773954000000,88.98,89.14,88.96,89.04,5179.813
1773954300000,89.05,89.25,89.03,89.25,2611.256
1773954600000,89.25,89.32,89.18,89.25,11837.341
1773954900000,89.24,89.24,89.1,89.1,3232.976
1773955200000,89.1,89.14,88.98,89.02,4636.04
1773955500000,89.02,89.08,88.98,89.04,2185.461
1773955800000,89.04,89.1,88.89,88.94,3367.607
1773956100000,88.93,89.01,88.93,88.94,3209.053
1773956400000,88.94,89.09,88.88,89.06,6085.147
1773956700000,89.06,89.07,89.02,89.06,2024.566
1773957000000,89.06,89.1,89.03,89.07,2606.392
1773957300000,89.07,89.24,89.07,89.11,3475.947
1773957600000,89.12,89.17,89.01,89.01,5346.676
1773957900000,89.0,89.15,88.91,89.1,1944.093
1773958200000,89.1,89.17,89.03,89.13,1592.529
1773958500000,89.13,89.16,89.01,89.14,1730.353
1773958800000,89.14,89.16,89.03,89.08,4936.607
1773959100000,89.08,89.12,89.04,89.06,3763.839
1773959400000,89.05,89.05,88.58,88.69,9771.399
1773959700000,88.69,88.71,88.44,88.61,20851.796
1773960000000,88.62,88.62,88.37,88.58,6475.378
1773960300000,88.57,88.65,88.49,88.65,4887.966
1773960600000,88.66,88.77,88.61,88.71,3472.89
1773960900000,88.71,88.77,88.62,88.76,2369.3
1773961200000,88.77,89.16,88.77,89.11,17798.646
1773961500000,89.1,89.19,89.06,89.09,13152.627
1773961800000,89.09,89.17,89.05,89.05,8844.438
1773962100000,89.05,89.13,88.96,89.08,11613.872
1773962400000,89.07,89.11,88.84,88.89,5977.231
1773962700000,88.88,89.07,88.88,89.03,3452.453
1773963000000,89.02,89.1,88.77,88.78,3168.703
1773963300000,88.77,88.82,88.6,88.6,8887.26
1773963600000,88.6,88.78,88.59,88.74,4316.922
1773963900000,88.73,88.8,88.67,88.76,3622.124
1773964200000,88.76,88.88,88.71,88.88,2638.181
1773964500000,88.88,88.98,88.85,88.89,3040.031
1773964800000,88.9,89.0,88.87,88.93,10324.928
1773965100000,88.94,89.23,88.94,89.21,4504.173
1773965400000,89.21,89.43,89.21,89.34,43655.032
1773965700000,89.35,89.4,89.15,89.23,11641.527
1773966000000,89.23,89.24,88.93,89.05,4609.164
1773966300000,89.04,89.19,89.04,89.17,4113.009
1773966600000,89.16,89.3,89.14,89.25,3716.543
1773966900000,89.25,89.39,89.15,89.38,7202.802
1773967200000,89.37,89.38,89.25,89.27,8161.563
1773967500000,89.27,89.34,89.25,89.26,5560.566
1773967800000,89.25,89.39,89.2,89.3,4003.843
1773968100000,89.29,89.41,89.29,89.41,8024.631
1773968400000,89.41,89.74,89.34,89.6,11290.213
1773968700000,89.61,89.67,89.55,89.61,5839.754
1773969000000,89.61,89.64,89.5,89.58,4953.275
1773969300000,89.57,89.61,89.47,89.55,7728.377
1773969600000,89.55,89.58,89.4,89.4,5970.873
1773969900000,89.4,89.48,89.33,89.45,8009.363
1773970200000,89.46,89.57,89.42,89.47,4885.437
1773970500000,89.46,89.72,89.41,89.7,8375.437
1773970800000,89.7,89.8,89.6,89.64,8251.695
1773971100000,89.64,89.67,89.55,89.61,7784.239
1773971400000,89.62,89.66,89.56,89.66,7026.207
1773971700000,89.66,89.71,89.44,89.47,6196.383
1773972000000,89.47,89.56,89.36,89.51,6113.521
1773972300000,89.51,89.6,89.46,89.47,2505.465
1773972600000,89.48,89.5,89.35,89.37,4838.249
1773972900000,89.37,89.37,89.14,89.19,6200.525
1773973200000,89.18,89.24,89.06,89.11,4256.715
1773973500000,89.11,89.13,89.01,89.1,3368.026
1773973800000,89.1,89.15,88.92,88.92,8094.855
1773974100000,88.92,89.01,88.88,88.97,13748.202
1773974400000,88.97,89.29,88.97,89.2,11860.494
1773974700000,89.21,89.26,89.07,89.26,7682.556
1773975000000,89.27,89.46,89.25,89.46,4923.844
1773975300000,89.45,89.48,89.31,89.31,3126.979
1773975600000,89.31,89.35,89.24,89.25,2067.308
1773975900000,89.26,89.41,89.24,89.34,1944.341
1773976200000,89.34,89.39,89.32,89.33,1513.097
1773976500000,89.33,89.53,89.3,89.51,2772.371
1773976800000,89.51,89.54,89.45,89.46,6773.462
1773977100000,89.46,89.55,89.4,89.55,2681.978
1773977400000,89.56,89.71,89.53,89.58,8775.194
1773977700000,89.58,89.6,89.4,89.42,2998.81
1773978000000,89.43,89.48,89.38,89.4,2154.653
1773978300000,89.4,89.58,89.36,89.51,2622.26
1773978600000,89.52,89.66,89.47,89.64,8781.516
1773978900000,89.65,89.69,89.57,89.57,3820.06
1773979200000,89.57,89.62,89.47,89.55,2232.529
1773979500000,89.55,89.75,89.54,89.72,2763.441
1773979800000,89.72,89.75,89.64,89.68,2822.162
1773980100000,89.69,89.69,89.52,89.53,1889.61
1773980400000,89.52,89.57,89.43,89.51,2665.965
1773980700000,89.5,89.63,89.49,89.63,2173.009
1773981000000,89.63,89.64,89.16,89.17,11697.486
1773981300000,89.18,89.2,88.95,88.95,9554.754
1773981600000,88.96,88.96,88.73,88.82,8588.095
1773981900000,88.83,89.09,88.81,89.08,3486.381
1773982200000,89.08,89.15,88.98,89.12,3070.252
1773982500000,89.12,89.39,89.12,89.28,7339.074
1773982800000,89.28,89.4,89.17,89.19,3759.627
1773983100000,89.19,89.3,89.1,89.3,5686.61
1773983400000,89.3,89.37,89.26,89.37,5805.191
1773983700000,89.37,89.41,89.25,89.33,3803.937
1773984000000,89.33,89.38,89.28,89.31,2552.393
1773984300000,89.31,89.34,89.0,89.04,9724.405
1773984600000,89.05,89.07,88.9,88.93,7064.928
1773984900000,88.92,89.25,88.87,89.23,12163.351
1773985200000,89.23,89.51,89.2,89.45,9354.415
1773985500000,89.44,89.52,89.41,89.41,4989.033
1773985800000,89.41,89.55,89.4,89.46,13755.108
1773986100000,89.47,89.51,89.3,89.36,6479.886
1773986400000,89.36,89.36,89.23,89.25,6413.397
1773986700000,89.24,89.28,89.21,89.21,2493.479
1773987000000,89.22,89.28,89.12,89.25,2023.725
1773987300000,89.24,89.24,89.07,89.11,3021.583
1773987600000,89.11,89.14,89.02,89.03,5522.572
1773987900000,89.03,89.21,88.94,89.19,9457.929
1773988200000,89.18,89.23,89.03,89.19,4789.78
1773988500000,89.18,89.19,89.06,89.06,1393.673
1773988800000,89.05,89.15,88.94,89.13,5598.307
1773989100000,89.14,89.24,89.09,89.13,2487.377
1773989400000,89.13,89.21,89.12,89.12,3194.258
1773989700000,89.13,89.13,89.05,89.09,3725.612
1773990000000,89.1,89.1,88.5,88.69,16687.345
1773990300000,88.7,88.87,88.6,88.79,4021.699
1773990600000,88.79,88.79,88.62,88.65,5160.366
1773990900000,88.64,88.8,88.62,88.77,3224.693
1773991200000,88.77,89.07,88.76,88.96,4246.916
1773991500000,88.96,88.99,88.86,88.89,3510.71
1773991800000,88.88,89.31,88.83,89.25,13888.763
1773992100000,89.25,89.4,89.22,89.34,8843.199
1773992400000,89.35,89.5,89.35,89.49,8385.271
1773992700000,89.48,89.5,89.32,89.43,7885.426
1773993000000,89.42,89.47,89.39,89.42,7314.368
1773993300000,89.43,89.47,89.37,89.37,4491.083
1773993600000,89.38,89.46,89.32,89.39,6159.945
1773993900000,89.39,90.26,89.39,90.22,35419.833
1773994200000,90.21,90.45,90.06,90.2,66607.239
1773994500000,90.19,90.22,90.03,90.08,15405.106
1773994800000,90.07,90.07,89.85,89.97,11914.43
1773995100000,89.97,90.04,89.86,89.86,8054.323
1773995400000,89.86,89.88,89.65,89.85,11284.182
1773995700000,89.84,89.85,89.68,89.78,6999.047
1773996000000,89.77,89.82,89.71,89.76,5231.919
1773996300000,89.76,89.83,89.66,89.83,3705.587
1773996600000,89.83,89.89,89.77,89.8,4183.637
1773996900000,89.79,89.88,89.75,89.78,8483.408
1773997200000,89.78,89.78,89.5,89.63,8086.02
1773997500000,89.62,89.66,89.5,89.63,8847.761
1773997800000,89.63,89.63,89.34,89.34,11642.95
1773998100000,89.35,89.35,89.03,89.1,18768.575
1773998400000,89.1,89.1,88.7,88.71,31348.925
1773998700000,88.72,88.88,88.65,88.78,21339.675
1773999000000,88.78,89.1,88.77,88.98,23310.343
1773999300000,88.98,89.09,88.98,89.03,17485.393
1773999600000,89.03,89.1,88.96,89.05,16441.838
1773999900000,89.05,89.06,88.91,88.95,20803.798
1774000200000,88.95,88.99,88.71,88.77,11287.029
1774000500000,88.77,88.98,88.76,88.97,6037.912
1774000800000,88.97,89.02,88.77,88.87,4838.702
1774001100000,88.87,88.95,88.7,88.76,4195.235
1774001400000,88.76,88.82,88.68,88.78,5892.469
1774001700000,88.77,88.97,88.67,88.84,4047.646
1774002000000,88.84,88.84,88.61,88.73,7834.134
1774002300000,88.74,88.84,88.71,88.83,3057.714
1774002600000,88.82,89.02,88.81,89.0,3091.293
1774002900000,89.0,89.28,88.94,89.28,5794.877
1774003200000,89.29,89.49,89.23,89.3,12936.47
1774003500000,89.31,89.39,89.3,89.34,6047.759
1774003800000,89.34,89.46,89.31,89.35,6302.593
1774004100000,89.35,89.35,89.3,89.33,4579.725
1774004400000,89.33,89.5,89.27,89.42,7396.018
1774004700000,89.43,89.57,89.41,89.51,8633.132
1774005000000,89.51,89.6,89.42,89.58,11150.34
1774005300000,89.57,89.57,89.29,89.39,11124.93
1774005600000,89.4,89.49,89.38,89.48,6721.242
1774005900000,89.48,89.51,89.37,89.41,5130.708
1774006200000,89.41,89.45,89.36,89.45,5274.04
1774006500000,89.44,89.45,88.88,88.98,11924.933
1774006800000,88.99,89.1,88.99,89.06,4969.604
1774007100000,89.06,89.06,88.91,88.98,2572.735
1774007400000,88.99,89.05,88.9,89.05,2759.294
1774007700000,89.05,89.17,89.02,89.15,2914.377
1774008000000,89.15,89.33,89.15,89.19,5124.551
1774008300000,89.19,89.52,89.19,89.45,5998.38
1774008600000,89.45,89.53,89.36,89.37,3056.136
1774008900000,89.37,89.38,89.3,89.36,2823.727
1774009200000,89.36,89.39,89.3,89.36,6908.403
1774009500000,89.37,89.38,89.17,89.25,6772.498
1774009800000,89.25,89.27,89.02,89.1,5182.928
1774010100000,89.1,89.32,89.09,89.19,2439.661
1774010400000,89.19,89.26,89.03,89.26,6946.368
1774010700000,89.26,89.32,89.17,89.3,2390.65
1774011000000,89.3,89.32,89.09,89.15,11713.954
1774011300000,89.14,89.16,89.1,89.15,1900.614
1774011600000,89.15,89.44,89.14,89.37,10409.265
1774011900000,89.37,89.52,89.32,89.39,14017.613
1774012200000,89.38,89.4,89.1,89.24,5006.813
1774012500000,89.23,89.34,89.19,89.25,2953.723
1774012800000,89.25,89.46,89.25,89.45,2293.85
1774013100000,89.45,89.64,89.32,89.41,8192.464
1774013400000,89.41,89.44,88.8,88.9,15537.828
1774013700000,88.9,89.1,88.61,88.73,13364.228
1774014000000,88.73,89.34,88.62,89.27,19839.512
1774014300000,89.27,89.39,88.94,89.33,20266.652
1774014600000,89.32,89.33,88.85,88.96,14520.195
1774014900000,88.96,89.07,88.66,88.82,13292.233
1774015200000,88.81,89.04,88.54,88.95,23558.254
1774015500000,88.96,89.14,88.7,88.84,13435.526
1774015800000,88.84,89.09,88.6,88.64,16988.434
1774016100000,88.64,88.81,88.54,88.7,15943.185
1774016400000,88.69,88.96,88.51,88.91,15562.882
1774016700000,88.91,89.38,88.77,89.3,18754.627
1774017000000,89.29,89.73,89.29,89.6,25628.983
1774017300000,89.61,89.69,89.3,89.49,13770.672
1774017600000,89.48,89.57,89.3,89.31,5095.311
1774017900000,89.31,89.48,89.27,89.33,4976.069
1774018200000,89.32,89.32,88.92,88.93,6780.267
1774018500000,88.93,89.16,88.91,88.92,8732.761
1774018800000,88.92,89.12,88.77,88.85,7909.681
1774019100000,88.86,88.89,88.61,88.65,20207.076
1774019400000,88.65,89.04,88.64,89.0,10021.344
1774019700000,88.99,89.03,88.64,88.65,7665.936
1774020000000,88.65,89.32,88.63,88.96,17111.429
1774020300000,88.96,89.06,88.87,88.99,6539.908
1774020600000,88.98,89.27,88.88,89.16,6498.021
1774020900000,89.15,89.22,88.97,89.06,10000.418
1774021200000,89.06,89.18,88.99,89.0,6321.665
1774021500000,89.01,89.13,88.9,89.0,7313.193
1774021800000,89.0,89.08,88.83,88.86,31406.973
1774022100000,88.86,88.97,88.69,88.94,38043.203
1774022400000,88.94,89.14,88.94,89.12,5656.846
1774022700000,89.11,89.11,88.85,89.0,4956.841
1774023000000,88.99,89.16,88.98,89.01,5045.749
1774023300000,89.0,89.21,88.79,89.19,6373.255
1774023600000,89.19,89.23,89.02,89.1,4357.745
1774023900000,89.09,89.1,88.97,89.07,2324.687
1774024200000,89.06,89.07,88.74,88.97,6480.076
1774024500000,88.97,89.05,88.8,88.9,4864.631
1774024800000,88.9,88.98,88.88,88.9,2698.073
1774025100000,88.9,89.0,88.79,88.79,4803.327
1774025400000,88.79,88.86,88.62,88.79,9967.893
1774025700000,88.79,89.03,88.79,88.9,5979.813
1774026000000,88.91,89.01,88.88,89.01,3782.92
1774026300000,89.0,89.04,88.67,88.94,8259.736
1774026600000,88.94,89.0,88.82,88.86,4673.81
1774026900000,88.86,88.95,88.73,88.81,5189.769
1774027200000,88.8,88.84,88.72,88.75,6806.444
1774027500000,88.74,88.78,88.66,88.68,4659.929
1774027800000,88.67,88.74,88.25,88.31,12155.03
1774028100000,88.3,88.54,88.13,88.49,9262.387
1774028400000,88.49,88.54,88.27,88.29,3682.863
1774028700000,88.3,88.37,88.14,88.32,16918.147
1774029000000,88.32,88.64,88.29,88.6,6068.001
1774029300000,88.6,89.0,88.6,88.89,6130.222
1774029600000,88.89,88.93,88.82,88.85,5008.176
1774029900000,88.84,89.0,88.79,88.87,4950.766
1774030200000,88.86,88.92,88.73,88.85,2926.323
1774030500000,88.85,88.88,88.78,88.86,3832.546
1774030800000,88.86,88.91,88.52,88.67,12449.903
1774031100000,88.67,88.81,88.55,88.58,3725.461
1774031400000,88.58,88.6,88.35,88.41,6039.658
1774031700000,88.41,88.44,88.16,88.31,11382.635
1774032000000,88.31,88.52,88.3,88.39,2696.319
1774032300000,88.39,88.7,88.37,88.52,3883.135
1774032600000,88.52,88.73,88.47,88.64,3317.955
1774032900000,88.64,88.72,88.47,88.56,3918.761
1774033200000,88.56,88.77,88.56,88.68,2375.335
1774033500000,88.68,88.72,88.51,88.6,3710.264
1774033800000,88.61,88.69,88.45,88.67,2974.545
1774034100000,88.67,88.68,88.52,88.64,2999.416
1774034400000,88.64,88.68,88.39,88.42,2499.592
1774034700000,88.42,88.61,88.42,88.58,1598.72
1774035000000,88.59,88.75,88.39,88.41,3474.057
1774035300000,88.42,88.47,88.22,88.43,4332.792
1774035600000,88.43,88.82,88.42,88.82,3911.217
1774035900000,88.81,88.81,88.66,88.67,2770.042
1774036200000,88.68,89.06,88.67,89.03,6469.164
1774036500000,89.02,89.06,88.92,88.99,5696.849
1774036800000,88.99,89.18,88.98,89.06,5750.914
1774037100000,89.06,89.18,89.01,89.16,7749.517
1774037400000,89.15,89.36,89.14,89.24,9383.194
1774037700000,89.25,89.25,88.97,89.04,4601.132
1774038000000,89.04,89.04,88.89,89.02,3229.388
1774038300000,89.01,89.01,88.88,88.93,5417.676
1774038600000,88.93,88.93,88.67,88.71,9276.83
1774038900000,88.72,88.83,88.65,88.75,5289.774
1774039200000,88.74,88.81,88.72,88.78,2598.461
1774039500000,88.78,89.0,88.76,88.99,4063.202
1774039800000,89.0,89.12,88.99,89.0,2225.507
1774040100000,89.0,89.06,88.98,89.01,3328.076
1774040400000,89.01,89.05,88.92,89.05,1616.206
1774040700000,89.04,89.08,89.02,89.04,2986.07
1774041000000,89.05,89.3,88.96,89.24,12349.546
1774041300000,89.24,89.83,89.19,89.66,26817.974
1774041600000,89.67,89.77,89.54,89.65,6536.048
1774041900000,89.65,89.88,89.64,89.79,5711.034
1774042200000,89.8,89.89,89.65,89.76,9452.805
1774042500000,89.77,90.04,89.65,89.72,13089.879
1774042800000,89.71,89.72,89.44,89.51,5373.998
1774043100000,89.5,89.64,89.5,89.63,7536.597
1774043400000,89.63,89.7,89.58,89.62,2521.188
1774043700000,89.63,89.64,89.58,89.6,1615.411
1774044000000,89.59,90.26,89.59,90.17,14517.728
1774044300000,90.17,90.25,89.99,90.01,13029.759
1774044600000,90.01,90.15,89.89,90.02,7559.494
1774044900000,90.02,90.13,89.98,90.03,3546.985
1774045200000,90.04,90.07,89.93,89.95,1816.734
1774045500000,89.94,89.97,89.9,89.92,1374.19
1774045800000,89.92,89.94,89.86,89.87,1930.785
1774046100000,89.86,89.99,89.81,89.96,4578.387
1774046400000,89.95,89.97,89.86,89.96,8097.484
1774046700000,89.96,90.14,89.9,90.14,2398.05
1774047000000,90.14,90.24,90.06,90.09,6274.495
1774047300000,90.09,90.2,90.08,90.1,9192.41
1774047600000,90.09,90.13,90.05,90.12,3134.192
1774047900000,90.12,90.12,89.84,89.98,5414.118
1774048200000,89.98,90.03,89.86,89.86,3665.832
1774048500000,89.86,89.94,89.72,89.94,3996.202
1774048800000,89.93,90.01,89.9,90.0,1820.132
1774049100000,90.0,90.05,89.88,89.9,3302.295
1774049400000,89.9,89.93,89.8,89.85,5351.784
1774049700000,89.84,89.95,89.84,89.84,1413.129
1774050000000,89.83,89.91,89.82,89.86,2639.248
1774050300000,89.86,89.95,89.84,89.95,2177.167
1774050600000,89.95,89.99,89.81,89.82,1506.419
1774050900000,89.82,89.86,89.79,89.84,2198.67
1774051200000,89.85,89.95,89.84,89.9,2275.81
1774051500000,89.9,89.99,89.89,89.96,1741.412
1774051800000,89.96,89.98,89.85,89.92,12141.154
1774052100000,89.91,90.11,89.87,90.11,4228.182
1774052400000,90.11,90.24,89.98,90.02,7138.288
1774052700000,90.02,90.1,90.01,90.01,4226.477
1774053000000,90.01,90.06,89.92,89.99,1551.923
1774053300000,89.99,90.05,89.95,90.04,971.567
1774053600000,90.04,90.05,89.89,89.93,2093.861
1774053900000,89.92,89.97,89.86,89.92,658.254
1774054200000,89.92,90.03,89.92,90.01,2482.891
1774054500000,90.01,90.09,90.01,90.02,1986.965
1774054800000,90.01,90.12,90.01,90.04,2927.567
1774055100000,90.04,90.2,90.04,90.18,4184.945
1774055400000,90.19,90.34,90.04,90.07,8397.08
1774055700000,90.08,90.1,89.97,90.02,3531.399
1774056000000,90.03,90.13,90.01,90.03,1367.375
1774056300000,90.03,90.07,89.99,90.0,1046.007
1774056600000,90.01,90.01,89.91,89.97,1911.103
1774056900000,89.97,90.11,89.97,90.09,885.075
1774057200000,90.08,90.08,89.81,89.81,2764.185
1774057500000,89.81,89.92,89.73,89.86,3668.119
1774057800000,89.86,89.93,89.85,89.87,1837.449
1774058100000,89.87,89.94,89.85,89.87,4901.012
1774058400000,89.86,89.9,89.76,89.82,3263.974
1774058700000,89.81,89.98,89.79,89.93,2137.978
1774059000000,89.94,89.96,89.88,89.9,1584.166
1774059300000,89.9,90.02,89.9,89.99,2746.816
1774059600000,89.99,90.04,89.99,90.02,863.332
1774059900000,90.01,90.21,90.01,90.15,2606.127
1774060200000,90.15,90.15,90.06,90.12,1537.593
1774060500000,90.11,90.11,90.0,90.09,1806.204
1774060800000,90.1,90.26,90.1,90.25,3425.317
1774061100000,90.26,90.34,90.25,90.31,2491.076
1774061400000,90.3,90.65,90.26,90.53,22258.371
1774061700000,90.52,90.52,90.39,90.47,4290.37
1774062000000,90.47,90.48,90.33,90.34,2002.055
1774062300000,90.33,90.48,90.33,90.47,2042.185
1774062600000,90.47,90.6,90.45,90.5,4071.473
1774062900000,90.5,90.51,90.34,90.34,2034.556
1774063200000,90.35,90.47,90.34,90.45,2617.673
1774063500000,90.45,90.55,90.42,90.46,2125.905
1774063800000,90.45,90.45,90.38,90.42,1291.69
1774064100000,90.41,90.46,90.36,90.4,4088.834
1774064400000,90.4,90.44,90.36,90.36,1840.462
1774064700000,90.35,90.43,90.33,90.39,9107.539
1774065000000,90.4,90.48,90.37,90.39,1359.383
1774065300000,90.4,90.48,90.4,90.45,1185.541
1774065600000,90.45,90.71,90.45,90.67,16480.418
1774065900000,90.67,90.81,90.62,90.67,3943.931
1774066200000,90.66,90.67,90.55,90.56,2330.641
1774066500000,90.56,90.58,90.51,90.53,3571.186
1774066800000,90.53,90.55,90.49,90.52,2315.777
1774067100000,90.52,90.66,90.52,90.59,3100.406
1774067400000,90.59,90.59,90.24,90.27,8219.931
1774067700000,90.27,90.28,90.2,90.21,4444.76
1774068000000,90.22,90.22,90.16,90.18,1457.387
1774068300000,90.19,90.23,90.17,90.2,2389.66
1774068600000,90.2,90.3,90.2,90.27,2649.048
1774068900000,90.27,90.32,90.27,90.28,2244.737
1774069200000,90.29,90.45,90.27,90.28,5169.337
1774069500000,90.28,90.35,90.26,90.34,2619.695
1774069800000,90.33,90.34,90.29,90.31,1480.673
1774070100000,90.31,90.45,90.31,90.41,2164.301
1774070400000,90.41,90.49,90.38,90.39,2289.726
1774070700000,90.39,90.44,90.38,90.44,1427.191
1774071000000,90.44,90.52,90.38,90.42,4081.715
1774071300000,90.42,90.48,90.23,90.24,3070.237
1774071600000,90.25,90.26,90.16,90.18,2489.756
1774071900000,90.18,90.21,90.08,90.11,3872.307
1774072200000,90.12,90.12,89.97,90.06,7483.331
1774072500000,90.05,90.06,89.96,89.97,2323.457
1774072800000,89.97,90.14,89.91,90.11,9295.155
1774073100000,90.11,90.17,90.09,90.09,1676.684
1774073400000,90.1,90.13,90.08,90.08,1312.588
1774073700000,90.09,90.2,90.06,90.17,2569.211
1774074000000,90.17,90.18,90.08,90.17,1926.335
1774074300000,90.18,90.32,90.17,90.29,6846.228
1774074600000,90.29,90.3,90.2,90.2,1429.121
1774074900000,90.2,90.25,90.18,90.18,774.473
1774075200000,90.19,90.29,90.18,90.22,903.724
1774075500000,90.22,90.22,90.13,90.17,1635.944
1774075800000,90.18,90.19,90.14,90.17,1150.472
1774076100000,90.16,90.17,90.14,90.16,446.959
1774076400000,90.17,90.24,90.13,90.23,2414.026
1774076700000,90.24,90.24,90.18,90.2,943.6
1774077000000,90.21,90.26,90.2,90.25,740.904
1774077300000,90.26,90.39,90.21,90.37,4424.838
1774077600000,90.37,90.4,90.22,90.27,15097.059
1774077900000,90.27,90.4,90.26,90.38,25364.04
1774078200000,90.38,90.39,90.18,90.19,15203.847
1774078500000,90.19,90.22,90.12,90.14,12913.118
1774078800000,90.14,90.18,90.12,90.12,4013.858
1774079100000,90.12,90.12,89.93,90.04,33518.823
1774079400000,90.04,90.07,89.99,90.07,4872.59
1774079700000,90.07,90.13,90.05,90.12,2898.833
1774080000000,90.12,90.13,90.04,90.04,2433.589
1774080300000,90.04,90.09,90.0,90.01,2781.704
1774080600000,90.01,90.07,90.0,90.03,3614.538
1774080900000,90.02,90.03,89.89,89.91,4305.252
1774081200000,89.9,89.98,89.87,89.95,5975.234
1774081500000,89.95,89.97,89.86,89.87,2399.435
1774081800000,89.88,89.94,89.81,89.91,11723.065
1774082100000,89.91,89.94,89.86,89.92,7969.321
1774082400000,89.92,89.96,89.9,89.96,863.721
1774082700000,89.96,89.99,89.89,89.94,2691.616
1774083000000,89.95,89.97,89.94,89.95,1263.295
1774083300000,89.96,90.03,89.96,90.0,2006.612
1774083600000,89.99,90.12,89.97,90.11,3268.099
1774083900000,90.12,90.15,90.07,90.14,5909.989
1774084200000,90.14,90.19,90.09,90.18,1435.541
1774084500000,90.19,90.19,90.07,90.08,4698.378
1774084800000,90.08,90.12,90.06,90.12,3808.249
1774085100000,90.12,90.16,90.08,90.12,3280.024
1774085400000,90.13,90.19,90.11,90.18,2696.828
1774085700000,90.18,90.31,90.18,90.25,5276.008
1774086000000,90.26,90.31,90.25,90.3,5365.568
1774086300000,90.3,90.32,90.23,90.32,2017.048
1774086600000,90.32,90.4,90.22,90.24,13085.072
1774086900000,90.24,90.24,90.17,90.19,1911.605
1774087200000,90.2,90.24,90.12,90.18,4393.275
1774087500000,90.18,90.2,90.07,90.2,1805.816
1774087800000,90.2,90.21,90.15,90.19,3410.978
1774088100000,90.2,90.2,90.0,90.04,3528.277
1774088400000,90.04,90.04,89.98,90.0,1857.812
1774088700000,90.0,90.03,89.95,90.01,4079.298
1774089000000,90.01,90.03,89.99,90.01,2692.117
1774089300000,90.02,90.1,90.01,90.05,3747.058
1774089600000,90.05,90.06,89.93,89.99,2095.901
1774089900000,89.99,90.0,89.89,89.9,985.796
1774090200000,89.9,89.96,89.9,89.96,1777.43
1774090500000,89.95,89.99,89.95,89.97,734.075
1774090800000,89.97,89.99,89.93,89.99,864.617
1774091100000,89.99,90.0,89.92,89.95,1273.419
1774091400000,89.94,89.94,89.86,89.87,2106.789
1774091700000,89.88,89.97,89.86,89.96,3621.194
1774092000000,89.96,89.98,89.92,89.97,1496.097
1774092300000,89.97,90.02,89.95,89.97,1530.578
1774092600000,89.97,89.98,89.82,89.86,4409.9
1774092900000,89.86,89.9,89.85,89.89,729.864
1774093200000,89.9,89.99,89.9,89.98,2525.106
1774093500000,89.98,89.99,89.94,89.96,783.573
1774093800000,89.97,89.98,89.89,89.9,1882.719
1774094100000,89.89,89.97,89.89,89.94,602.354
1774094400000,89.95,90.05,89.95,90.05,1928.261
1774094700000,90.05,90.05,89.88,89.95,2085.182
1774095000000,89.96,90.01,89.96,89.99,2345.126
1774095300000,89.99,90.0,89.93,89.97,1262.847
1774095600000,89.97,90.12,89.97,90.06,3617.193
1774095900000,90.07,90.12,90.05,90.12,2698.482
1774096200000,90.12,90.12,90.04,90.1,2731.491
1774096500000,90.11,90.2,90.1,90.19,1716.281
1774096800000,90.2,90.2,90.17,90.18,2883.785
1774097100000,90.17,90.2,90.11,90.15,3300.274
1774097400000,90.15,90.18,90.13,90.16,2686.497
1774097700000,90.16,90.2,90.16,90.2,2557.176
1774098000000,90.19,90.23,90.11,90.12,4539.749
1774098300000,90.12,90.13,90.06,90.1,2828.694
1774098600000,90.11,90.13,90.1,90.12,1879.258
1774098900000,90.11,90.29,90.11,90.29,3338.961
1774099200000,90.29,90.29,90.15,90.18,4461.886
1774099500000,90.18,90.24,90.17,90.18,2758.772
1774099800000,90.18,90.29,90.18,90.23,2985.086
1774100100000,90.24,90.24,90.11,90.12,2675.729
1774100400000,90.11,90.14,90.08,90.1,2582.076
1774100700000,90.09,90.09,90.0,90.06,1813.93
1774101000000,90.06,90.07,90.01,90.02,2824.339
1774101300000,90.01,90.05,89.98,90.04,3622.121
1774101600000,90.04,90.07,90.02,90.04,1688.065
1774101900000,90.04,90.07,90.02,90.06,2322.712
1774102200000,90.07,90.42,90.04,90.34,8631.82
1774102500000,90.35,90.42,90.2,90.33,5488.763
1774102800000,90.32,90.33,90.22,90.25,1790.494
1774103100000,90.24,90.25,90.18,90.21,2205.112
1774103400000,90.21,90.32,90.16,90.32,3617.684
1774103700000,90.32,90.36,90.2,90.2,2396.662
1774104000000,90.19,90.24,90.15,90.18,1482.888
1774104300000,90.17,90.18,89.93,89.96,5847.507
1774104600000,89.97,89.98,89.8,89.9,7995.731
1774104900000,89.9,89.9,89.66,89.67,8271.869
1774105200000,89.68,89.77,89.54,89.72,9204.145
1774105500000,89.72,89.73,89.6,89.61,5538.349
1774105800000,89.6,89.7,89.57,89.7,3203.662
1774106100000,89.69,89.72,89.39,89.49,10180.308
1774106400000,89.48,89.68,89.48,89.68,5268.626
1774106700000,89.67,89.74,89.66,89.7,3788.442
1774107000000,89.7,89.94,89.66,89.94,5552.549
1774107300000,89.94,89.94,89.74,89.74,4059.045
1774107600000,89.74,89.81,89.69,89.75,2794.692
1774107900000,89.74,89.81,89.73,89.79,3168.889
1774108200000,89.8,89.86,89.77,89.82,2318.35
1774108500000,89.82,89.85,89.79,89.82,2357.666
1774108800000,89.83,89.86,89.78,89.83,3330.386
1774109100000,89.84,89.92,89.83,89.87,1991.325
1774109400000,89.87,89.92,89.84,89.88,2076.747
1774109700000,89.87,90.0,89.74,89.76,5419.158
1774110000000,89.76,89.82,89.75,89.75,1849.313
1774110300000,89.75,89.78,89.57,89.67,5792.206
1774110600000,89.66,89.75,89.64,89.73,3788.108
1774110900000,89.72,89.8,89.68,89.75,5778.11
1774111200000,89.74,89.75,89.63,89.73,2278.929
1774111500000,89.72,89.86,89.69,89.81,2738.524
1774111800000,89.81,89.81,89.75,89.76,812.614
1774112100000,89.76,89.76,89.6,89.69,2663.84
1774112400000,89.69,89.71,89.63,89.66,3361.255
1774112700000,89.67,89.68,89.41,89.51,7932.371
1774113000000,89.5,89.55,89.48,89.54,1918.527
1774113300000,89.54,89.66,89.49,89.58,3755.984
1774113600000,89.59,89.7,89.58,89.67,3400.558
1774113900000,89.67,89.68,89.58,89.59,2526.732
1774114200000,89.59,89.64,89.56,89.62,3660.744
1774114500000,89.61,89.66,89.61,89.64,1568.708
1774114800000,89.65,89.67,89.62,89.64,1238.512
1774115100000,89.64,89.68,89.6,89.62,3512.201
1774115400000,89.61,89.62,89.53,89.59,1863.279
1774115700000,89.6,89.64,89.55,89.56,2606.167
1774116000000,89.55,89.62,89.55,89.59,1538.487
1774116300000,89.59,89.63,89.57,89.63,1814.612
1774116600000,89.63,89.64,89.58,89.62,2101.177
1774116900000,89.62,89.64,89.59,89.61,1446.475
1774117200000,89.61,89.73,89.6,89.71,1703.813
1774117500000,89.71,89.71,89.6,89.62,4078.923
1774117800000,89.61,89.78,89.61,89.77,5429.875
1774118100000,89.77,89.84,89.76,89.83,1598.919
1774118400000,89.84,89.95,89.81,89.89,2704.526
1774118700000,89.89,89.9,89.84,89.84,735.616
1774119000000,89.84,89.85,89.73,89.75,1267.038
1774119300000,89.76,89.8,89.76,89.78,634.416
1774119600000,89.77,89.89,89.77,89.89,777.994
1774119900000,89.89,89.89,89.83,89.85,1175.837
1774120200000,89.84,89.88,89.84,89.88,458.27
1774120500000,89.87,89.9,89.83,89.89,1042.801
1774120800000,89.89,89.9,89.85,89.87,689.3
1774121100000,89.88,89.91,89.86,89.87,1604.283
1774121400000,89.87,89.88,89.75,89.76,1280.103
1774121700000,89.76,89.8,89.7,89.71,955.769
1774122000000,89.71,89.78,89.7,89.78,1113.673
1774122300000,89.77,89.84,89.77,89.77,1109.14
1774122600000,89.78,89.79,89.76,89.78,1245.163
1774122900000,89.79,89.83,89.77,89.79,1569.948
1774123200000,89.8,89.9,89.79,89.85,1607.891
1774123500000,89.84,89.86,89.78,89.86,2855.152
1774123800000,89.85,89.94,89.85,89.9,1198.969
1774124100000,89.9,89.9,89.79,89.87,2699.453
1774124400000,89.88,90.02,89.88,89.98,2382.041
1774124700000,89.97,90.02,89.97,90.02,1168.943
1774125000000,90.02,90.29,90.02,90.2,13734.946
1774125300000,90.2,90.26,90.16,90.18,2776.676
1774125600000,90.19,90.22,90.11,90.15,2010.61
1774125900000,90.15,90.19,90.12,90.14,1151.113
1774126200000,90.15,90.16,90.12,90.13,1221.054
1774126500000,90.13,90.21,90.13,90.16,1124.481
1774126800000,90.16,90.19,90.07,90.13,4228.857
1774127100000,90.12,90.22,90.11,90.2,3293.861
1774127400000,90.19,90.19,89.92,89.97,6645.343
1774127700000,89.98,90.05,89.96,90.04,1116.162
1774128000000,90.04,90.11,90.03,90.04,5103.27
1774128300000,90.04,90.13,90.03,90.08,1812.786
1774128600000,90.09,90.09,90.02,90.04,2017.6
1774128900000,90.05,90.09,90.03,90.08,1516.115
1774129200000,90.07,90.1,90.01,90.01,1781.643
1774129500000,90.01,90.09,90.0,90.08,1153.695
1774129800000,90.08,90.08,89.96,90.01,945.505
1774130100000,90.0,90.01,89.97,90.01,670.827
1774130400000,90.0,90.01,89.82,89.87,8594.414
1774130700000,89.87,90.04,89.85,89.96,2175.906
1774131000000,89.96,89.99,89.92,89.96,1952.951
1774131300000,89.96,89.99,89.92,89.96,841.104
1774131600000,89.95,89.97,89.91,89.91,1503.66
1774131900000,89.91,89.95,89.89,89.9,1231.199
1774132200000,89.89,90.03,89.87,90.02,1999.077
1774132500000,90.02,90.07,89.96,89.97,901.879
1774132800000,89.96,90.0,89.92,89.92,1034.237
1774133100000,89.92,89.95,89.86,89.94,1893.193
1774133400000,89.94,89.94,89.84,89.86,1200.074
1774133700000,89.86,89.93,89.86,89.9,729.824
1774134000000,89.9,89.9,89.74,89.82,2901.324
1774134300000,89.82,89.84,89.75,89.75,1045.285
1774134600000,89.75,89.76,89.66,89.73,1831.735
1774134900000,89.72,89.82,89.66,89.76,2338.539
1774135200000,89.77,89.82,89.72,89.72,1231.476
1774135500000,89.72,89.75,89.66,89.7,1034.314
1774135800000,89.71,89.79,89.67,89.74,3182.328
1774136100000,89.75,89.8,89.74,89.78,930.628
1774136400000,89.79,89.85,89.76,89.8,1094.075
1774136700000,89.81,89.81,88.74,88.78,41898.708
1774137000000,88.78,88.85,87.59,87.84,172717.143
1774137300000,87.84,87.97,87.14,87.56,74724.885
1774137600000,87.55,87.58,86.26,86.56,141644.601
1774137900000,86.55,87.49,86.41,87.25,54318.579
1774138200000,87.25,87.37,86.76,86.81,21948.836
1774138500000,86.81,87.41,86.71,87.24,20937.914
1774138800000,87.23,87.28,86.91,87.22,12754.386
1774139100000,87.21,87.27,87.04,87.26,14015.412
1774139400000,87.27,87.61,87.27,87.6,21029.196
1774139700000,87.59,87.78,87.4,87.41,16345.491
1774140000000,87.4,87.64,87.35,87.52,8318.5
1774140300000,87.52,87.71,87.43,87.59,6216.158
1774140600000,87.58,87.58,87.05,87.19,16424.028
1774140900000,87.19,87.33,87.11,87.33,5201.612
1774141200000,87.32,87.72,87.32,87.56,11086.21
1774141500000,87.56,87.6,87.16,87.16,15091.729
1774141800000,87.15,87.37,87.1,87.36,6493.693
1774142100000,87.36,87.54,87.22,87.48,8203.481
1774142400000,87.47,87.59,87.4,87.43,6739.888
1774142700000,87.43,87.45,87.35,87.39,4362.645
1774143000000,87.4,87.42,87.24,87.34,10113.356
1774143300000,87.35,87.38,86.96,87.1,13089.734
1774143600000,87.1,87.25,87.07,87.08,3820.831
1774143900000,87.08,87.3,87.08,87.29,4457.282
1774144200000,87.29,87.42,87.26,87.37,3291.053
1774144500000,87.38,87.49,87.37,87.45,9744.28
1774144800000,87.46,87.63,87.45,87.61,6749.035
1774145100000,87.6,87.7,87.45,87.46,7662.522
1774145400000,87.46,87.65,87.36,87.61,24531.15
1774145700000,87.6,87.68,87.55,87.65,2927.667
1774146000000,87.65,87.72,87.52,87.72,3616.127
1774146300000,87.71,88.48,87.7,88.33,20931.457
1774146600000,88.34,88.36,88.02,88.14,9782.139
1774146900000,88.13,88.19,88.07,88.09,4514.856
1774147200000,88.1,88.15,88.06,88.13,4857.804
1774147500000,88.12,88.27,88.06,88.16,5833.492
1774147800000,88.17,88.26,88.07,88.25,4856.38
1774148100000,88.26,88.33,88.15,88.16,6438.19
1774148400000,88.15,88.15,87.77,87.88,27644.396
1774148700000,87.88,88.0,87.83,87.93,4619.978
1774149000000,87.93,88.13,87.93,88.09,4160.839
1774149300000,88.08,88.23,88.07,88.21,4225.494
1774149600000,88.21,88.28,88.14,88.28,4381.099
1774149900000,88.28,88.84,88.24,88.7,24225.05
1774150200000,88.71,88.82,88.56,88.68,13495.3
1774150500000,88.67,89.17,88.62,88.71,38108.254
1774150800000,88.71,88.71,88.57,88.7,9052.902
1774151100000,88.71,88.72,88.62,88.69,8999.1
1774151400000,88.7,88.7,88.55,88.6,9368.63
1774151700000,88.6,88.71,88.59,88.68,10597.538
1774152000000,88.67,88.88,88.61,88.84,11236.206
1774152300000,88.84,89.03,88.84,88.94,10311.276
1774152600000,88.94,88.98,88.77,88.93,7807.394
1774152900000,88.94,89.2,88.91,88.92,14156.797
1774153200000,88.91,88.92,88.61,88.77,7815.199
1774153500000,88.77,88.87,88.77,88.81,6731.945
1774153800000,88.82,88.86,88.6,88.84,13474.882
1774154100000,88.83,89.1,88.83,88.98,13174.25
1774154400000,88.98,88.99,88.89,88.95,3245.904
1774154700000,88.96,89.14,88.93,88.97,12220.864
1774155000000,88.96,89.03,88.94,89.02,4138.552
1774155300000,89.02,89.05,88.97,89.03,5748.672
1774155600000,89.02,89.02,88.81,88.9,6825.765
1774155900000,88.91,88.94,88.75,88.81,3678.535
1774156200000,88.8,88.85,88.75,88.75,2799.336
1774156500000,88.75,88.82,88.65,88.75,5078.779
1774156800000,88.76,88.79,88.58,88.62,8871.113
1774157100000,88.63,88.67,88.53,88.56,2903.697
1774157400000,88.56,88.65,88.55,88.56,4452.167
1774157700000,88.57,88.62,88.53,88.6,2573.89
1774158000000,88.59,88.6,88.5,88.51,1755.385
1774158300000,88.51,88.62,88.49,88.52,3030.806
1774158600000,88.52,88.57,88.44,88.47,9032.624
1774158900000,88.47,88.5,88.45,88.48,1608.0
1774159200000,88.48,88.48,88.3,88.42,3242.776
1774159500000,88.41,88.43,88.25,88.36,3050.177
1774159800000,88.36,88.36,88.28,88.28,2360.685
1774160100000,88.28,88.33,88.14,88.24,7238.975
1774160400000,88.25,88.3,88.17,88.23,5289.775
1774160700000,88.23,88.3,88.17,88.28,2941.473
1774161000000,88.29,88.35,88.18,88.23,6265.886
1774161300000,88.24,88.37,88.23,88.37,4494.341
1774161600000,88.36,88.38,88.3,88.3,2302.806
1774161900000,88.29,88.29,88.15,88.16,7938.464
1774162200000,88.17,88.29,88.15,88.21,3811.082
1774162500000,88.2,88.21,88.15,88.2,2679.733
1774162800000,88.2,88.32,88.16,88.27,4291.961
1774163100000,88.27,88.31,88.11,88.14,5573.166
1774163400000,88.14,88.25,88.1,88.19,5207.59
1774163700000,88.19,88.3,88.18,88.26,2075.313
1774164000000,88.25,88.29,88.21,88.26,2200.287
1774164300000,88.26,88.33,88.25,88.26,2665.912
1774164600000,88.27,88.27,88.01,88.08,3088.011
1774164900000,88.08,88.13,87.92,87.92,5399.396
1774165200000,87.93,87.98,87.81,87.89,9957.343
1774165500000,87.9,88.02,87.79,88.01,5242.158
1774165800000,88.01,88.03,87.89,87.92,3172.933
1774166100000,87.92,87.92,87.67,87.7,7316.2
1774166400000,87.7,87.74,87.37,87.45,17118.183
1774166700000,87.45,87.53,87.37,87.37,7691.559
1774167000000,87.36,87.52,87.34,87.52,6559.065
1774167300000,87.51,87.52,87.15,87.15,11054.669
1774167600000,87.16,87.22,87.0,87.22,16012.646
1774167900000,87.21,87.35,86.85,87.04,23111.134
1774168200000,87.03,87.27,87.0,87.12,7450.132
1774168500000,87.11,87.2,87.02,87.16,6856.812
1774168800000,87.15,87.34,87.12,87.25,6383.919
1774169100000,87.25,87.32,87.14,87.29,7390.018
1774169400000,87.28,87.33,87.19,87.3,5271.54
1774169700000,87.3,87.43,87.26,87.38,5167.215
1774170000000,87.37,87.45,87.34,87.38,4648.104
1774170300000,87.37,87.59,87.36,87.57,2333.422
1774170600000,87.58,87.62,87.51,87.59,3650.078
1774170900000,87.59,87.66,87.25,87.34,9016.283
1774171200000,87.33,87.48,87.31,87.37,5887.48
1774171500000,87.37,87.37,87.19,87.22,16208.758
1774171800000,87.21,87.31,87.2,87.29,2444.391
1774172100000,87.28,87.42,87.27,87.35,2987.24
1774172400000,87.36,87.46,87.35,87.39,3051.499
1774172700000,87.4,87.45,87.37,87.37,1693.015
1774173000000,87.37,87.37,87.24,87.35,3685.304
1774173300000,87.35,87.39,87.32,87.32,2151.631
1774173600000,87.32,87.44,87.25,87.44,1810.623
1774173900000,87.43,87.47,87.24,87.31,2353.546
1774174200000,87.31,87.38,87.27,87.37,1801.205
1774174500000,87.38,87.45,87.24,87.37,3347.46
1774174800000,87.38,87.48,87.35,87.47,1552.314
1774175100000,87.48,87.51,87.4,87.43,3276.616
1774175400000,87.43,87.51,87.35,87.36,1551.809
1774175700000,87.37,87.38,87.23,87.35,3415.172
1774176000000,87.35,87.4,87.27,87.38,3515.107
1774176300000,87.39,87.43,87.29,87.29,7067.031
1774176600000,87.3,87.42,87.25,87.37,1565.057
1774176900000,87.38,87.45,87.33,87.34,2220.948
1774177200000,87.34,87.36,87.22,87.35,2004.376
1774177500000,87.35,87.43,87.29,87.41,2211.205
1774177800000,87.41,87.42,87.35,87.36,1293.356
1774178100000,87.35,87.51,87.28,87.29,39701.531
1774178400000,87.29,87.46,87.29,87.31,3423.073
1774178700000,87.31,87.32,87.06,87.16,8139.533
1774179000000,87.17,87.3,87.12,87.2,2202.827
1774179300000,87.19,87.25,87.14,87.24,1466.803
1774179600000,87.24,87.3,86.97,87.25,13011.251
1774179900000,87.25,87.29,87.1,87.11,3176.646
1774180200000,87.11,87.14,86.9,87.07,8033.34
1774180500000,87.08,87.08,86.84,86.85,7999.774
1774180800000,86.84,86.97,86.82,86.87,12217.885
1774181100000,86.86,87.03,86.86,87.0,12185.178
1774181400000,87.0,87.01,86.92,86.97,2204.121
1774181700000,86.97,87.17,86.96,87.13,9585.91
1774182000000,87.13,87.3,87.06,87.27,8571.871
1774182300000,87.26,87.47,87.22,87.33,8805.076
1774182600000,87.34,87.36,87.26,87.3,2588.415
1774182900000,87.31,87.32,87.24,87.24,6170.714
1774183200000,87.25,87.3,87.22,87.22,3830.646
1774183500000,87.21,87.34,87.14,87.16,6770.857
1774183800000,87.16,87.27,87.13,87.26,2381.811
1774184100000,87.26,87.3,87.22,87.27,1714.106
1774184400000,87.27,87.74,87.24,87.5,14631.365
1774184700000,87.5,87.55,87.41,87.52,7639.72
1774185000000,87.52,87.6,87.42,87.5,3382.124
1774185300000,87.5,87.5,87.4,87.47,1450.275
1774185600000,87.48,87.59,87.34,87.37,5540.157
1774185900000,87.38,87.49,87.35,87.46,2982.067
1774186200000,87.46,87.53,87.3,87.34,4506.983
1774186500000,87.34,87.37,87.16,87.18,2694.367
1774186800000,87.18,87.23,87.01,87.14,4698.579
1774187100000,87.13,87.21,87.07,87.18,2033.904
1774187400000,87.17,87.33,87.14,87.33,1438.251
1774187700000,87.34,87.38,87.31,87.33,4737.543
1774188000000,87.32,87.42,87.04,87.18,5084.798
1774188300000,87.17,87.26,87.13,87.25,1360.33
1774188600000,87.25,87.39,87.25,87.38,3868.858
1774188900000,87.38,87.4,87.33,87.35,2093.699
1774189200000,87.35,87.6,87.3,87.5,4308.511
1774189500000,87.49,87.52,87.37,87.43,3544.032
1774189800000,87.43,87.48,87.37,87.39,2047.226
1774190100000,87.4,87.53,87.37,87.47,3196.286
1774190400000,87.46,87.48,87.34,87.4,3202.46
1774190700000,87.4,87.4,87.2,87.24,1709.385
1774191000000,87.25,87.26,87.16,87.16,1148.452
1774191300000,87.16,87.22,87.1,87.21,2863.853
1774191600000,87.2,87.34,87.19,87.27,3296.498
1774191900000,87.28,87.46,87.28,87.35,6459.148
1774192200000,87.36,87.42,87.35,87.36,3642.466
1774192500000,87.35,87.45,87.28,87.35,5267.796
1774192800000,87.35,87.41,87.2,87.29,3410.681
1774193100000,87.29,87.33,87.24,87.33,1634.592
1774193400000,87.33,87.36,87.28,87.36,1911.134
1774193700000,87.35,87.36,87.17,87.22,2177.863
1774194000000,87.23,87.37,87.2,87.36,2789.555
1774194300000,87.36,87.43,87.3,87.43,2039.378
1774194600000,87.44,87.59,87.44,87.53,3950.746
1774194900000,87.52,87.59,87.49,87.57,2209.484
1774195200000,87.58,87.63,87.45,87.6,2013.631
1774195500000,87.6,87.62,87.5,87.51,3609.584
1774195800000,87.51,87.61,87.48,87.61,2416.254
1774196100000,87.61,87.71,87.45,87.46,15846.205
1774196400000,87.46,87.5,87.36,87.45,4628.169
1774196700000,87.44,87.44,87.35,87.35,2217.758
1774197000000,87.36,87.41,87.29,87.35,2383.645
1774197300000,87.35,87.42,87.29,87.3,1607.321
1774197600000,87.3,87.36,87.26,87.36,2947.384
1774197900000,87.36,87.5,87.35,87.44,2125.349
1774198200000,87.45,87.55,87.44,87.53,2233.516
1774198500000,87.53,87.55,87.48,87.48,4658.051
1774198800000,87.48,87.48,87.33,87.41,12134.848
1774199100000,87.41,87.5,87.37,87.5,1272.038
1774199400000,87.5,87.52,87.42,87.51,2022.962
1774199700000,87.52,87.55,87.41,87.47,2255.665
1774200000000,87.48,87.56,87.42,87.42,1717.935
1774200300000,87.43,87.49,87.37,87.41,2124.904
1774200600000,87.41,87.45,87.33,87.4,2297.704
1774200900000,87.39,87.4,87.22,87.24,6141.318
1774201200000,87.23,87.31,87.2,87.28,1456.342
1774201500000,87.28,87.34,87.25,87.26,890.469
1774201800000,87.26,87.34,87.26,87.31,1449.85
1774202100000,87.31,87.36,87.26,87.26,1858.913
1774202400000,87.26,87.26,87.12,87.15,3147.011
1774202700000,87.15,87.29,87.15,87.28,2835.348
1774203000000,87.27,87.32,87.27,87.3,1527.704
1774203300000,87.31,87.31,87.24,87.28,1057.713
1774203600000,87.27,87.29,87.2,87.2,1145.173
1774203900000,87.2,87.28,87.18,87.23,5639.309
1774204200000,87.23,87.31,86.85,86.86,9535.94
1774204500000,86.86,86.97,86.51,86.77,21234.421
1774204800000,86.77,86.91,86.74,86.83,4435.614
1774205100000,86.83,86.97,86.78,86.96,3032.628
1774205400000,86.97,87.02,86.9,86.94,3350.601
1774205700000,86.94,87.05,86.92,87.01,11556.801
1774206000000,87.01,87.02,86.72,86.81,4129.63
1774206300000,86.81,86.91,86.79,86.88,2018.145
1774206600000,86.88,86.91,86.66,86.72,13713.996
1774206900000,86.73,86.79,86.65,86.73,3959.19
1774207200000,86.74,86.8,86.66,86.74,2581.943
1774207500000,86.74,86.77,86.66,86.66,2055.868
1774207800000,86.66,86.82,86.57,86.82,5508.623
1774208100000,86.81,86.97,86.81,86.96,2958.505
1774208400000,86.97,87.02,86.91,86.97,1937.489
1774208700000,86.97,87.0,86.74,86.76,4704.506
1774209000000,86.77,86.91,86.77,86.84,1713.943
1774209300000,86.84,86.88,86.82,86.86,937.595
1774209600000,86.87,87.11,86.87,87.02,2521.382
1774209900000,87.02,87.08,86.98,87.07,2860.36
1774210200000,87.07,87.07,86.95,87.04,4621.199
1774210500000,87.04,87.12,87.03,87.06,2233.176
1774210800000,87.06,87.19,87.02,87.04,2979.288
1774211100000,87.03,87.03,86.9,86.93,4256.413
1774211400000,86.94,86.96,86.81,86.81,1837.232
1774211700000,86.81,86.85,86.7,86.76,2521.017
1774212000000,86.75,86.92,86.75,86.89,3029.097
1774212300000,86.89,86.89,86.79,86.82,1738.425
1774212600000,86.83,86.85,86.56,86.66,8760.328
1774212900000,86.66,86.66,86.55,86.58,2536.417
1774213200000,86.58,86.64,86.45,86.48,9964.835
1774213500000,86.48,86.48,85.42,86.08,97662.25
1774213800000,86.07,86.12,85.8,85.88,17918.056
1774214100000,85.89,85.91,85.41,85.43,29692.68
1774214400000,85.44,85.78,85.14,85.75,27309.18
1774214700000,85.74,86.04,85.66,85.97,7569.796
1774215000000,85.97,86.01,85.75,85.76,6588.449
1774215300000,85.75,86.04,85.65,85.94,15290.358
1774215600000,85.93,86.05,85.85,85.87,4082.445
1774215900000,85.87,85.91,85.7,85.77,6641.414
1774216200000,85.78,85.96,85.74,85.91,1916.145
1774216500000,85.91,85.99,85.78,85.99,2375.122
1774216800000,86.0,86.08,85.51,86.01,11083.905
1774217100000,86.02,86.5,85.94,86.39,15453.99
1774217400000,86.38,86.39,85.71,85.81,28801.481
1774217700000,85.8,86.09,85.66,85.98,14710.545
1774218000000,85.98,86.41,85.89,86.36,18298.152
1774218300000,86.36,86.71,86.29,86.51,17276.332
1774218600000,86.52,86.67,86.45,86.48,4371.115
1774218900000,86.49,86.61,86.37,86.44,6369.899
1774219200000,86.44,86.46,86.26,86.31,3643.832
1774219500000,86.31,86.62,86.31,86.61,5711.364
1774219800000,86.62,86.77,86.56,86.67,3751.681
1774220100000,86.67,86.77,86.67,86.75,4847.685
1774220400000,86.75,86.87,86.66,86.78,7945.723
1774220700000,86.78,86.8,86.54,86.65,3873.949
1774221000000,86.64,87.02,86.64,86.82,5752.96
1774221300000,86.83,86.88,86.66,86.7,7126.336
1774221600000,86.7,86.7,86.52,86.56,7632.003
1774221900000,86.56,86.61,86.46,86.55,2848.175
1774222200000,86.54,86.66,86.45,86.5,2569.382
1774222500000,86.51,86.57,86.5,86.54,2980.746
1774222800000,86.53,86.58,86.46,86.51,2061.818
1774223100000,86.51,86.52,86.28,86.28,7711.24
1774223400000,86.27,86.28,86.01,86.12,7105.358
1774223700000,86.12,86.23,86.1,86.2,4576.254
1774224000000,86.21,86.47,86.15,86.27,5498.012
1774224300000,86.27,86.44,86.04,86.33,8717.037
1774224600000,86.32,86.61,86.3,86.36,6330.295
1774224900000,86.36,86.4,86.14,86.27,9102.859
1774225200000,86.27,86.43,86.22,86.42,3224.888
1774225500000,86.42,86.52,86.25,86.28,5679.607
1774225800000,86.28,86.3,85.88,85.95,8045.576
1774226100000,85.95,85.96,85.61,85.66,23626.291
1774226400000,85.66,86.03,85.47,85.98,13406.474
1774226700000,85.98,86.08,85.97,86.07,3413.624
1774227000000,86.07,86.24,85.92,85.96,4260.419
1774227300000,85.96,86.04,85.8,85.9,4471.564
1774227600000,85.9,86.06,85.74,85.98,5309.889
1774227900000,85.97,86.42,85.94,86.27,8481.552
1774228200000,86.27,86.27,86.11,86.21,2687.383
1774228500000,86.2,86.51,86.2,86.44,6279.387
1774228800000,86.45,86.61,86.35,86.6,11944.057
1774229100000,86.59,86.6,86.41,86.47,4754.492
1774229400000,86.46,86.52,86.29,86.35,3455.035
1774229700000,86.35,86.54,86.33,86.48,2754.187
1774230000000,86.48,86.48,86.22,86.31,8233.113
1774230300000,86.32,86.43,86.09,86.14,7360.515
1774230600000,86.15,86.34,86.07,86.16,7657.967
1774230900000,86.16,86.24,86.09,86.09,4884.431
1774231200000,86.1,86.22,86.07,86.16,2661.156
1774231500000,86.16,86.43,86.15,86.39,6903.098
1774231800000,86.39,86.49,86.05,86.1,6547.574
1774232100000,86.11,86.28,86.05,86.24,4975.007
1774232400000,86.25,86.44,86.23,86.39,6068.692
1774232700000,86.4,86.92,86.38,86.85,13561.721
1774233000000,86.86,86.98,86.77,86.8,11225.725
1774233300000,86.81,86.86,86.65,86.66,2738.187
1774233600000,86.65,86.94,86.64,86.67,7037.007
1774233900000,86.66,86.7,86.62,86.66,4633.829
1774234200000,86.67,86.7,86.52,86.58,3356.675
1774234500000,86.58,86.73,86.52,86.7,7301.255
1774234800000,86.71,87.22,86.7,87.02,17355.386
1774235100000,87.01,87.1,86.93,86.93,5746.034
1774235400000,86.93,86.99,86.7,86.72,8235.167
1774235700000,86.73,86.84,86.67,86.68,3599.213
1774236000000,86.68,86.82,86.6,86.64,4265.389
1774236300000,86.64,86.67,86.53,86.6,4014.454
1774236600000,86.6,86.63,86.48,86.62,4457.181
1774236900000,86.61,86.61,86.45,86.47,3021.157
1774237200000,86.47,86.54,86.41,86.54,7258.152
1774237500000,86.53,86.56,86.45,86.52,4787.026
1774237800000,86.52,86.59,86.4,86.4,4794.439
1774238100000,86.4,86.45,86.38,86.4,4692.417
1774238400000,86.39,86.52,86.37,86.45,4500.431
1774238700000,86.46,86.57,86.41,86.44,9543.543
1774239000000,86.43,86.52,86.42,86.43,4094.486
1774239300000,86.43,86.48,86.32,86.41,7123.854
1774239600000,86.42,86.56,86.39,86.46,4029.541
1774239900000,86.45,86.5,86.39,86.5,3336.04
1774240200000,86.5,86.58,86.48,86.57,5366.072
1774240500000,86.58,86.78,86.56,86.74,7380.921
1774240800000,86.74,86.77,86.55,86.58,7259.324
1774241100000,86.57,86.71,86.57,86.68,5503.138
1774241400000,86.67,86.92,86.63,86.87,8873.278
1774241700000,86.87,86.92,86.81,86.91,8302.018
1774242000000,86.9,87.19,86.9,87.05,16415.454
1774242300000,87.06,87.19,87.04,87.14,12219.662
1774242600000,87.14,87.27,87.07,87.24,6225.773
1774242900000,87.23,87.33,87.11,87.22,13885.112
1774243200000,87.23,87.23,87.09,87.09,10649.336
1774243500000,87.1,87.15,87.05,87.09,21214.628
1774243800000,87.09,87.11,86.88,87.08,14230.164
1774244100000,87.09,87.25,87.01,87.04,22225.47
1774244400000,87.04,87.04,86.93,86.94,5494.352
1774244700000,86.95,87.0,86.89,86.92,10284.221
1774245000000,86.91,87.03,86.85,87.03,11501.868
1774245300000,87.04,87.28,87.03,87.19,5846.678
1774245600000,87.18,87.18,86.9,86.92,6765.028
1774245900000,86.93,86.93,86.77,86.79,9796.738
1774246200000,86.79,86.85,86.54,86.6,7028.241
1774246500000,86.6,86.71,86.51,86.61,6817.391
1774246800000,86.62,86.62,86.43,86.58,6243.122
1774247100000,86.58,86.7,86.55,86.62,6387.949
1774247400000,86.63,86.63,86.44,86.45,3025.246
1774247700000,86.45,86.47,85.8,85.92,19614.748
1774248000000,85.92,86.09,85.56,85.68,22385.839
1774248300000,85.68,85.88,85.44,85.65,18389.299
1774248600000,85.64,85.79,85.51,85.71,8975.648
1774248900000,85.7,85.77,85.57,85.75,5839.779
1774249200000,85.75,85.76,85.43,85.44,13074.673
1774249500000,85.43,85.68,85.14,85.51,30458.487
1774249800000,85.51,85.7,85.4,85.62,12477.683
1774250100000,85.62,85.68,85.49,85.64,10099.928
1774250400000,85.64,85.65,85.11,85.28,10707.43
1774250700000,85.27,85.41,85.15,85.36,9492.264
1774251000000,85.36,85.73,85.3,85.66,10335.078
1774251300000,85.65,86.09,85.64,85.97,16249.338
1774251600000,85.97,86.16,85.91,86.14,11344.841
1774251900000,86.13,86.23,86.05,86.08,14920.957
1774252200000,86.07,86.16,86.02,86.09,4411.642
1774252500000,86.09,86.14,85.93,85.99,4536.226
1774252800000,86.0,86.13,85.97,86.06,5721.818
1774253100000,86.05,86.32,85.98,86.3,8137.273
1774253400000,86.3,86.45,86.16,86.39,10515.192
1774253700000,86.39,86.46,86.16,86.27,9923.805
1774254000000,86.27,86.37,86.1,86.29,7712.918
1774254300000,86.29,86.33,86.22,86.23,5461.136
1774254600000,86.22,86.45,86.15,86.35,5450.038
1774254900000,86.36,86.37,86.14,86.2,2625.333
1774255200000,86.21,86.31,86.03,86.13,3783.772
1774255500000,86.13,86.26,86.05,86.08,2956.365
1774255800000,86.08,86.22,86.04,86.08,3811.132
1774256100000,86.08,86.08,85.85,85.95,6015.653
1774256400000,85.96,86.02,85.7,85.71,6254.427
1774256700000,85.71,85.76,85.61,85.74,11206.3
1774257000000,85.75,85.78,85.71,85.78,4063.558
1774257300000,85.77,85.88,85.67,85.73,3008.061
1774257600000,85.73,85.94,85.68,85.7,4038.497
1774257900000,85.7,85.84,85.62,85.84,3545.254
1774258200000,85.85,85.85,85.41,85.42,7823.005
1774258500000,85.41,85.56,85.19,85.5,9250.37
1774258800000,85.49,85.59,85.41,85.49,6115.628
1774259100000,85.5,85.68,85.5,85.58,2669.616
1774259400000,85.58,85.63,85.53,85.59,3068.234
1774259700000,85.6,85.77,85.6,85.76,3045.323
1774260000000,85.76,85.9,85.66,85.9,9631.555
1774260300000,85.89,86.24,85.89,86.17,8405.464
1774260600000,86.17,86.32,86.1,86.11,8350.008
1774260900000,86.12,86.17,85.97,85.98,7387.12
1774261200000,85.99,86.0,85.87,85.95,6800.109
1774261500000,85.95,86.02,85.88,85.97,3401.93
1774261800000,85.96,86.02,85.89,85.95,2602.662
1774262100000,85.95,86.02,85.81,85.84,3242.984
1774262400000,85.84,85.95,85.78,85.89,3528.782
1774262700000,85.9,85.9,85.71,85.75,2176.531
1774263000000,85.76,86.11,85.75,86.02,9809.207
1774263300000,86.02,86.13,86.01,86.06,4524.147
1774263600000,86.06,86.25,86.05,86.07,10675.242
1774263900000,86.07,91.35,86.06,90.74,521801.703
1774264200000,90.75,91.93,90.28,90.75,178508.181
1774264500000,90.75,91.49,90.37,90.44,114397.963
1774264800000,90.44,90.75,89.63,89.98,94721.039
1774265100000,89.97,90.65,89.96,90.32,59264.912
1774265400000,90.32,90.93,90.32,90.65,52034.903
1774265700000,90.65,90.65,89.71,89.92,61846.395
1774266000000,89.92,90.09,89.84,89.91,28485.281
1774266300000,89.92,89.99,88.97,89.51,63940.788
1774266600000,89.51,89.69,89.16,89.59,29954.189
1774266900000,89.58,89.59,88.67,88.78,45520.575
1774267200000,88.78,89.09,88.33,88.88,53481.816
1774267500000,88.89,89.32,88.71,89.28,25377.357
1774267800000,89.29,89.37,89.09,89.12,19828.303
1774268100000,89.11,89.51,89.06,89.5,16255.791
1774268400000,89.49,89.8,89.41,89.55,16018.55
1774268700000,89.54,89.76,89.42,89.65,9443.337
1774269000000,89.64,89.78,89.37,89.75,21246.183
1774269300000,89.75,90.14,89.6,89.62,24476.337
1774269600000,89.63,90.45,89.48,90.31,26083.164
1774269900000,90.3,90.5,90.19,90.32,12057.202
1774270200000,90.33,90.5,90.13,90.18,9022.894
1774270500000,90.18,90.31,90.1,90.23,10271.311
1774270800000,90.24,90.51,90.07,90.09,17537.234
1774271100000,90.09,90.11,89.91,89.98,16708.012
1774271400000,89.97,90.13,89.91,90.01,9694.038
1774271700000,90.01,90.25,90.01,90.08,8573.078
1774272000000,90.09,90.39,90.08,90.35,12704.618
1774272300000,90.34,90.34,90.12,90.17,8000.958
1774272600000,90.17,90.29,89.9,90.18,20653.761
1774272900000,90.18,90.82,90.13,90.71,47436.692
1774273200000,90.71,91.24,90.51,90.94,44464.077
1774273500000,90.93,91.07,90.72,90.99,18809.95
1774273800000,90.98,91.49,90.95,91.23,34543.953
1774274100000,91.23,91.36,90.97,91.34,39761.826
1774274400000,91.34,91.64,91.25,91.36,38797.023
1774274700000,91.36,91.62,91.13,91.53,21572.816
1774275000000,91.54,91.71,91.16,91.22,20067.781
1774275300000,91.23,91.68,91.21,91.48,25271.851
1774275600000,91.49,91.73,91.31,91.59,15777.798
1774275900000,91.58,91.71,91.24,91.53,23693.339
1774276200000,91.53,91.65,91.25,91.29,14964.988
1774276500000,91.3,91.68,91.27,91.53,13007.446
1774276800000,91.53,91.57,91.36,91.44,8539.589
1774277100000,91.43,91.5,91.12,91.18,47072.122
1774277400000,91.18,91.27,91.04,91.18,10662.533
1774277700000,91.18,91.62,91.18,91.51,15795.836
1774278000000,91.52,92.19,91.51,92.14,47089.251
1774278300000,92.14,92.26,92.02,92.03,21299.472
1774278600000,92.02,92.03,91.7,91.72,13972.312
1774278900000,91.71,91.79,91.43,91.45,20445.464
1774279200000,91.45,91.48,91.14,91.34,23477.008
1774279500000,91.35,91.35,91.09,91.15,18804.638
1774279800000,91.15,91.22,90.71,90.8,20071.215
1774280100000,90.81,90.97,90.55,90.64,90059.378
1774280400000,90.64,90.71,90.37,90.51,25069.641
1774280700000,90.51,90.81,90.28,90.75,23524.167
1774281000000,90.75,90.85,89.99,90.16,39111.114
1774281300000,90.15,90.16,89.8,89.95,26644.753
1774281600000,89.96,90.23,89.95,90.11,42668.405
1774281900000,90.12,90.43,90.05,90.23,20359.115
1774282200000,90.23,90.42,90.16,90.34,10462.074
1774282500000,90.33,90.44,90.07,90.11,18326.835
1774282800000,90.12,90.16,89.74,89.91,26330.056
1774283100000,89.9,89.9,89.5,89.55,11154.251
1774283400000,89.55,89.74,89.4,89.63,11558.322
1774283700000,89.63,90.0,89.63,89.83,15769.393
1774284000000,89.83,90.06,89.78,90.01,9206.313
1774284300000,90.01,90.42,89.98,90.37,38477.069
1774284600000,90.37,90.47,90.23,90.25,9709.226
1774284900000,90.26,90.38,90.2,90.35,14891.587
1774285200000,90.35,90.57,90.26,90.39,18409.948
1774285500000,90.4,90.58,90.16,90.36,15045.052
1774285800000,90.35,90.45,90.24,90.25,3856.284
1774286100000,90.25,90.29,89.92,89.99,11721.967
1774286400000,90.0,90.0,89.7,89.87,25334.564
1774286700000,89.87,90.18,89.83,89.99,4378.648
1774287000000,89.98,90.68,89.97,90.67,12450.913
1774287300000,90.67,91.13,90.56,90.91,66514.529
1774287600000,90.92,91.15,90.89,90.95,80057.38
1774287900000,90.96,91.18,90.9,91.18,16343.079
1774288200000,91.18,91.36,91.14,91.34,54739.666
1774288500000,91.34,91.44,91.2,91.28,16798.17
1774288800000,91.28,91.44,91.24,91.36,6639.778
1774289100000,91.36,91.39,90.93,91.06,12397.72
1774289400000,91.05,91.29,91.05,91.13,8687.333
1774289700000,91.12,91.3,91.12,91.19,6717.132
1774290000000,91.18,91.21,91.0,91.13,8784.83
1774290300000,91.13,91.34,91.08,91.28,16545.693
1774290600000,91.28,91.7,91.28,91.58,40733.119
1774290900000,91.59,91.8,91.4,91.51,7666.684
1774291200000,91.5,91.55,91.37,91.48,7758.138
1774291500000,91.48,91.8,91.46,91.61,11444.788
1774291800000,91.61,91.61,91.4,91.57,9662.354
1774292100000,91.57,91.68,91.43,91.62,12644.356
1774292400000,91.61,91.74,91.54,91.69,6478.599
1774292700000,91.7,91.9,91.38,91.58,18232.139
1774293000000,91.58,91.61,91.47,91.48,5747.248
1774293300000,91.48,91.52,91.28,91.48,16207.313
1774293600000,91.48,91.63,91.38,91.63,2718.529
1774293900000,91.62,91.76,91.6,91.68,7682.134
1774294200000,91.69,91.74,91.59,91.61,2263.641
1774294500000,91.6,91.69,91.57,91.63,3941.393
1774294800000,91.63,91.65,91.52,91.6,2566.755
1774295100000,91.61,91.75,91.52,91.55,5438.083
1774295400000,91.54,91.55,91.33,91.37,5281.237
1774295700000,91.37,91.51,91.24,91.39,21381.083
1774296000000,91.38,91.47,91.24,91.43,16001.221
1774296300000,91.44,91.54,91.43,91.54,6470.935
1774296600000,91.54,91.62,91.49,91.61,3786.073
1774296900000,91.61,91.75,91.59,91.61,6112.521
1774297200000,91.62,91.75,91.6,91.66,5492.95
1774297500000,91.65,91.65,91.53,91.55,2661.272
1774297800000,91.55,91.69,91.54,91.68,5631.302
1774298100000,91.68,91.95,91.68,91.83,9425.41
1774298400000,91.83,92.02,91.81,91.95,16245.832
1774298700000,91.95,92.02,91.84,91.84,5793.931
1774299000000,91.85,91.87,91.76,91.87,6554.069
1774299300000,91.86,91.89,91.78,91.79,10005.316
1774299600000,91.79,91.87,91.65,91.65,7837.356
1774299900000,91.65,91.7,91.64,91.64,5674.181
1774300200000,91.64,91.69,91.57,91.61,7030.132
1774300500000,91.61,91.68,91.59,91.59,1955.671
1774300800000,91.59,91.65,91.55,91.58,2837.073
1774301100000,91.59,91.6,91.51,91.56,2389.04
1774301400000,91.55,91.85,91.55,91.82,4541.615
1774301700000,91.82,91.97,91.8,91.94,9428.866
1774302000000,91.93,91.95,91.79,91.88,4385.217
1774302300000,91.88,91.88,91.68,91.74,5306.31
1774302600000,91.73,91.83,91.72,91.72,7047.259
1774302900000,91.72,91.76,91.57,91.62,8387.625
1774303200000,91.62,91.68,91.23,91.32,18654.531
1774303500000,91.31,91.4,91.29,91.33,18581.306
1774303800000,91.32,91.39,91.22,91.34,11538.941
1774304100000,91.33,91.76,91.17,91.76,15652.09
1774304400000,91.75,91.9,91.61,91.64,12778.483
1774304700000,91.64,91.69,91.59,91.61,4615.639
1774305000000,91.61,91.61,91.35,91.5,5734.48
1774305300000,91.5,91.64,91.48,91.49,3104.974
1774305600000,91.48,91.52,91.4,91.52,6372.554
1774305900000,91.52,91.57,91.41,91.48,2790.46
1774306200000,91.48,91.65,91.47,91.6,6536.42
1774306500000,91.61,91.61,91.47,91.52,2795.111
1774306800000,91.52,91.54,91.35,91.45,9686.044
1774307100000,91.44,91.49,91.16,91.17,3443.524
1774307400000,91.18,91.34,91.05,91.32,11902.892
1774307700000,91.32,91.33,91.15,91.15,4644.888
1774308000000,91.15,91.18,90.98,91.12,6782.85
1774308300000,91.12,91.41,91.07,91.3,5781.475
1774308600000,91.3,91.3,91.12,91.15,5662.411
1774308900000,91.15,91.27,91.15,91.25,1567.692
1774309200000,91.25,91.43,91.25,91.34,2342.36
1774309500000,91.34,91.38,91.2,91.32,3469.087
1774309800000,91.32,91.4,91.27,91.34,1717.93
1774310100000,91.34,91.57,91.34,91.43,4212.255
1774310400000,91.44,91.68,91.43,91.44,10791.015
1774310700000,91.44,91.48,91.32,91.34,2138.129
1774311000000,91.35,91.54,91.33,91.36,15543.348
1774311300000,91.35,91.38,91.11,91.3,7091.971
1774311600000,91.31,91.33,91.14,91.27,9505.168
1774311900000,91.26,91.39,91.02,91.07,10323.535
1774312200000,91.07,91.18,90.89,91.03,12338.174
1774312500000,91.02,91.17,90.6,90.9,16379.886
1774312800000,90.91,91.16,90.83,90.98,5260.017
1774313100000,90.98,91.27,90.98,91.0,6528.466
1774313400000,91.01,91.26,90.98,91.19,2972.3
1774313700000,91.2,91.21,90.99,91.0,3519.055
1774314000000,90.99,91.03,90.82,90.84,2778.546
1774314300000,90.84,90.94,90.76,90.85,4451.102
1774314600000,90.86,91.03,90.74,90.8,5012.992
1774314900000,90.79,90.8,90.64,90.79,4357.195
1774315200000,90.8,91.03,90.8,90.89,3333.397
1774315500000,90.89,91.05,90.85,90.99,4540.318
1774315800000,90.98,91.03,90.69,90.83,6005.441
1774316100000,90.82,90.89,90.34,90.35,13378.527
1774316400000,90.35,90.48,90.14,90.34,9577.083
1774316700000,90.35,90.42,90.24,90.33,8287.286
1774317000000,90.34,90.65,90.33,90.56,4493.458
1774317300000,90.57,90.62,90.4,90.41,4238.126
1774317600000,90.41,90.76,90.26,90.61,23145.809
1774317900000,90.61,90.62,90.43,90.56,4611.347
1774318200000,90.56,90.56,90.27,90.31,3394.143
1774318500000,90.32,90.39,90.24,90.32,4809.783
1774318800000,90.32,90.55,90.29,90.4,4260.311
1774319100000,90.4,90.45,90.25,90.39,4690.813
1774319400000,90.39,90.47,90.33,90.44,6480.017
1774319700000,90.45,90.59,90.24,90.25,7581.886
1774320000000,90.24,90.43,90.12,90.39,6422.132
1774320300000,90.4,90.45,90.27,90.35,2029.569
1774320600000,90.35,90.36,90.2,90.23,3225.961
1774320900000,90.23,90.27,90.12,90.16,2770.769
1774321200000,90.15,90.16,90.02,90.12,6453.273
1774321500000,90.12,90.2,90.0,90.03,5683.367
1774321800000,90.02,90.12,89.98,90.03,4593.787
1774322100000,90.03,90.14,90.03,90.08,5703.323
1774322400000,90.09,90.31,90.06,90.21,5698.439
1774322700000,90.21,90.32,90.19,90.26,7088.442
1774323000000,90.26,90.29,90.12,90.15,5738.508
1774323300000,90.16,90.2,90.05,90.14,2437.494
1774323600000,90.14,90.28,90.14,90.19,3252.356
1774323900000,90.18,90.23,90.05,90.09,15327.876
1774324200000,90.08,90.28,89.96,90.28,10536.498
1774324500000,90.29,90.35,90.26,90.35,4755.549
1774324800000,90.34,90.56,90.33,90.55,4933.059
1774325100000,90.55,90.82,90.53,90.67,7368.582
1774325400000,90.67,90.74,90.63,90.69,2750.415
1774325700000,90.68,90.69,90.55,90.61,3534.829
1774326000000,90.62,90.67,90.57,90.61,2386.578
1774326300000,90.61,90.61,90.5,90.53,3699.848
1774326600000,90.52,90.52,90.14,90.25,7516.256
1774326900000,90.24,90.26,90.14,90.21,3429.882
1774327200000,90.22,90.25,90.14,90.2,4322.652
1774327500000,90.2,90.3,90.19,90.22,3186.494
1774327800000,90.23,90.45,90.17,90.44,4753.112
1774328100000,90.44,90.44,90.33,90.34,1096.184
1774328400000,90.35,90.38,90.07,90.08,4807.433
1774328700000,90.08,90.13,89.99,90.04,4244.774
1774329000000,90.05,90.14,90.03,90.04,4578.05
1774329300000,90.04,90.41,90.02,90.17,11143.706
1774329600000,90.17,90.2,89.99,90.11,5707.105
1774329900000,90.12,90.25,90.07,90.07,4783.443
1774330200000,90.08,90.31,90.06,90.18,35913.662
1774330500000,90.18,90.31,90.05,90.09,7956.206
1774330800000,90.09,90.26,90.03,90.05,8062.665
1774331100000,90.05,90.2,90.01,90.11,10071.629
1774331400000,90.11,90.23,90.08,90.2,4240.213
1774331700000,90.2,90.23,90.11,90.13,4886.696
1774332000000,90.13,90.34,90.11,90.29,5404.847
1774332300000,90.29,90.43,90.26,90.39,3677.392
1774332600000,90.38,90.52,90.33,90.43,10028.39
1774332900000,90.43,90.46,90.31,90.33,7372.336
1774333200000,90.32,90.52,90.19,90.19,11037.136
1774333500000,90.19,90.22,90.06,90.12,9605.964
1774333800000,90.11,90.4,90.11,90.24,6294.786
1774334100000,90.24,90.37,90.24,90.3,2434.069
1774334400000,90.29,90.39,90.24,90.3,3101.509
1774334700000,90.29,90.4,90.25,90.36,1770.152
1774335000000,90.36,90.45,90.3,90.41,3996.019
1774335300000,90.41,90.53,90.37,90.47,7217.111
1774335600000,90.47,90.72,90.4,90.72,10833.054
1774335900000,90.72,91.14,90.68,90.96,24007.628
1774336200000,90.96,91.24,90.95,91.09,11605.368
1774336500000,91.08,91.22,90.97,91.15,15792.529
1774336800000,91.15,91.34,91.1,91.18,10841.341
1774337100000,91.17,91.26,91.11,91.19,6172.937
1774337400000,91.19,91.32,91.12,91.25,10866.794
1774337700000,91.25,91.25,91.08,91.11,12062.713
1774338000000,91.11,91.26,91.1,91.25,3403.963
1774338300000,91.25,91.31,91.12,91.26,5363.409
1774338600000,91.25,91.53,91.19,91.34,8168.181
1774338900000,91.33,91.89,91.33,91.72,24668.381
1774339200000,91.71,91.82,91.48,91.7,19304.708
1774339500000,91.7,91.87,91.66,91.84,8170.719
1774339800000,91.85,91.9,91.7,91.75,8127.16
1774340100000,91.74,91.75,91.4,91.42,12590.444
1774340400000,91.42,91.46,91.26,91.39,7031.143
1774340700000,91.39,91.43,91.34,91.4,2470.655
1774341000000,91.4,91.56,91.33,91.5,4094.511
1774341300000,91.51,91.81,91.48,91.72,11176.758
1774341600000,91.71,91.8,91.66,91.77,2354.838
1774341900000,91.78,91.89,91.7,91.7,11781.268
1774342200000,91.7,91.95,91.59,91.63,35066.439
1774342500000,91.62,91.63,91.47,91.58,3568.88
1774342800000,91.57,91.63,91.45,91.55,12503.462
1774343100000,91.54,91.55,91.44,91.46,9655.127
1774343400000,91.47,91.51,91.19,91.21,5592.031
1774343700000,91.2,91.49,91.12,91.46,16379.755
1774344000000,91.47,91.56,91.31,91.55,11027.106
1774344300000,91.54,91.8,91.52,91.55,26058.465
1774344600000,91.54,91.8,91.45,91.67,8732.166
1774344900000,91.66,91.73,91.63,91.73,4184.577
1774345200000,91.73,91.98,91.73,91.97,8586.211
1774345500000,91.97,91.97,91.89,91.92,5467.026
1774345800000,91.93,92.09,91.77,92.05,11628.007
1774346100000,92.04,92.15,91.94,92.11,12215.669
1774346400000,92.12,92.14,91.92,91.98,6858.856
1774346700000,91.99,92.14,91.95,92.05,7527.771
1774347000000,92.05,92.08,91.97,92.04,3281.746
1774347300000,92.04,92.12,91.96,91.99,8191.291
1774347600000,92.0,92.22,91.89,92.21,11435.794
1774347900000,92.21,92.22,91.95,91.96,20792.532
1774348200000,91.95,91.97,91.82,91.82,4957.773
1774348500000,91.81,92.02,91.81,91.99,4322.63
1774348800000,91.99,92.03,91.81,91.9,3402.095
1774349100000,91.89,91.89,91.75,91.87,4244.506
1774349400000,91.88,91.91,91.74,91.8,15073.168
1774349700000,91.79,91.88,91.78,91.86,9325.674
1774350000000,91.86,91.87,91.5,91.53,11092.283
1774350300000,91.53,92.15,91.53,92.12,17014.928
1774350600000,92.12,92.17,91.75,91.78,34029.315
1774350900000,91.78,91.79,91.38,91.49,23532.083
1774351200000,91.5,91.63,91.36,91.6,15202.023
1774351500000,91.6,91.62,91.49,91.51,6497.899
1774351800000,91.5,91.7,91.45,91.7,4939.776
1774352100000,91.71,92.02,91.62,92.0,12168.259
1774352400000,91.99,92.05,91.93,91.94,5606.181
1774352700000,91.93,92.01,91.9,91.9,5896.658
1774353000000,91.9,91.94,91.5,91.63,7434.707
1774353300000,91.63,91.78,91.58,91.77,6645.437
1774353600000,91.78,91.82,91.65,91.66,4699.29
1774353900000,91.65,91.72,91.6,91.71,2506.235
1774354200000,91.72,91.86,91.58,91.75,7721.458
1774354500000,91.75,91.76,91.66,91.7,4858.996
1774354800000,91.7,91.77,91.65,91.74,3269.45
1774355100000,91.74,91.79,91.66,91.74,5231.147
1774355400000,91.74,91.74,91.36,91.47,9840.636
1774355700000,91.48,91.59,91.43,91.55,9056.898
1774356000000,91.56,91.82,91.55,91.6,13848.124
1774356300000,91.6,91.78,91.55,91.55,7465.986
1774356600000,91.56,91.78,91.55,91.66,5157.119
1774356900000,91.65,91.65,91.56,91.59,3752.604
1774357200000,91.58,91.75,91.56,91.61,4124.916
1774357500000,91.62,91.71,91.2,91.31,13928.454
1774357800000,91.31,91.52,91.29,91.47,4914.383
1774358100000,91.47,91.52,91.03,91.13,22067.445
1774358400000,91.12,91.24,90.97,91.1,54630.371
1774358700000,91.11,91.22,91.04,91.1,36055.295
1774359000000,91.1,91.32,91.02,91.13,62637.384
1774359300000,91.13,91.17,90.64,90.72,28428.183
1774359600000,90.73,90.73,89.85,90.19,79195.395
1774359900000,90.19,90.24,89.88,89.93,36204.016
1774360200000,89.92,90.09,89.54,89.7,51681.603
1774360500000,89.7,89.91,89.64,89.86,19991.82
1774360800000,89.86,90.09,89.82,89.96,38339.508
1774361100000,89.97,90.23,89.79,90.02,20543.414
1774361400000,90.03,90.05,89.3,89.53,26851.733
1774361700000,89.52,89.64,89.35,89.57,23086.689
1774362000000,89.57,89.74,89.33,89.37,26636.848
1774362300000,89.37,89.62,89.21,89.5,25331.709
1774362600000,89.51,89.81,89.47,89.81,17405.204
1774362900000,89.8,89.8,89.43,89.43,10762.14
1774363200000,89.43,89.48,89.21,89.39,24142.124
1774363500000,89.4,89.41,88.9,88.94,38088.849
1774363800000,88.94,89.55,88.7,89.36,54066.957
1774364100000,89.35,89.71,89.25,89.57,48335.198
1774364400000,89.57,89.85,89.55,89.63,16225.399
1774364700000,89.63,89.73,89.55,89.62,10762.376
1774365000000,89.63,89.86,89.51,89.83,13019.607
1774365300000,89.84,89.94,89.76,89.88,9569.284
1774365600000,89.88,90.27,89.76,90.24,23218.635
1774365900000,90.24,90.3,89.89,89.93,11943.336
1774366200000,89.93,89.96,89.52,89.78,14657.707
1774366500000,89.78,90.24,89.77,90.1,9343.154
1774366800000,90.1,90.17,89.97,90.02,10688.947
1774367100000,90.01,90.06,89.86,90.05,4909.211
1774367400000,90.06,90.16,89.92,89.98,7815.605
1774367700000,89.98,89.98,89.68,89.74,8997.649
1774368000000,89.74,89.78,89.58,89.68,11002.105
1774368300000,89.69,89.82,89.62,89.8,9889.338
1774368600000,89.8,89.91,89.76,89.86,6929.413
1774368900000,89.86,89.97,89.75,89.91,5334.762
1774369200000,89.91,89.98,89.77,89.8,4769.694
1774369500000,89.79,89.8,89.55,89.71,9890.893
1774369800000,89.72,89.78,89.54,89.64,4309.293
1774370100000,89.64,89.65,89.09,89.22,17624.55
1774370400000,89.21,89.45,89.14,89.43,13652.357
1774370700000,89.44,89.51,89.26,89.28,5087.984
1774371000000,89.28,89.45,89.27,89.33,5745.877
1774371300000,89.32,89.36,89.17,89.28,5827.355
1774371600000,89.29,89.4,89.0,89.04,14136.7
1774371900000,89.03,89.11,88.8,89.0,36180.11
1774372200000,89.0,89.18,88.95,89.13,10513.138
1774372500000,89.12,89.25,89.05,89.07,7023.492
1774372800000,89.06,89.24,89.06,89.17,5059.227
1774373100000,89.18,89.18,89.04,89.11,6157.949
1774373400000,89.11,89.18,88.85,88.95,6645.612
1774373700000,88.95,89.23,88.87,89.16,8932.14
1774374000000,89.15,89.24,88.72,88.81,8633.517
1774374300000,88.81,88.91,88.78,88.89,9271.134
1774374600000,88.88,89.12,88.86,89.0,5721.857
1774374900000,89.0,89.26,88.93,89.18,15325.883
1774375200000,89.18,89.29,89.04,89.15,8488.077
1774375500000,89.14,89.25,89.09,89.21,7057.687
1774375800000,89.2,89.23,89.1,89.2,7828.875
1774376100000,89.19,89.22,89.02,89.2,5177.103
1774376400000,89.2,89.26,89.07,89.25,8863.539
1774376700000,89.25,89.29,89.1,89.17,5582.445
1774377000000,89.17,89.37,89.1,89.26,10551.953
1774377300000,89.27,89.69,89.25,89.67,6353.467
1774377600000,89.67,89.67,89.1,89.11,16603.46
1774377900000,89.12,89.14,88.99,89.13,9564.224
1774378200000,89.13,89.26,89.05,89.1,8415.02
1774378500000,89.09,89.15,88.89,88.9,13124.222
1774378800000,88.91,89.12,88.88,88.93,14060.943
1774379100000,88.94,89.16,88.87,89.15,5545.579
1774379400000,89.15,89.26,89.12,89.25,16038.05
1774379700000,89.25,89.31,89.14,89.17,5794.773
1774380000000,89.17,89.17,89.02,89.02,3083.73
1774380300000,89.02,89.03,88.92,88.94,4333.444
1774380600000,88.94,89.02,88.79,88.85,7289.384
1774380900000,88.85,88.93,88.81,88.9,3651.765
1774381200000,88.9,88.95,88.86,88.9,3617.978
1774381500000,88.89,88.9,88.53,88.6,21965.792
1774381800000,88.6,88.65,88.46,88.55,12753.441
1774382100000,88.55,88.61,88.42,88.52,11630.549
1774382400000,88.53,88.74,88.51,88.69,6510.293
1774382700000,88.69,88.73,88.57,88.67,4386.85
1774383000000,88.68,88.85,88.66,88.84,4201.481
1774383300000,88.85,88.91,88.78,88.89,5494.151
1774383600000,88.88,89.54,88.88,89.54,27423.481
1774383900000,89.54,90.17,89.54,89.67,38172.063
1774384200000,89.67,90.06,89.67,89.74,26043.339
1774384500000,89.74,90.1,89.69,90.04,14870.662
1774384800000,90.05,90.07,89.82,89.96,14235.569
1774385100000,89.96,90.13,89.7,90.1,16612.143
1774385400000,90.1,90.24,89.92,89.97,10211.489
1774385700000,89.98,90.08,89.98,90.04,6869.632
1774386000000,90.04,90.19,90.04,90.14,6425.411
1774386300000,90.13,90.15,89.87,89.91,10679.162
1774386600000,89.92,90.05,89.89,89.99,6277.221
1774386900000,89.99,90.02,89.79,89.87,5247.817
1774387200000,89.87,89.88,89.69,89.71,3574.028
1774387500000,89.71,90.03,89.71,90.01,6124.42
1774387800000,90.01,90.15,90.01,90.05,3984.856
1774388100000,90.04,90.41,90.04,90.27,12968.935
1774388400000,90.27,90.6,90.23,90.39,16822.46
1774388700000,90.38,90.48,90.31,90.4,5015.259
1774389000000,90.39,90.4,90.23,90.31,3566.774
1774389300000,90.32,90.41,90.22,90.39,3258.819
1774389600000,90.39,90.47,90.27,90.36,5305.888
1774389900000,90.37,90.69,90.34,90.61,5449.27
1774390200000,90.62,90.77,90.56,90.68,10366.209
1774390500000,90.68,90.68,90.45,90.53,10547.02
1774390800000,90.53,90.59,90.46,90.51,3844.269
1774391100000,90.51,90.54,90.25,90.3,8559.451
1774391400000,90.3,90.42,90.07,90.24,9854.924
1774391700000,90.23,90.31,90.18,90.23,3282.118
1774392000000,90.24,90.33,90.22,90.29,3670.82
1774392300000,90.29,90.38,90.23,90.34,5227.389
1774392600000,90.35,90.38,90.22,90.28,4860.358
1774392900000,90.29,90.37,90.27,90.32,3489.753
1774393200000,90.32,90.37,90.23,90.32,6828.921
1774393500000,90.31,90.55,90.23,90.54,7366.953
1774393800000,90.54,90.61,90.49,90.52,2790.355
1774394100000,90.53,90.63,90.5,90.53,3123.268
1774394400000,90.52,91.06,90.47,90.82,32584.249
1774394700000,90.83,91.06,90.82,91.01,8929.059
1774395000000,91.02,91.13,90.9,91.0,32378.034
1774395300000,91.0,91.12,90.97,91.08,5545.027
1774395600000,91.09,91.1,90.94,90.97,3349.103
1774395900000,90.98,91.03,90.85,90.96,4410.645
1774396200000,90.97,91.0,90.87,90.89,3126.427
1774396500000,90.89,90.89,90.79,90.8,3252.351
1774396800000,90.8,90.94,90.78,90.94,2477.534
1774397100000,90.93,91.1,90.89,91.1,3927.78
1774397400000,91.11,91.3,91.1,91.24,9108.9
1774397700000,91.23,91.25,90.98,91.12,13899.534
1774398000000,91.12,91.16,91.04,91.12,4269.381
1774398300000,91.12,91.21,91.11,91.13,6870.802
1774398600000,91.12,91.41,90.71,91.38,24343.829
1774398900000,91.39,91.56,91.36,91.49,13579.401
1774399200000,91.49,91.62,91.45,91.47,8425.23
1774399500000,91.47,91.58,91.41,91.41,6717.173
1774399800000,91.42,91.49,91.34,91.47,4397.665
1774400100000,91.46,91.49,91.32,91.32,3120.739
1774400400000,91.32,91.33,91.16,91.24,14964.423
1774400700000,91.23,91.29,91.13,91.29,6137.458
1774401000000,91.29,91.47,91.22,91.22,7156.955
1774401300000,91.22,91.25,91.04,91.06,6360.755
1774401600000,91.06,91.22,91.05,91.09,6252.906
1774401900000,91.08,91.22,91.0,91.21,8763.709
1774402200000,91.22,91.28,91.1,91.15,10946.503
1774402500000,91.15,91.21,91.1,91.14,3758.533
1774402800000,91.14,91.38,91.1,91.2,8467.794
1774403100000,91.2,91.22,91.08,91.11,4093.461
1774403400000,91.11,91.17,91.07,91.1,3586.614
1774403700000,91.11,91.12,90.94,90.94,4376.161
1774404000000,90.95,91.0,90.82,90.97,5932.7
1774404300000,90.96,91.13,90.89,91.05,7767.369
1774404600000,91.05,91.22,91.05,91.12,7750.731
1774404900000,91.11,91.16,91.02,91.07,4409.025
1774405200000,91.06,91.15,91.03,91.05,2862.338
1774405500000,91.05,91.14,91.01,91.04,3640.766
1774405800000,91.03,91.11,90.96,91.09,3908.946
1774406100000,91.08,91.28,91.07,91.18,7723.718
1774406400000,91.17,91.47,91.16,91.47,8967.528
1774406700000,91.46,91.5,91.22,91.25,5407.363
1774407000000,91.25,91.27,91.15,91.16,3732.849
1774407300000,91.15,91.16,91.03,91.13,6411.052
1774407600000,91.13,91.14,91.05,91.1,4385.178
1774407900000,91.11,91.11,90.9,90.91,4193.457
1774408200000,90.92,90.95,90.79,90.9,5260.121
1774408500000,90.9,90.97,90.79,90.91,6416.324
1774408800000,90.91,90.95,90.82,90.95,6910.175
1774409100000,90.94,91.0,90.92,90.99,3823.479
1774409400000,90.99,91.22,90.99,91.09,5525.67
1774409700000,91.09,91.27,91.08,91.23,5444.257
1774410000000,91.24,91.25,91.18,91.2,3089.117
1774410300000,91.21,91.6,91.2,91.46,30391.841
1774410600000,91.46,91.91,91.46,91.81,29042.89
1774410900000,91.81,91.95,91.63,91.69,13289.555
1774411200000,91.69,91.74,91.59,91.66,6346.111
1774411500000,91.65,91.91,91.64,91.91,4501.815
1774411800000,91.92,91.92,91.79,91.81,4997.008
1774412100000,91.8,91.84,91.74,91.8,5118.283
1774412400000,91.79,91.79,91.65,91.74,5889.488
1774412700000,91.74,91.87,91.67,91.76,8709.515
1774413000000,91.77,91.88,91.59,91.6,9062.276
1774413300000,91.6,91.7,91.6,91.62,5573.342
1774413600000,91.63,91.7,91.63,91.67,2603.353
1774413900000,91.67,91.7,91.62,91.62,1655.912
1774414200000,91.61,91.8,91.61,91.8,5736.091
1774414500000,91.79,92.11,91.79,92.05,15911.501
1774414800000,92.06,92.09,91.97,92.07,4635.557
1774415100000,92.08,92.96,92.07,92.62,70906.458
1774415400000,92.62,92.77,92.53,92.59,9313.488
1774415700000,92.59,92.6,92.39,92.44,5558.185
1774416000000,92.44,92.51,92.33,92.44,18590.717
1774416300000,92.44,92.65,92.33,92.65,17656.755
1774416600000,92.64,92.8,92.52,92.53,13295.367
1774416900000,92.52,92.64,92.5,92.51,5936.894
1774417200000,92.5,92.56,92.46,92.52,10161.887
1774417500000,92.53,92.53,92.43,92.49,7327.796
1774417800000,92.49,92.49,92.4,92.48,9502.519
1774418100000,92.48,92.51,92.4,92.42,12381.571
1774418400000,92.42,92.53,92.35,92.38,5122.889
1774418700000,92.38,92.4,92.29,92.29,6434.587
1774419000000,92.29,92.35,92.27,92.35,4860.036
1774419300000,92.35,92.45,92.33,92.37,4729.322
1774419600000,92.36,92.93,92.36,92.77,80715.397
1774419900000,92.78,92.91,92.71,92.82,38266.11
1774420200000,92.83,92.87,92.65,92.76,8926.17
1774420500000,92.77,92.77,92.63,92.64,4980.791
1774420800000,92.64,92.7,92.64,92.64,4329.234
1774421100000,92.65,92.73,92.64,92.66,5050.841
1774421400000,92.67,92.68,92.58,92.59,6339.742
1774421700000,92.6,92.6,92.38,92.39,14124.511
1774422000000,92.4,92.49,92.31,92.36,13136.012
1774422300000,92.37,92.41,92.33,92.35,4907.735
1774422600000,92.35,92.47,92.35,92.46,8485.631
1774422900000,92.46,92.46,92.36,92.37,7303.319
1774423200000,92.36,92.38,92.23,92.25,6940.991
1774423500000,92.25,92.29,92.2,92.21,4454.878
1774423800000,92.21,92.37,92.19,92.28,5922.841
1774424100000,92.29,92.4,92.23,92.4,2848.834
1774424400000,92.4,92.5,92.24,92.25,5164.29
1774424700000,92.25,92.28,91.84,91.95,117396.629
1774425000000,91.95,91.98,91.85,91.88,7121.445
1774425300000,91.89,91.9,91.76,91.81,7632.396
1774425600000,91.82,92.09,91.82,92.01,18394.659
1774425900000,92.02,92.08,91.85,91.89,10085.246
1774426200000,91.89,91.94,91.84,91.85,4083.266
1774426500000,91.85,92.21,91.85,92.2,7976.869
1774426800000,92.19,92.32,92.04,92.07,14088.572
1774427100000,92.08,92.32,91.99,92.18,20826.034
1774427400000,92.17,92.74,92.15,92.66,26239.088
1774427700000,92.66,92.66,92.3,92.43,10467.08
1774428000000,92.44,92.64,92.44,92.63,16315.948
1774428300000,92.62,92.66,92.47,92.48,60876.594
1774428600000,92.48,92.49,92.36,92.38,4854.602
1774428900000,92.38,92.44,92.32,92.36,6439.512
1774429200000,92.36,92.47,92.28,92.37,8802.76
1774429500000,92.37,92.47,92.35,92.46,4217.74
1774429800000,92.46,92.55,92.43,92.53,7893.738
1774430100000,92.52,92.59,92.47,92.55,6233.671
1774430400000,92.55,92.67,92.34,92.41,8470.421
1774430700000,92.41,92.49,92.4,92.41,4989.761
1774431000000,92.41,92.48,92.36,92.44,5697.229
1774431300000,92.43,92.51,92.42,92.49,3636.534
1774431600000,92.5,92.64,92.32,92.39,18390.002
1774431900000,92.38,92.39,92.13,92.26,7842.125
1774432200000,92.26,92.42,92.24,92.39,6679.693
1774432500000,92.4,92.64,92.39,92.55,10793.666
1774432800000,92.54,92.65,92.42,92.49,10347.606
1774433100000,92.49,92.55,92.46,92.52,6859.539
1774433400000,92.53,92.56,92.46,92.51,4512.099
1774433700000,92.51,92.56,92.45,92.53,6018.578
1774434000000,92.53,92.59,92.48,92.49,3392.435
1774434300000,92.48,92.63,92.48,92.56,2947.997
1774434600000,92.56,92.58,92.46,92.47,4336.313
1774434900000,92.47,92.52,92.44,92.46,3089.337
1774435200000,92.45,92.48,92.39,92.47,4202.26
1774435500000,92.47,92.65,92.46,92.53,4368.088
1774435800000,92.53,92.69,92.53,92.67,7301.78
1774436100000,92.67,92.7,92.55,92.65,11420.163
1774436400000,92.64,92.76,92.57,92.59,5793.553
1774436700000,92.58,92.62,92.48,92.52,4627.758
1774437000000,92.53,92.73,92.45,92.7,14675.63
1774437300000,92.71,92.77,92.65,92.75,4484.3
1774437600000,92.75,92.86,92.71,92.76,5848.269
1774437900000,92.76,93.28,92.75,93.03,42378.667
1774438200000,93.03,93.47,92.99,93.29,26621.887
1774438500000,93.3,93.4,93.08,93.2,12318.845
1774438800000,93.2,93.23,92.96,93.12,7169.222
1774439100000,93.11,93.13,92.72,92.81,12611.369
1774439400000,92.81,92.97,92.81,92.92,9432.768
1774439700000,92.93,92.99,92.86,92.99,2742.861
1774440000000,92.99,93.09,92.99,93.06,6559.082
1774440300000,93.06,93.27,93.02,93.21,5878.663
1774440600000,93.2,93.26,93.15,93.19,5397.719
1774440900000,93.19,93.2,92.62,92.7,11996.703
1774441200000,92.69,92.77,92.36,92.54,18082.691
1774441500000,92.54,92.65,92.47,92.58,10475.162
1774441800000,92.59,92.62,92.34,92.6,7604.194
1774442100000,92.6,92.77,92.56,92.74,6124.54
1774442400000,92.75,92.9,92.66,92.67,8336.69
1774442700000,92.67,92.69,92.57,92.67,4406.663
1774443000000,92.67,92.76,92.56,92.75,2276.269
1774443300000,92.76,93.43,92.75,93.04,23115.653
1774443600000,93.04,93.22,92.87,93.12,16289.634
1774443900000,93.13,93.16,93.0,93.03,4473.032
1774444200000,93.02,93.1,93.01,93.09,4935.255
1774444500000,93.09,93.09,92.92,93.06,3817.451
1774444800000,93.06,93.17,92.96,92.99,4843.538
1774445100000,93.0,93.01,92.93,92.97,2620.894
1774445400000,92.97,93.37,92.96,93.17,19469.71
1774445700000,93.17,93.41,93.12,93.18,6855.644
1774446000000,93.19,93.32,92.94,93.0,6334.076
1774446300000,93.01,93.23,92.95,92.96,10702.581
1774446600000,92.96,93.05,92.72,92.83,22720.199
1774446900000,92.84,92.96,92.69,92.74,9405.528
1774447200000,92.74,92.91,92.47,92.69,21493.224
1774447500000,92.7,92.7,92.26,92.46,34569.198
1774447800000,92.45,92.45,92.22,92.37,12569.348
1774448100000,92.38,92.59,92.23,92.25,8246.987
1774448400000,92.26,92.47,92.01,92.06,68431.151
1774448700000,92.06,92.39,92.06,92.2,8849.532
1774449000000,92.2,92.43,92.14,92.34,8487.965
1774449300000,92.34,92.42,92.07,92.13,6289.385
1774449600000,92.13,92.26,92.09,92.17,5480.718
1774449900000,92.16,92.28,92.08,92.21,5113.322
1774450200000,92.22,92.3,92.11,92.11,4660.39
1774450500000,92.12,92.15,91.92,91.95,12808.402
1774450800000,91.95,92.07,91.93,91.98,5890.415
1774451100000,91.98,92.04,91.46,91.52,23550.313
1774451400000,91.53,91.72,91.41,91.48,13487.659
1774451700000,91.47,91.54,91.0,91.2,26018.526
1774452000000,91.19,91.65,91.19,91.58,9366.275
1774452300000,91.59,91.71,91.48,91.7,8452.135
1774452600000,91.7,91.85,91.68,91.78,11887.531
1774452900000,91.78,91.8,91.54,91.6,9722.849
1774453200000,91.6,91.69,91.54,91.65,6243.59
1774453500000,91.65,91.8,91.52,91.77,11257.765
1774453800000,91.77,91.91,91.77,91.85,5736.563
1774454100000,91.86,92.06,91.74,91.77,16362.126
1774454400000,91.77,91.87,91.74,91.75,14893.222
1774454700000,91.76,91.89,91.59,91.85,5778.765
1774455000000,91.85,91.85,91.66,91.7,5348.792
1774455300000,91.71,91.76,91.64,91.76,3709.81
1774455600000,91.75,92.01,91.72,92.01,4380.918
1774455900000,92.01,92.73,92.0,92.42,40536.177
1774456200000,92.43,92.55,92.33,92.37,15868.935
1774456500000,92.37,92.67,92.3,92.67,14427.016
1774456800000,92.66,92.66,92.46,92.46,4705.025
1774457100000,92.47,92.48,92.24,92.28,5711.353
1774457400000,92.29,92.4,92.18,92.34,4120.782
1774457700000,92.35,92.38,92.14,92.21,5309.322
1774458000000,92.21,92.33,92.14,92.27,9168.842
1774458300000,92.26,92.26,92.09,92.09,1952.292
1774458600000,92.09,92.15,92.03,92.12,6283.715
1774458900000,92.12,92.13,91.94,92.04,4115.58
1774459200000,92.03,92.2,91.99,92.07,4609.533
1774459500000,92.06,92.34,92.05,92.12,6925.025
1774459800000,92.12,92.12,91.99,92.05,3434.38
1774460100000,92.06,92.11,91.79,91.92,4612.05
1774460400000,91.92,92.07,91.87,91.93,8775.225
1774460700000,91.93,92.02,91.88,91.9,2771.029
1774461000000,91.91,91.92,91.64,91.65,7862.109
1774461300000,91.65,91.79,91.6,91.71,5443.996
1774461600000,91.71,91.8,91.66,91.77,6888.54
1774461900000,91.77,91.96,91.76,91.79,7365.615
1774462200000,91.78,91.91,91.78,91.87,5130.023
1774462500000,91.88,92.1,91.88,92.0,5361.299
1774462800000,92.0,92.19,92.0,92.11,3945.837
1774463100000,92.1,92.13,91.97,92.03,3520.1
1774463400000,92.04,92.09,91.95,91.98,7306.416
1774463700000,91.99,92.02,91.81,91.85,4247.444
1774464000000,91.86,91.87,91.69,91.79,3409.649
1774464300000,91.79,91.84,91.76,91.77,2052.813
1774464600000,91.77,91.91,91.76,91.91,3196.22
1774464900000,91.9,91.9,91.46,91.69,8790.87
1774465200000,91.69,91.92,91.62,91.91,6465.785
1774465500000,91.92,91.94,91.7,91.74,5489.235
1774465800000,91.75,91.84,91.62,91.83,5882.004
1774466100000,91.83,91.9,91.8,91.86,3570.087
1774466400000,91.86,91.99,91.82,91.86,4077.405
1774466700000,91.86,91.88,91.65,91.76,6772.57
1774467000000,91.77,91.79,91.64,91.77,5288.165
1774467300000,91.78,91.91,91.66,91.88,3288.994
1774467600000,91.89,91.96,91.66,91.68,3175.252
1774467900000,91.68,91.75,91.6,91.73,4774.892
1774468200000,91.73,91.8,91.65,91.67,2941.556
1774468500000,91.67,91.76,91.4,91.75,16317.875
1774468800000,91.76,91.78,91.57,91.59,4031.956
1774469100000,91.59,91.62,91.31,91.32,16467.741
1774469400000,91.32,91.34,91.16,91.19,15305.571
1774469700000,91.19,91.36,91.16,91.36,9356.615
1774470000000,91.35,91.38,91.23,91.25,6829.754
1774470300000,91.26,91.27,91.14,91.21,4115.452
1774470600000,91.22,91.26,91.1,91.22,6261.877
1774470900000,91.22,91.36,91.18,91.33,3512.616
1774471200000,91.33,91.5,91.25,91.48,3191.112
1774471500000,91.48,91.5,91.37,91.45,3567.356
1774471800000,91.44,91.57,91.44,91.55,5086.339
1774472100000,91.56,91.58,91.46,91.48,4722.435
1774472400000,91.48,91.49,91.36,91.41,2850.402
1774472700000,91.41,91.5,91.28,91.48,2957.837
1774473000000,91.49,91.6,91.44,91.6,3655.767
1774473300000,91.6,91.62,91.48,91.55,4472.755
1774473600000,91.55,91.57,91.41,91.42,1728.981
1774473900000,91.41,91.42,91.24,91.25,6489.894
1774474200000,91.26,91.33,91.16,91.31,5007.173
1774474500000,91.31,91.41,91.25,91.41,3874.578
1774474800000,91.41,91.46,91.33,91.38,3549.222
1774475100000,91.38,91.41,91.16,91.17,2347.843
1774475400000,91.17,91.25,91.16,91.25,1915.621
1774475700000,91.24,91.31,91.22,91.27,3913.481
1774476000000,91.27,91.37,91.2,91.29,4084.306
1774476300000,91.29,91.3,91.09,91.09,9624.805
1774476600000,91.08,91.17,91.07,91.12,3536.175
1774476900000,91.11,91.17,91.03,91.11,6148.294
1774477200000,91.11,91.21,91.07,91.18,2726.438
1774477500000,91.18,91.3,91.18,91.26,2695.61
1774477800000,91.25,91.73,91.25,91.68,14633.122
1774478100000,91.69,91.79,91.56,91.57,9900.198
1774478400000,91.57,91.96,91.56,91.76,18928.843
1774478700000,91.76,91.94,91.72,91.79,8557.33
1774479000000,91.79,91.81,91.66,91.8,7799.55
1774479300000,91.8,91.83,91.7,91.75,2563.496
1774479600000,91.74,91.82,91.7,91.81,4447.921
1774479900000,91.82,91.83,91.74,91.8,1105.426
1774480200000,91.79,91.84,91.66,91.67,1941.927
1774480500000,91.66,91.66,91.53,91.64,4394.823
1774480800000,91.65,91.72,91.59,91.71,1957.545
1774481100000,91.72,91.8,91.7,91.73,2283.618
1774481400000,91.72,91.74,91.65,91.7,1595.065
1774481700000,91.7,91.75,91.58,91.58,2836.595
1774482000000,91.59,91.63,91.53,91.55,2101.45
1774482300000,91.54,91.63,91.47,91.6,1552.316
1774482600000,91.6,91.77,91.6,91.76,1445.988
1774482900000,91.75,91.77,91.7,91.7,2109.757
1774483200000,91.7,91.75,91.61,91.61,5478.101
1774483500000,91.61,91.64,91.51,91.52,2856.524
1774483800000,91.52,91.68,91.49,91.68,3139.729
1774484100000,91.68,91.9,91.67,91.67,8061.564
1774484400000,91.68,91.75,91.64,91.67,5926.888
1774484700000,91.67,91.78,91.59,91.78,1828.484
1774485000000,91.77,91.89,91.75,91.81,5262.733
1774485300000,91.81,91.95,91.81,91.9,2802.708
1774485600000,91.9,91.93,91.79,91.89,2689.511
1774485900000,91.88,91.98,91.84,91.9,5486.502
1774486200000,91.91,91.92,91.62,91.65,4460.966
1774486500000,91.64,91.71,91.53,91.7,3541.35
1774486800000,91.7,91.91,91.7,91.83,4507.103
1774487100000,91.84,91.86,91.74,91.77,2336.185
1774487400000,91.78,91.85,91.71,91.79,1197.877
1774487700000,91.78,91.78,91.6,91.72,3637.257
1774488000000,91.72,91.85,91.71,91.83,1016.667
1774488300000,91.83,91.96,91.81,91.87,2896.499
1774488600000,91.87,91.96,91.83,91.91,2128.397
1774488900000,91.92,91.95,91.83,91.88,2960.956
1774489200000,91.89,91.91,91.71,91.76,5716.423
1774489500000,91.75,91.86,91.74,91.79,1258.052
1774489800000,91.8,91.86,91.73,91.82,6414.364
1774490100000,91.82,91.92,91.78,91.84,1872.144
1774490400000,91.83,91.85,91.78,91.83,762.587
1774490700000,91.82,91.85,91.55,91.58,3776.994
1774491000000,91.58,91.63,91.46,91.53,3539.725
1774491300000,91.53,91.54,91.2,91.22,6397.024
1774491600000,91.23,91.4,91.18,91.23,9801.112
1774491900000,91.24,91.39,91.23,91.23,4079.316
1774492200000,91.23,91.24,90.67,90.92,30189.423
1774492500000,90.92,90.94,90.7,90.74,20574.416
1774492800000,90.74,90.94,90.72,90.9,4402.958
1774493100000,90.89,90.97,90.84,90.96,2664.757
1774493400000,90.96,90.99,90.84,90.89,3361.784
1774493700000,90.89,90.97,90.88,90.96,2909.678
1774494000000,90.95,90.95,90.74,90.79,4848.301
1774494300000,90.78,90.87,90.74,90.87,2803.403
1774494600000,90.87,91.09,90.85,91.08,2815.457
1774494900000,91.08,91.08,90.88,90.92,9517.153
1774495200000,90.92,90.95,90.66,90.72,9454.579
1774495500000,90.71,90.81,90.61,90.69,7835.435
1774495800000,90.7,90.86,90.69,90.82,7438.022
1774496100000,90.82,90.94,90.82,90.94,3720.543
1774496400000,90.94,90.99,90.92,90.95,2749.291
1774496700000,90.96,91.03,90.93,90.97,2068.538
1774497000000,90.98,91.12,90.94,91.11,1978.26
1774497300000,91.11,91.16,91.07,91.07,3221.883
1774497600000,91.07,91.08,90.91,90.92,2543.374
1774497900000,90.92,90.94,90.87,90.9,3884.554
1774498200000,90.89,90.94,90.78,90.79,5573.03
1774498500000,90.78,90.82,90.68,90.74,7411.232
1774498800000,90.75,90.85,90.75,90.82,3649.03
1774499100000,90.81,90.91,90.81,90.9,1989.65
1774499400000,90.9,90.97,90.84,90.85,2592.052
1774499700000,90.85,90.94,90.85,90.91,1837.991
1774500000000,90.92,90.92,90.78,90.88,9851.154
1774500300000,90.89,90.99,90.88,90.98,3245.517
1774500600000,90.98,90.99,90.84,90.86,3243.998
1774500900000,90.86,90.87,90.78,90.82,2806.924
1774501200000,90.82,90.85,90.78,90.83,4605.83
1774501500000,90.83,90.84,90.35,90.47,18450.855
1774501800000,90.47,90.48,89.97,90.01,62183.739
1774502100000,90.02,90.04,89.93,89.99,12814.268
1774502400000,89.98,90.09,89.98,90.06,18572.064
1774502700000,90.06,90.08,89.86,90.06,12834.951
1774503000000,90.05,90.15,89.98,90.08,10008.256
1774503300000,90.09,90.13,90.0,90.01,9084.399
1774503600000,90.01,90.03,89.5,89.63,58077.496
1774503900000,89.63,89.65,89.31,89.57,33237.014
1774504200000,89.57,89.57,89.24,89.27,22342.296
1774504500000,89.26,89.29,89.12,89.26,15517.674
1774504800000,89.25,89.31,89.0,89.18,28478.041
1774505100000,89.18,89.3,89.04,89.24,11201.084
1774505400000,89.25,89.25,89.07,89.21,16085.527
1774505700000,89.21,89.24,89.12,89.21,13664.862
1774506000000,89.21,89.22,89.01,89.05,72307.879
1774506300000,89.06,89.12,88.88,89.09,53866.972
1774506600000,89.09,89.15,88.92,89.01,61682.313
1774506900000,89.0,89.03,88.89,88.95,34348.85
1774507200000,88.95,88.99,88.81,88.99,14159.431
1774507500000,88.99,89.12,88.96,89.09,11843.827
1774507800000,89.09,89.1,89.03,89.05,5478.315
1774508100000,89.05,89.16,89.01,89.05,6295.474
1774508400000,89.06,89.24,88.99,89.21,12551.337
1774508700000,89.2,89.25,89.01,89.22,18846.935
1774509000000,89.21,89.21,89.11,89.15,6205.169
1774509300000,89.15,89.21,89.1,89.16,4666.05
1774509600000,89.17,89.36,88.97,89.08,48122.911
1774509900000,89.08,89.1,88.96,88.99,5996.125
1774510200000,88.99,89.02,88.81,89.0,12926.105
1774510500000,89.0,89.11,88.96,89.1,3683.92
1774510800000,89.09,89.18,88.83,88.84,25453.37
1774511100000,88.84,89.07,88.82,89.06,15986.113
1774511400000,89.05,89.21,89.04,89.21,5176.397
1774511700000,89.2,89.22,89.1,89.1,8462.13
1774512000000,89.1,89.11,88.85,88.87,15171.006
1774512300000,88.86,88.91,88.72,88.87,23634.633
1774512600000,88.87,88.87,88.7,88.73,5583.909
1774512900000,88.73,88.84,88.68,88.75,15933.627
1774513200000,88.75,88.8,88.65,88.7,7997.642
1774513500000,88.71,88.78,88.66,88.69,4821.218
1774513800000,88.68,88.81,88.67,88.8,8079.358
1774514100000,88.81,88.87,88.71,88.73,7557.711
1774514400000,88.72,88.77,88.67,88.75,8796.603
1774514700000,88.76,88.9,88.72,88.78,20852.632
1774515000000,88.78,88.9,88.76,88.86,13499.513
1774515300000,88.85,88.96,88.83,88.88,6096.633
1774515600000,88.88,88.88,88.7,88.82,6842.493
1774515900000,88.81,89.02,88.75,88.91,7681.288
1774516200000,88.92,88.98,88.87,88.89,6119.165
1774516500000,88.88,88.9,88.73,88.79,6611.65
1774516800000,88.78,88.89,88.78,88.83,6441.645
1774517100000,88.83,88.93,88.8,88.9,4982.562
1774517400000,88.9,88.9,87.73,87.85,137766.535
1774517700000,87.85,88.19,87.79,88.07,13112.765
1774518000000,88.07,88.16,87.99,88.12,17839.266
1774518300000,88.12,88.12,87.88,87.92,14463.976
1774518600000,87.93,88.17,87.92,88.16,9016.293
1774518900000,88.16,88.23,88.12,88.12,10091.087
1774519200000,88.12,88.15,88.0,88.03,17401.227
1774519500000,88.03,88.17,87.94,87.96,14575.676
1774519800000,87.95,88.1,87.88,88.04,9443.984
1774520100000,88.05,88.24,88.04,88.18,9130.861
1774520400000,88.19,88.31,88.15,88.27,7826.783
1774520700000,88.27,88.33,88.25,88.25,7616.543
1774521000000,88.26,88.34,88.11,88.13,9387.659
1774521300000,88.12,88.13,87.79,87.85,17849.864
1774521600000,87.85,87.94,87.79,87.83,9566.578
1774521900000,87.83,87.95,87.81,87.91,8940.775
1774522200000,87.92,87.99,87.9,87.91,4627.554
1774522500000,87.92,87.95,87.87,87.94,5171.987
1774522800000,87.95,88.07,87.89,88.0,5461.125
1774523100000,88.0,88.13,87.85,87.98,13271.763
1774523400000,87.98,87.98,87.6,87.91,13991.988
1774523700000,87.91,87.94,87.81,87.87,6370.289
1774524000000,87.87,87.9,87.53,87.54,19531.396
1774524300000,87.55,87.65,87.45,87.62,13993.939
1774524600000,87.62,87.74,87.6,87.67,7839.383
1774524900000,87.67,87.75,87.62,87.74,5003.098
1774525200000,87.74,87.77,87.58,87.65,10358.203
1774525500000,87.66,87.69,87.58,87.62,16778.274
1774525800000,87.61,87.74,87.6,87.7,4128.137
1774526100000,87.69,87.69,87.55,87.58,4846.51
1774526400000,87.58,87.61,87.48,87.54,16918.836
1774526700000,87.54,87.58,87.41,87.55,13170.801
1774527000000,87.55,87.65,87.54,87.6,6775.901
1774527300000,87.61,87.68,87.53,87.64,8092.606
1774527600000,87.64,87.77,87.61,87.71,8001.441
1774527900000,87.71,87.77,87.67,87.73,5528.367
1774528200000,87.73,87.81,87.61,87.62,6270.273
1774528500000,87.62,87.63,87.48,87.57,11501.095
1774528800000,87.57,87.58,87.45,87.56,7132.166
1774529100000,87.55,87.68,87.5,87.54,10147.581
1774529400000,87.54,87.59,87.48,87.58,8190.061
1774529700000,87.58,87.63,87.56,87.56,10940.171
1774530000000,87.56,87.67,87.53,87.64,12678.965
1774530300000,87.65,87.8,87.62,87.74,14007.82
1774530600000,87.74,87.82,87.67,87.77,7243.759
1774530900000,87.77,87.91,87.75,87.83,12426.625
1774531200000,87.82,87.86,87.78,87.79,5501.032
1774531500000,87.79,87.81,87.73,87.81,3034.927
1774531800000,87.81,87.83,87.48,87.5,18791.975
1774532100000,87.5,87.69,87.33,87.42,28607.76
1774532400000,87.41,87.87,87.33,87.84,10705.032
1774532700000,87.84,88.24,87.8,87.89,39299.644
1774533000000,87.9,88.22,87.9,88.14,26547.935
1774533300000,88.14,88.15,87.74,87.92,20148.887
1774533600000,87.93,88.06,87.85,88.04,9696.521
1774533900000,88.04,88.19,87.8,87.84,10655.819
1774534200000,87.85,87.89,87.63,87.84,9157.533
1774534500000,87.84,87.9,87.53,87.54,12499.022
1774534800000,87.54,87.63,87.45,87.58,11633.712
1774535100000,87.58,87.81,87.48,87.61,9226.245
1774535400000,87.6,87.92,87.6,87.9,6247.433
1774535700000,87.89,87.9,87.68,87.78,5167.885
1774536000000,87.79,88.01,87.62,87.66,11076.625
1774536300000,87.65,87.7,87.52,87.58,5936.378
1774536600000,87.58,87.64,87.17,87.33,13709.924
1774536900000,87.32,87.65,87.24,87.54,13171.442
1774537200000,87.54,87.58,87.37,87.37,3645.855
1774537500000,87.37,87.48,86.93,87.15,34593.471
1774537800000,87.15,87.2,86.93,86.97,18633.268
1774538100000,86.97,87.22,86.73,87.17,45494.571
1774538400000,87.17,87.43,87.14,87.43,14933.941
1774538700000,87.43,87.54,87.4,87.47,10277.726
1774539000000,87.46,87.48,87.31,87.36,10834.305
1774539300000,87.36,87.4,87.29,87.39,7429.991
1774539600000,87.39,87.5,87.37,87.42,7373.429
1774539900000,87.43,87.65,87.41,87.63,8807.643
1774540200000,87.63,87.81,87.6,87.67,9715.857
1774540500000,87.67,87.68,87.49,87.54,6382.439
1774540800000,87.53,87.61,87.48,87.57,6830.991
1774541100000,87.58,87.61,87.51,87.54,6538.951
1774541400000,87.54,87.55,87.4,87.5,6977.432
1774541700000,87.5,87.68,87.31,87.66,14637.045
1774542000000,87.66,87.73,87.54,87.73,5818.026
1774542300000,87.73,87.73,87.45,87.46,6997.858
1774542600000,87.45,87.52,87.34,87.51,5043.581
1774542900000,87.51,87.55,87.17,87.27,14003.099
1774543200000,87.27,87.3,87.18,87.29,6324.769
1774543500000,87.3,87.32,87.14,87.22,3360.257
1774543800000,87.22,87.24,87.15,87.23,3406.637
1774544100000,87.23,87.25,87.18,87.2,4077.056
1774544400000,87.2,87.4,87.13,87.37,8620.607
1774544700000,87.36,87.42,87.21,87.22,9771.306
1774545000000,87.22,87.22,87.07,87.08,4663.51
1774545300000,87.08,87.24,87.08,87.23,4494.793
1774545600000,87.23,87.26,87.15,87.21,6192.133
1774545900000,87.21,87.34,87.17,87.34,4703.423
1774546200000,87.34,87.47,87.33,87.47,4598.724
1774546500000,87.46,87.49,87.25,87.26,3641.203
1774546800000,87.26,87.26,87.18,87.19,4030.066
1774547100000,87.19,87.21,86.89,86.93,82080.534
1774547400000,86.94,86.99,86.78,86.94,11260.657
1774547700000,86.95,86.95,86.51,86.63,19616.513
1774548000000,86.62,86.82,86.53,86.54,13912.88
1774548300000,86.55,86.65,86.42,86.6,11829.322
1774548600000,86.61,86.63,86.39,86.55,14466.184
1774548900000,86.54,86.54,86.01,86.04,36306.004
1774549200000,86.05,86.14,85.89,86.04,32356.413
1774549500000,86.04,86.05,85.81,85.88,14688.852
1774549800000,85.88,85.96,85.73,85.81,22363.565
1774550100000,85.81,86.03,85.78,86.01,12409.39
1774550400000,86.01,86.05,85.93,85.97,6603.216
1774550700000,85.97,86.1,85.9,86.06,7534.089
1774551000000,86.06,86.14,85.97,86.14,18399.526
1774551300000,86.13,86.13,86.02,86.06,5806.5
1774551600000,86.06,86.07,85.92,86.04,9868.078
1774551900000,86.04,86.06,85.85,86.04,7055.108
1774552200000,86.05,86.06,85.95,85.98,7451.196
1774552500000,85.98,86.07,85.96,86.04,5570.04
1774552800000,86.04,86.08,85.92,85.93,10725.703
1774553100000,85.93,85.93,85.54,85.66,24252.324
1774553400000,85.66,85.71,85.49,85.66,18144.686
1774553700000,85.66,85.87,85.65,85.79,8615.67
1774554000000,85.79,85.88,85.76,85.85,4615.864
1774554300000,85.86,85.88,85.74,85.75,5264.751
1774554600000,85.75,85.8,85.58,85.65,9331.476
1774554900000,85.65,85.74,85.45,85.48,15732.636
1774555200000,85.48,85.61,85.45,85.61,7985.453
1774555500000,85.6,85.68,85.5,85.68,12736.323
1774555800000,85.68,87.12,85.64,86.61,133466.903
1774556100000,86.62,87.01,86.49,86.68,99946.771
1774556400000,86.68,86.9,86.56,86.8,23978.744
1774556700000,86.8,86.81,86.42,86.53,22872.696
1774557000000,86.54,86.65,86.5,86.57,7873.455
1774557300000,86.57,86.71,86.57,86.68,4525.599
1774557600000,86.68,86.69,86.55,86.68,4548.389
1774557900000,86.69,86.71,86.6,86.63,7379.961
1774558200000,86.64,86.64,86.25,86.3,11384.083
1774558500000,86.31,86.35,86.25,86.34,6734.268
1774558800000,86.35,86.37,86.22,86.33,7648.106
1774559100000,86.32,86.46,86.29,86.45,4129.319
1774559400000,86.46,86.72,86.45,86.65,12787.758
1774559700000,86.66,86.73,86.6,86.7,5412.73
1774560000000,86.7,86.95,86.66,86.89,19554.199
1774560300000,86.89,87.11,86.84,87.0,29176.184
1774560600000,87.0,87.14,86.97,87.05,14347.144
1774560900000,87.05,87.1,86.92,86.94,15335.091
1774561200000,86.94,87.07,86.88,86.97,12529.548
1774561500000,86.97,86.99,86.88,86.94,1958.051
1774561800000,86.94,86.97,86.82,86.89,5458.263
1774562100000,86.89,86.98,86.82,86.84,4726.9
1774562400000,86.83,86.89,86.61,86.67,7178.089
1774562700000,86.68,86.8,86.5,86.6,6414.51
1774563000000,86.61,86.8,86.59,86.67,8986.331
1774563300000,86.67,86.7,86.56,86.65,6972.813
1774563600000,86.65,86.74,86.33,86.45,12072.373
1774563900000,86.44,86.62,86.22,86.58,12428.018
1774564200000,86.58,86.66,86.43,86.63,13481.446
1774564500000,86.63,86.67,86.56,86.67,3855.015
1774564800000,86.67,86.73,86.65,86.67,2689.688
1774565100000,86.68,86.76,86.65,86.71,2153.669
1774565400000,86.71,86.76,86.62,86.76,6114.777
1774565700000,86.76,86.82,86.71,86.81,2225.977
1774566000000,86.82,86.96,86.82,86.9,5395.167
1774566300000,86.9,86.93,86.74,86.74,3991.525
1774566600000,86.73,86.78,86.69,86.71,3212.009
1774566900000,86.72,86.82,86.66,86.82,3629.509
1774567200000,86.82,86.82,86.55,86.58,5117.572
1774567500000,86.59,86.61,86.47,86.61,6077.994
1774567800000,86.62,86.63,86.19,86.32,72148.977
1774568100000,86.32,86.47,86.29,86.3,27642.805
1774568400000,86.3,86.39,86.3,86.38,5456.403
1774568700000,86.38,86.43,86.33,86.4,3344.783
1774569000000,86.41,86.51,86.4,86.49,3327.298
1774569300000,86.49,86.55,86.45,86.53,2481.797
1774569600000,86.52,86.55,86.38,86.42,10408.219
1774569900000,86.42,86.75,86.42,86.74,8855.085
1774570200000,86.74,86.8,86.7,86.75,6918.954
1774570500000,86.74,86.78,86.61,86.66,5106.497
1774570800000,86.67,86.69,86.32,86.44,11422.225
1774571100000,86.44,86.44,86.31,86.32,3363.603
1774571400000,86.32,86.42,86.3,86.38,4351.94
1774571700000,86.38,86.42,86.19,86.26,4839.057
1774572000000,86.26,86.52,86.25,86.38,7581.195
1774572300000,86.37,86.37,86.25,86.34,10532.324
1774572600000,86.33,86.56,86.33,86.5,6060.489
1774572900000,86.5,86.62,86.5,86.55,4586.97
1774573200000,86.54,86.7,86.54,86.57,3736.035
1774573500000,86.58,86.62,86.44,86.61,9799.536
1774573800000,86.6,86.76,86.6,86.68,3128.168
1774574100000,86.69,86.8,86.65,86.7,4279.371
1774574400000,86.7,86.78,86.66,86.75,2678.381
1774574700000,86.75,86.82,86.72,86.78,1544.039
1774575000000,86.77,86.89,86.74,86.76,3435.838
1774575300000,86.76,86.78,86.64,86.69,2764.361
1774575600000,86.69,86.74,86.65,86.7,2242.505
1774575900000,86.7,86.8,86.67,86.78,4486.106
1774576200000,86.78,86.83,86.67,86.8,4792.233
1774576500000,86.8,86.9,86.8,86.88,2957.575
1774576800000,86.89,87.03,86.88,87.0,6900.35
1774577100000,86.99,86.99,86.91,86.98,3807.961
1774577400000,86.99,87.04,86.85,86.88,2351.209
1774577700000,86.87,86.87,86.71,86.72,3795.115
1774578000000,86.72,86.77,86.69,86.73,2615.294
1774578300000,86.73,86.79,86.67,86.78,2134.06
1774578600000,86.77,86.92,86.77,86.81,2644.916
1774578900000,86.81,86.82,86.7,86.71,3657.501
1774579200000,86.7,86.71,86.53,86.63,7813.364
1774579500000,86.63,86.7,86.62,86.68,4248.095
1774579800000,86.68,86.77,86.67,86.77,1705.18
1774580100000,86.77,86.81,86.63,86.7,9028.647
1774580400000,86.69,86.79,86.68,86.7,3589.962
1774580700000,86.7,86.7,86.37,86.42,16477.297
1774581000000,86.42,86.55,86.35,86.44,8420.894
1774581300000,86.44,86.51,86.4,86.5,1920.86
1774581600000,86.49,86.52,86.37,86.41,1870.231
1774581900000,86.42,86.52,86.42,86.51,1495.573
1774582200000,86.51,86.58,86.39,86.53,7451.935
1774582500000,86.54,86.63,86.47,86.58,4144.804
1774582800000,86.58,86.62,86.52,86.54,1327.879
1774583100000,86.53,86.54,86.43,86.47,1814.568
1774583400000,86.47,86.49,86.43,86.48,1265.264
1774583700000,86.47,86.47,86.38,86.42,3670.031
1774584000000,86.42,86.44,85.89,86.03,29322.859
1774584300000,86.04,86.09,85.74,85.81,12360.809
1774584600000,85.81,85.88,85.76,85.79,9592.199
1774584900000,85.79,86.03,85.79,86.03,6799.739
1774585200000,86.03,86.16,86.02,86.05,4792.286
1774585500000,86.05,86.1,86.04,86.06,2676.004
1774585800000,86.07,86.16,86.0,86.16,3776.534
1774586100000,86.15,86.19,86.12,86.15,3133.504
1774586400000,86.14,86.19,86.12,86.14,2036.555
1774586700000,86.15,86.19,86.1,86.1,3367.65
1774587000000,86.11,86.17,86.09,86.14,2138.15
1774587300000,86.15,86.21,86.14,86.17,1993.341
1774587600000,86.16,86.19,86.12,86.15,2948.089
1774587900000,86.15,86.42,86.14,86.38,5183.922
1774588200000,86.37,86.58,86.36,86.53,7925.145
1774588500000,86.54,86.75,86.54,86.59,6505.589
1774588800000,86.59,86.59,86.28,86.3,11158.762
1774589100000,86.29,86.29,86.02,86.13,12176.261
1774589400000,86.14,86.18,85.97,86.05,7833.077
1774589700000,86.04,86.25,86.04,86.05,5850.274
1774590000000,86.06,86.09,85.93,86.06,12664.562
1774590300000,86.07,86.07,85.99,86.03,5100.897
1774590600000,86.03,86.07,85.95,86.04,2207.698
1774590900000,86.04,86.13,86.04,86.1,2713.027
1774591200000,86.1,86.12,86.01,86.04,2574.972
1774591500000,86.04,86.17,85.96,86.16,6496.15
1774591800000,86.15,86.22,86.06,86.21,4605.355
1774592100000,86.21,86.26,86.15,86.19,7519.991
1774592400000,86.18,86.28,86.08,86.28,10810.62
1774592700000,86.27,86.39,86.2,86.27,7718.446
1774593000000,86.27,86.32,86.23,86.29,4523.958
1774593300000,86.29,86.3,86.23,86.23,11006.261
1774593600000,86.24,86.27,86.16,86.17,5992.437
1774593900000,86.16,86.16,85.89,86.08,45625.005
1774594200000,86.09,86.11,86.07,86.08,6686.336
1774594500000,86.08,86.11,86.02,86.07,2250.49
1774594800000,86.07,86.09,86.0,86.05,4672.095
1774595100000,86.05,86.07,85.82,85.83,21966.67
1774595400000,85.83,86.23,85.82,86.14,9571.508
1774595700000,86.13,86.24,86.04,86.21,6577.254
1774596000000,86.2,86.34,86.2,86.22,6040.119
1774596300000,86.21,86.32,86.1,86.28,22681.685
1774596600000,86.28,86.31,85.97,86.02,10013.779
1774596900000,86.02,86.06,85.91,85.92,10918.064
1774597200000,85.93,85.94,85.69,85.89,19791.748
1774597500000,85.89,85.95,85.85,85.95,11103.699
1774597800000,85.95,86.02,85.89,85.98,17307.92
1774598100000,85.98,85.98,85.85,85.92,15607.077
1774598400000,85.92,86.14,85.81,85.98,15357.048
1774598700000,85.98,85.98,85.81,85.85,13375.865
1774599000000,85.85,85.96,85.83,85.93,4805.039
1774599300000,85.93,86.0,85.86,85.92,4433.169
1774599600000,85.91,85.99,85.82,85.95,13189.168
1774599900000,85.95,85.98,85.74,85.76,10555.727
1774600200000,85.76,85.88,85.43,85.65,45001.468
1774600500000,85.66,85.67,84.38,84.49,150989.999
1774600800000,84.48,84.85,84.39,84.79,17322.072
1774601100000,84.78,84.94,84.76,84.88,15561.278
1774601400000,84.89,85.29,84.88,85.13,17923.573
1774601700000,85.13,85.17,85.08,85.12,23506.887
1774602000000,85.12,85.13,84.84,84.86,25002.876
1774602300000,84.86,84.88,84.59,84.59,10196.029
1774602600000,84.59,84.93,84.42,84.83,24798.696
1774602900000,84.83,85.03,84.81,84.99,15646.495
1774603200000,84.98,85.1,84.95,85.08,3582.243
1774603500000,85.07,85.26,85.07,85.17,8940.311
1774603800000,85.17,85.17,84.96,84.98,11136.845
1774604100000,84.98,85.08,84.91,85.04,5292.314
1774604400000,85.05,85.08,84.96,85.04,10907.973
1774604700000,85.04,85.18,85.01,85.11,4624.83
1774605000000,85.11,85.2,85.09,85.14,5474.024
1774605300000,85.15,85.18,85.03,85.08,5633.326
1774605600000,85.08,85.15,84.94,85.04,3858.291
1774605900000,85.03,85.11,85.0,85.03,9757.729
1774606200000,85.04,85.06,84.93,84.95,3951.579
1774606500000,84.95,85.02,84.88,84.9,2714.258
1774606800000,84.9,85.09,84.88,85.02,3519.834
1774607100000,85.01,85.13,84.98,85.08,3121.969
1774607400000,85.08,85.12,85.02,85.05,2772.467
1774607700000,85.06,85.06,82.88,83.42,186004.537
1774608000000,83.42,83.68,83.27,83.42,24856.944
1774608300000,83.42,83.58,83.28,83.46,24570.675
1774608600000,83.45,83.67,82.91,83.09,36579.097
1774608900000,83.08,83.08,82.66,83.02,33503.423
1774609200000,83.02,83.17,82.63,82.96,35210.499
1774609500000,82.96,83.26,82.96,83.12,19578.98
1774609800000,83.12,83.36,83.11,83.32,12388.583
1774610100000,83.33,83.46,83.26,83.34,14995.728
1774610400000,83.34,83.38,83.25,83.28,7585.653
1774610700000,83.28,83.45,83.27,83.43,6009.877
1774611000000,83.42,83.51,83.38,83.46,10592.44
1774611300000,83.46,83.53,83.39,83.52,4153.922
1774611600000,83.51,83.54,83.35,83.45,7365.312
1774611900000,83.45,83.64,83.4,83.52,8087.916
1774612200000,83.52,83.57,83.29,83.48,11634.752
1774612500000,83.47,83.5,83.37,83.39,4463.432
1774612800000,83.39,83.42,83.28,83.29,6716.958
1774613100000,83.28,83.4,83.19,83.25,24297.746
1774613400000,83.24,83.37,83.16,83.26,5368.608
1774613700000,83.27,83.32,83.14,83.25,10927.925
1774614000000,83.26,83.3,83.19,83.25,3751.298
1774614300000,83.25,83.26,83.13,83.19,6464.353
1774614600000,83.18,83.31,83.1,83.17,10728.496
1774614900000,83.17,83.31,83.11,83.24,7185.842
1774615200000,83.24,83.32,83.1,83.31,6864.359
1774615500000,83.31,83.44,83.06,83.07,10749.26
1774615800000,83.07,83.19,83.06,83.17,7115.176
1774616100000,83.16,83.2,83.1,83.1,33504.626
1774616400000,83.11,83.24,83.1,83.18,8028.445
1774616700000,83.17,83.18,82.99,83.05,7356.559
1774617000000,83.05,83.13,82.96,83.1,8544.095
1774617300000,83.1,83.32,83.07,83.3,18361.975
1774617600000,83.3,83.46,83.27,83.42,4191.74
1774617900000,83.42,83.56,83.42,83.45,10752.135
1774618200000,83.44,83.5,82.86,82.88,22649.63
1774618500000,82.88,83.17,82.5,83.07,27332.74
1774618800000,83.06,83.29,83.03,83.16,13623.928
1774619100000,83.15,83.32,83.11,83.13,8474.549
1774619400000,83.13,83.15,82.91,82.94,6833.719
1774619700000,82.94,82.95,82.66,82.95,18025.993
1774620000000,82.94,83.18,82.87,83.15,15240.004
1774620300000,83.16,83.3,83.13,83.2,19482.028
1774620600000,83.21,83.36,83.11,83.27,9906.251
1774620900000,83.27,83.27,82.95,82.97,10328.291
1774621200000,82.98,82.99,82.66,82.78,23116.927
1774621500000,82.78,82.85,82.6,82.66,23084.17
1774621800000,82.65,82.88,82.64,82.85,10134.27
1774622100000,82.84,82.99,82.8,82.87,15923.899
1774622400000,82.87,82.96,82.76,82.86,6745.683
1774622700000,82.87,82.97,82.7,82.97,5794.022
1774623000000,82.96,83.14,82.95,82.97,11033.623
1774623300000,82.97,83.2,82.97,83.18,11012.403
1774623600000,83.17,83.31,83.17,83.24,9144.442
1774623900000,83.24,83.36,83.17,83.34,9584.737
1774624200000,83.35,83.4,83.16,83.17,5525.488
1774624500000,83.18,83.32,83.1,83.17,4427.283
1774624800000,83.17,83.68,82.98,83.28,31313.25
1774625100000,83.28,83.54,83.21,83.53,12571.07
1774625400000,83.53,83.88,83.49,83.82,20026.431
1774625700000,83.83,84.03,83.73,83.77,22802.191
1774626000000,83.77,83.79,83.56,83.67,12111.72
1774626300000,83.68,83.8,83.58,83.73,6988.492
1774626600000,83.73,83.78,83.51,83.53,5876.259
1774626900000,83.52,83.53,83.35,83.35,10052.553
1774627200000,83.36,83.38,83.03,83.04,10180.494
1774627500000,83.03,83.07,82.83,82.93,14022.992
1774627800000,82.93,83.07,82.89,82.95,15819.613
1774628100000,82.95,82.96,82.68,82.84,20068.246
1774628400000,82.83,83.03,82.74,82.74,7108.648
1774628700000,82.75,82.87,82.68,82.84,5918.167
1774629000000,82.84,82.92,82.8,82.87,6678.06
1774629300000,82.87,82.94,82.66,82.73,5682.032
1774629600000,82.72,83.12,82.68,83.07,12137.403
1774629900000,83.07,83.32,83.05,83.13,11915.455
1774630200000,83.14,83.14,82.89,83.05,5071.611
1774630500000,83.05,83.12,82.97,83.03,3502.251
1774630800000,83.02,83.07,82.99,83.01,7797.121
1774631100000,83.01,83.44,82.97,83.19,13904.06
1774631400000,83.19,83.27,83.13,83.2,4279.239
1774631700000,83.19,83.29,83.0,83.03,5871.475
1774632000000,83.03,83.04,82.81,82.87,10037.194
1774632300000,82.88,82.88,82.76,82.77,7809.918
1774632600000,82.77,82.87,82.66,82.8,7731.188
1774632900000,82.8,82.86,82.73,82.77,7215.549
1774633200000,82.77,82.8,82.25,82.36,29628.455
1774633500000,82.36,82.48,82.3,82.34,17096.329
1774633800000,82.34,82.4,82.2,82.24,22921.061
1774634100000,82.24,82.3,82.09,82.23,11751.346
1774634400000,82.24,82.36,82.24,82.3,5112.352
1774634700000,82.3,82.38,82.24,82.29,7526.282
1774635000000,82.28,82.33,82.17,82.21,5348.178
1774635300000,82.21,82.5,82.16,82.43,10387.633
1774635600000,82.42,82.44,81.92,81.98,21548.801
1774635900000,81.99,82.26,81.86,82.2,12670.855
1774636200000,82.21,82.33,82.14,82.31,6554.521
1774636500000,82.31,82.39,82.24,82.29,7103.928
1774636800000,82.29,82.41,82.17,82.25,6517.892
1774637100000,82.25,82.37,82.24,82.33,4077.974
1774637400000,82.33,82.46,82.32,82.4,5284.783
1774637700000,82.4,82.44,82.35,82.39,1822.778
1774638000000,82.39,82.42,82.21,82.23,2339.391
1774638300000,82.23,82.26,82.08,82.24,3413.961
1774638600000,82.25,82.25,82.13,82.22,2330.34
1774638900000,82.22,82.42,82.15,82.37,6159.462
1774639200000,82.36,82.46,82.28,82.32,6485.876
1774639500000,82.31,82.55,82.23,82.55,10454.568
1774639800000,82.55,82.82,82.55,82.73,11291.825
1774640100000,82.73,82.84,82.67,82.72,7608.204
1774640400000,82.72,82.73,82.51,82.62,4196.942
1774640700000,82.61,82.68,82.55,82.68,2719.367
1774641000000,82.67,82.77,82.58,82.69,2712.527
1774641300000,82.7,82.91,82.7,82.81,10372.056
1774641600000,82.81,82.92,82.76,82.88,6533.542
1774641900000,82.88,82.98,82.76,82.83,5498.1
1774642200000,82.84,82.87,82.77,82.79,1730.464
1774642500000,82.79,82.87,82.71,82.82,9987.203
1774642800000,82.82,82.82,82.68,82.72,5646.629
1774643100000,82.71,82.72,82.43,82.57,20945.279
1774643400000,82.56,82.57,82.41,82.44,5256.497
1774643700000,82.44,82.52,82.38,82.52,2276.24
1774644000000,82.52,82.64,82.48,82.56,2505.196
1774644300000,82.55,82.75,82.53,82.7,2066.036
1774644600000,82.7,82.84,82.69,82.84,1881.833
1774644900000,82.84,82.87,82.77,82.77,1649.782
1774645200000,82.77,82.93,82.77,82.93,2312.064
1774645500000,82.93,82.94,82.88,82.91,1228.119
1774645800000,82.92,83.05,82.85,82.94,6298.813
1774646100000,82.94,83.02,82.92,82.99,3067.539
1774646400000,82.98,82.99,82.91,82.94,1237.209
1774646700000,82.94,83.04,82.94,83.0,1768.736
1774647000000,83.0,83.07,82.98,83.01,9774.535
1774647300000,83.01,83.02,82.79,82.81,14186.229
1774647600000,82.82,82.95,82.74,82.92,12559.344
1774647900000,82.93,82.97,82.85,82.86,3107.212
1774648200000,82.86,82.86,82.76,82.79,3273.405
1774648500000,82.79,82.8,82.69,82.76,2234.779
1774648800000,82.75,82.84,82.71,82.77,2630.322
1774649100000,82.78,82.78,82.6,82.76,3425.829
1774649400000,82.77,82.79,82.65,82.7,1019.452
1774649700000,82.69,82.75,82.66,82.73,3025.949
1774650000000,82.73,82.77,82.71,82.76,2138.208
1774650300000,82.76,82.76,82.59,82.67,3059.72
1774650600000,82.67,82.75,82.65,82.68,2991.463
1774650900000,82.68,82.69,82.54,82.59,1938.472
1774651200000,82.58,82.74,82.58,82.73,2072.262
1774651500000,82.73,82.78,82.72,82.75,2894.731
1774651800000,82.76,82.83,82.71,82.71,2057.72
1774652100000,82.72,82.83,82.72,82.73,5743.381
1774652400000,82.74,82.75,82.62,82.68,1626.039
1774652700000,82.68,82.75,82.48,82.58,8091.555
1774653000000,82.59,82.71,82.59,82.68,1398.795
1774653300000,82.69,82.73,82.65,82.7,3050.585
1774653600000,82.7,82.86,82.66,82.86,1802.943
1774653900000,82.86,82.86,82.79,82.84,2753.029
1774654200000,82.83,82.89,82.79,82.83,2340.572
1774654500000,82.82,82.91,82.78,82.91,3124.709
1774654800000,82.9,83.0,82.84,82.99,4088.145
1774655100000,82.99,83.11,82.99,83.06,4150.432
1774655400000,83.06,83.08,83.0,83.08,5975.568
1774655700000,83.08,83.14,83.02,83.11,2997.939
1774656000000,83.11,83.11,83.01,83.06,3776.141
1774656300000,83.05,83.07,82.85,82.86,10180.736
1774656600000,82.86,82.87,82.74,82.75,6282.854
1774656900000,82.75,82.87,82.72,82.75,8368.723
1774657200000,82.76,82.85,82.73,82.84,3919.469
1774657500000,82.84,82.9,82.79,82.9,5027.24
1774657800000,82.9,82.96,82.85,82.86,6335.626
1774658100000,82.85,82.96,82.85,82.93,3393.25
1774658400000,82.93,82.95,82.79,82.9,4234.213
1774658700000,82.89,82.9,82.83,82.84,1371.662
1774659000000,82.84,82.88,82.79,82.86,2356.669
1774659300000,82.86,82.98,82.84,82.86,1998.726
1774659600000,82.85,82.85,82.74,82.79,3265.629
1774659900000,82.8,82.87,82.7,82.71,2042.013
1774660200000,82.71,82.73,82.35,82.46,6448.695
1774660500000,82.46,82.63,82.46,82.6,2950.926
1774660800000,82.6,82.66,82.55,82.63,1839.995
1774661100000,82.62,82.65,82.51,82.55,3120.437
1774661400000,82.54,82.64,82.54,82.54,2674.621
1774661700000,82.53,82.54,82.25,82.39,5618.598
1774662000000,82.38,82.55,82.34,82.55,5699.451
1774662300000,82.55,82.73,82.54,82.65,2860.119
1774662600000,82.66,82.7,82.55,82.65,3738.473
1774662900000,82.66,82.67,82.57,82.66,4554.108
1774663200000,82.66,82.91,82.66,82.91,7204.81
1774663500000,82.9,82.91,82.76,82.84,2564.642
1774663800000,82.84,82.86,82.77,82.77,3578.747
1774664100000,82.77,82.79,82.51,82.56,3630.616
1774664400000,82.57,82.59,82.51,82.58,1777.047
1774664700000,82.59,82.6,82.45,82.55,4133.836
1774665000000,82.55,82.57,82.38,82.47,4917.585
1774665300000,82.46,82.52,82.43,82.5,2277.135
1774665600000,82.5,82.55,82.49,82.55,1501.931
1774665900000,82.54,82.55,82.45,82.52,1961.26
1774666200000,82.51,82.62,82.5,82.57,5780.431
1774666500000,82.57,82.59,82.53,82.56,748.674
1774666800000,82.57,82.62,82.52,82.54,2470.59
1774667100000,82.55,82.66,82.54,82.6,2527.169
1774667400000,82.6,82.61,82.56,82.57,582.884
1774667700000,82.57,82.69,82.57,82.66,5254.64
1774668000000,82.67,82.71,82.65,82.69,1359.044
1774668300000,82.69,82.7,82.63,82.68,2150.51
1774668600000,82.68,82.69,82.62,82.65,1088.192
1774668900000,82.65,82.73,82.62,82.62,2594.155
1774669200000,82.62,82.69,82.59,82.67,1808.495
1774669500000,82.66,82.68,82.57,82.66,2292.75
1774669800000,82.66,82.68,82.59,82.61,747.12
1774670100000,82.61,82.63,82.57,82.6,2025.605
1774670400000,82.6,82.62,82.51,82.6,1754.831
1774670700000,82.6,82.6,82.4,82.45,3252.011
1774671000000,82.44,82.48,82.42,82.46,2641.052
1774671300000,82.45,82.66,82.42,82.62,6440.063
1774671600000,82.62,82.79,82.62,82.67,6112.007
1774671900000,82.67,82.7,82.61,82.69,1787.588
1774672200000,82.69,82.72,82.62,82.63,1434.564
1774672500000,82.64,82.71,82.61,82.68,12429.949
1774672800000,82.68,82.69,82.63,82.68,2316.291
1774673100000,82.68,82.69,82.65,82.69,1521.636
1774673400000,82.69,82.72,82.68,82.68,1578.493
1774673700000,82.69,82.69,82.47,82.58,9067.129
1774674000000,82.58,82.6,82.44,82.44,1566.694
1774674300000,82.44,82.51,82.43,82.43,3023.087
1774674600000,82.42,82.48,82.38,82.48,3801.083
1774674900000,82.48,82.51,82.42,82.44,6137.534
1774675200000,82.45,82.79,82.45,82.73,5786.959
1774675500000,82.72,82.75,82.68,82.68,6670.719
1774675800000,82.68,82.7,82.61,82.67,4308.269
1774676100000,82.66,82.68,82.59,82.62,1803.246
1774676400000,82.62,82.64,82.57,82.62,4080.059
1774676700000,82.63,82.74,82.57,82.7,10049.487
1774677000000,82.7,82.78,82.7,82.74,4046.272
1774677300000,82.75,82.79,82.72,82.75,3994.526
1774677600000,82.75,82.79,82.66,82.71,3352.482
1774677900000,82.71,82.85,82.71,82.78,3035.698
1774678200000,82.77,82.83,82.73,82.83,3591.961
1774678500000,82.83,83.27,82.83,83.25,16144.61
1774678800000,83.25,83.26,83.04,83.15,9864.861
1774679100000,83.16,83.18,83.07,83.14,5599.841
1774679400000,83.15,83.19,83.14,83.15,5154.489
1774679700000,83.14,83.19,83.1,83.14,2712.965
1774680000000,83.14,83.21,83.08,83.09,7600.562
1774680300000,83.09,83.18,83.05,83.06,4147.02
1774680600000,83.06,83.14,83.06,83.12,3274.486
1774680900000,83.12,83.21,83.11,83.18,5965.601
1774681200000,83.18,83.34,83.17,83.25,4860.911
1774681500000,83.26,83.33,83.2,83.33,2106.42
1774681800000,83.32,83.4,83.3,83.36,3495.058
1774682100000,83.36,83.51,83.35,83.44,6096.428
1774682400000,83.44,83.49,83.42,83.42,4487.701
1774682700000,83.42,83.47,83.39,83.46,3692.398
1774683000000,83.47,83.47,83.38,83.41,2152.785
1774683300000,83.4,83.44,83.38,83.43,3483.473
1774683600000,83.42,83.5,83.41,83.48,6432.666
1774683900000,83.48,83.52,83.45,83.52,1716.466
1774684200000,83.51,83.54,83.48,83.54,4167.394
1774684500000,83.53,83.67,83.51,83.62,8209.091
1774684800000,83.62,83.65,83.53,83.65,6624.577
1774685100000,83.65,83.73,83.53,83.58,6243.661
1774685400000,83.58,83.61,83.5,83.58,15012.128
1774685700000,83.57,83.58,83.49,83.55,2245.872
1774686000000,83.54,83.61,83.54,83.59,5520.623
1774686300000,83.59,83.64,83.52,83.54,13081.272
1774686600000,83.53,83.56,83.5,83.52,1788.108
1774686900000,83.52,83.65,83.5,83.59,12112.992
1774687200000,83.6,83.68,83.54,83.55,7697.795
1774687500000,83.55,83.64,83.53,83.64,2446.746
1774687800000,83.64,83.66,83.46,83.47,7267.178
1774688100000,83.46,83.47,83.38,83.4,4761.634
1774688400000,83.4,83.4,83.25,83.26,5733.709
1774688700000,83.27,83.31,83.14,83.19,6534.752
1774689000000,83.19,83.19,83.13,83.13,3418.164
1774689300000,83.14,83.14,83.04,83.08,3802.155
1774689600000,83.07,83.14,83.07,83.1,4006.11
1774689900000,83.1,83.2,83.09,83.17,2329.948
1774690200000,83.16,83.2,83.02,83.02,3148.292
1774690500000,83.02,83.08,82.96,82.99,8397.074
1774690800000,82.99,83.07,82.98,83.01,2481.723
1774691100000,83.01,83.04,82.96,82.97,3082.11
1774691400000,82.97,83.07,82.94,83.05,3183.961
1774691700000,83.04,83.08,83.02,83.06,2025.769
1774692000000,83.05,83.24,83.0,83.24,15146.367
1774692300000,83.24,83.33,83.2,83.25,12672.876
1774692600000,83.26,83.26,83.07,83.13,13041.435
1774692900000,83.14,83.16,83.01,83.03,8033.043
1774693200000,83.04,83.04,82.91,82.98,8139.602
1774693500000,82.97,82.98,82.77,82.78,11004.859
1774693800000,82.78,82.84,82.73,82.79,9956.184
1774694100000,82.79,82.82,82.69,82.77,8833.911
1774694400000,82.77,82.81,82.71,82.81,5883.315
1774694700000,82.8,82.86,82.8,82.84,2716.19
1774695000000,82.83,82.9,82.81,82.9,3554.337
1774695300000,82.9,83.02,82.9,83.01,3788.188
1774695600000,83.01,83.01,82.9,82.99,7659.389
1774695900000,82.99,83.06,82.96,82.97,6170.049
1774696200000,82.97,82.99,82.9,82.98,7053.722
1774696500000,82.98,83.0,82.93,82.95,3851.375
1774696800000,82.95,82.97,82.93,82.97,2213.47
1774697100000,82.97,83.03,82.96,83.03,1802.884
1774697400000,83.03,83.04,83.0,83.03,4127.09
1774697700000,83.04,83.04,82.92,83.02,6881.646
1774698000000,83.02,83.02,82.96,82.98,5218.968
1774698300000,82.98,83.01,82.91,82.97,6794.596
1774698600000,82.96,83.05,82.96,83.0,2892.409
1774698900000,82.99,82.99,82.92,82.94,3448.206
1774699200000,82.94,82.97,82.88,82.9,3565.582
1774699500000,82.9,82.92,82.75,82.91,6622.774
1774699800000,82.91,83.07,82.91,83.05,3334.146
1774700100000,83.05,83.19,83.04,83.14,10463.671
1774700400000,83.13,83.2,83.05,83.06,5700.528
1774700700000,83.06,83.1,83.04,83.05,3586.633
1774701000000,83.04,83.07,82.8,82.85,7576.042
1774701300000,82.85,82.87,82.6,82.71,10951.494
1774701600000,82.71,82.75,82.7,82.73,2866.975
1774701900000,82.73,82.79,82.69,82.77,7186.877
1774702200000,82.76,82.88,82.68,82.71,14829.619
1774702500000,82.71,82.78,82.66,82.68,4427.942
1774702800000,82.68,82.77,82.67,82.76,6627.596
1774703100000,82.75,82.82,82.71,82.82,5959.163
1774703400000,82.81,82.88,82.8,82.84,7212.974
1774703700000,82.84,82.92,82.82,82.84,5013.11
1774704000000,82.85,82.94,82.85,82.87,4220.739
1774704300000,82.88,82.9,82.78,82.8,22846.42
1774704600000,82.8,83.09,82.8,83.02,25327.849
1774704900000,83.02,83.1,82.97,82.99,8848.221
1774705200000,82.99,84.12,82.99,83.49,102713.901
1774705500000,83.48,83.67,83.36,83.4,18290.682
1774705800000,83.4,83.47,83.26,83.46,11124.317
1774706100000,83.46,83.46,83.28,83.38,7410.885
1774706400000,83.37,83.4,83.08,83.15,19686.457
1774706700000,83.14,83.33,83.13,83.18,12157.946
1774707000000,83.18,83.22,83.0,83.07,14673.029
1774707300000,83.07,83.26,83.0,83.26,5579.872
1774707600000,83.26,83.36,83.21,83.25,4767.76
1774707900000,83.24,83.31,83.17,83.24,5451.805
1774708200000,83.24,83.33,83.21,83.28,5384.131
1774708500000,83.27,83.3,83.12,83.28,5226.441
1774708800000,83.29,83.53,83.28,83.46,9436.667
1774709100000,83.46,83.53,83.44,83.5,9998.069
1774709400000,83.5,83.55,83.14,83.2,22006.485
1774709700000,83.2,83.3,83.09,83.24,4573.285
1774710000000,83.23,83.34,83.19,83.25,4750.072
1774710300000,83.25,83.4,83.24,83.32,7579.703
1774710600000,83.31,83.48,83.29,83.43,12352.182
1774710900000,83.43,84.16,83.41,83.8,44121.285
1774711200000,83.8,84.29,83.79,84.11,36240.029
1774711500000,84.11,84.14,83.8,83.85,21031.279
1774711800000,83.85,84.0,83.77,83.98,7212.403
1774712100000,83.99,84.0,83.76,83.85,7303.345
1774712400000,83.85,83.95,83.73,83.91,3741.746
1774712700000,83.9,83.92,83.74,83.79,10143.648
1774713000000,83.8,83.8,83.76,83.79,2777.815
1774713300000,83.78,83.84,83.67,83.83,5082.863
1774713600000,83.84,83.85,83.71,83.82,6318.877
1774713900000,83.82,83.85,83.75,83.8,3160.75
1774714200000,83.81,83.83,83.66,83.8,14489.216
1774714500000,83.8,83.91,83.79,83.9,3871.38
1774714800000,83.9,83.95,83.79,83.85,6482.453
1774715100000,83.84,83.94,83.84,83.88,4915.264
1774715400000,83.88,83.88,83.71,83.85,3102.979
1774715700000,83.84,83.85,83.71,83.72,5480.429
1774716000000,83.72,83.74,83.63,83.64,4297.163
1774716300000,83.64,83.66,83.49,83.55,7937.762
1774716600000,83.56,83.63,83.49,83.53,6235.224
1774716900000,83.54,83.62,83.54,83.57,3378.275
1774717200000,83.57,83.71,83.52,83.71,3182.299
1774717500000,83.71,83.74,83.55,83.55,2282.816
1774717800000,83.54,83.58,83.5,83.54,2475.885
1774718100000,83.54,83.54,83.38,83.44,3765.004
1774718400000,83.45,83.48,83.34,83.41,3324.074
1774718700000,83.42,83.42,83.32,83.32,3288.854
1774719000000,83.32,83.38,83.14,83.3,6508.851
1774719300000,83.31,83.49,83.27,83.27,7727.438
1774719600000,83.27,83.3,83.24,83.26,995.017
1774719900000,83.27,83.27,83.17,83.22,1623.635
1774720200000,83.23,83.26,83.2,83.24,2130.991
1774720500000,83.24,83.37,83.22,83.32,1435.331
1774720800000,83.32,83.49,83.3,83.49,4772.447
1774721100000,83.49,83.51,83.41,83.47,1707.05
1774721400000,83.47,83.53,83.47,83.52,1564.854
1774721700000,83.51,83.54,83.46,83.48,1583.547
1774722000000,83.49,83.49,83.42,83.45,1119.462
1774722300000,83.45,83.47,83.4,83.41,1411.841
1774722600000,83.41,83.45,83.38,83.42,1444.493
1774722900000,83.42,83.43,83.38,83.4,1880.191
1774723200000,83.4,83.52,83.4,83.51,1808.938
1774723500000,83.5,83.5,83.41,83.47,958.073
1774723800000,83.46,83.46,83.38,83.41,1697.731
1774724100000,83.42,83.45,83.38,83.39,961.603
1774724400000,83.38,83.43,83.3,83.39,1346.375
1774724700000,83.39,83.39,83.35,83.38,1258.876
1774725000000,83.37,83.38,83.04,83.17,8055.834
1774725300000,83.17,83.23,83.12,83.22,1774.989
1774725600000,83.22,83.23,83.05,83.16,3752.916
1774725900000,83.16,83.22,83.15,83.22,1064.211
1774726200000,83.22,83.23,83.17,83.23,1241.972
1774726500000,83.23,83.25,83.21,83.25,2414.116
1774726800000,83.25,83.3,83.13,83.16,3241.71
1774727100000,83.16,83.22,83.15,83.17,2066.066
1774727400000,83.16,83.23,83.16,83.21,1603.294
1774727700000,83.22,83.29,83.21,83.28,1594.943
1774728000000,83.28,83.44,83.28,83.42,4395.543
1774728300000,83.42,83.5,83.41,83.46,4210.02
1774728600000,83.46,83.52,83.43,83.51,2452.608
1774728900000,83.51,83.52,83.36,83.36,4436.224
1774729200000,83.37,83.47,83.35,83.4,7064.693
1774729500000,83.39,83.44,83.37,83.38,1700.447
1774729800000,83.38,83.47,83.37,83.37,2415.958
1774730100000,83.36,83.43,83.33,83.39,1385.705
1774730400000,83.4,83.4,83.32,83.33,1009.849
1774730700000,83.33,83.41,83.33,83.38,1496.922
1774731000000,83.37,83.46,83.37,83.45,1002.709
1774731300000,83.45,83.46,83.41,83.42,1927.384
1774731600000,83.41,83.45,83.41,83.43,2012.278
1774731900000,83.43,83.44,83.13,83.13,3729.912
1774732200000,83.13,83.16,83.01,83.13,8697.058
1774732500000,83.13,83.17,83.0,83.01,5404.296
1774732800000,83.01,83.01,82.75,82.93,14888.775
1774733100000,82.93,83.02,82.93,82.99,4014.513
1774733400000,82.99,82.99,82.82,82.87,7184.132
1774733700000,82.87,82.87,82.74,82.84,4874.726
1774734000000,82.84,82.98,82.79,82.96,4959.266
1774734300000,82.95,82.99,82.83,82.83,4321.678
1774734600000,82.82,82.89,82.36,82.67,11537.316
1774734900000,82.68,82.78,82.62,82.72,7142.41
1774735200000,82.71,82.76,82.57,82.67,15480.878
1774735500000,82.67,82.76,82.63,82.63,3304.432
1774735800000,82.62,82.64,82.47,82.47,4342.087
1774736100000,82.48,82.74,82.48,82.72,3002.39
1774736400000,82.73,82.91,82.73,82.87,2897.656
1774736700000,82.87,82.89,82.78,82.81,3866.044
1774737000000,82.82,82.84,82.73,82.78,2523.052
1774737300000,82.78,82.84,82.74,82.84,1288.698
1774737600000,82.84,82.84,82.74,82.74,867.918
1774737900000,82.75,82.86,82.74,82.81,2630.687
1774738200000,82.81,82.85,82.78,82.83,2381.342
1774738500000,82.83,82.83,82.74,82.8,1509.712
1774738800000,82.8,82.8,82.66,82.69,3782.972
1774739100000,82.69,82.73,82.35,82.48,5095.588
1774739400000,82.48,82.48,81.69,82.0,36397.579
1774739700000,82.01,82.01,81.78,81.87,5310.81
1774740000000,81.87,82.13,81.87,82.1,3357.815
1774740300000,82.11,82.17,82.07,82.08,2650.385
1774740600000,82.08,82.26,82.08,82.24,4903.214
1774740900000,82.25,82.29,82.17,82.2,2277.556
1774741200000,82.2,82.26,82.06,82.08,3722.483
1774741500000,82.08,82.1,81.93,82.03,3467.528
1774741800000,82.04,82.13,82.02,82.04,2326.376
1774742100000,82.03,82.11,82.01,82.09,2820.897
1774742400000,82.09,82.24,82.05,82.19,3829.13
1774742700000,82.18,82.19,82.07,82.08,2912.813
1774743000000,82.07,82.21,82.07,82.12,5369.292
1774743300000,82.12,82.23,82.09,82.23,5012.384
1774743600000,82.22,82.22,81.87,81.96,7025.909
1774743900000,81.95,81.99,81.88,81.96,2718.021
1774744200000,81.97,82.19,81.94,82.13,2686.201
1774744500000,82.13,82.17,81.99,82.07,5211.946
1774744800000,82.07,82.12,82.01,82.07,2294.466
1774745100000,82.06,82.11,82.05,82.11,2565.158
1774745400000,82.11,82.28,82.08,82.08,5934.646
1774745700000,82.09,82.26,82.0,82.21,6035.157
1774746000000,82.21,82.32,82.18,82.27,5254.394
1774746300000,82.28,82.46,82.28,82.33,8097.927
1774746600000,82.34,82.43,82.33,82.38,4652.526
1774746900000,82.37,82.45,82.32,82.35,2325.248
1774747200000,82.35,82.44,82.32,82.34,1915.391
1774747500000,82.34,82.41,82.31,82.4,2228.849
1774747800000,82.4,82.42,82.34,82.35,1014.783
1774748100000,82.35,82.37,82.14,82.14,2150.452
1774748400000,82.15,82.35,82.1,82.33,5267.619
1774748700000,82.32,82.33,82.13,82.33,2521.967
1774749000000,82.34,82.53,82.34,82.39,8267.108
1774749300000,82.38,82.5,82.35,82.48,5856.445
1774749600000,82.48,82.53,82.42,82.52,4708.218
1774749900000,82.52,82.62,82.52,82.55,2470.324
1774750200000,82.54,82.62,82.53,82.62,1634.515
1774750500000,82.61,82.65,82.51,82.57,5727.32
1774750800000,82.57,82.67,82.56,82.63,2923.616
1774751100000,82.63,82.66,82.54,82.58,2847.934
1774751400000,82.58,82.59,82.46,82.51,1841.646
1774751700000,82.51,82.68,82.49,82.67,3720.758
1774752000000,82.67,82.75,82.67,82.69,2827.194
1774752300000,82.7,82.75,82.63,82.74,1366.031
1774752600000,82.75,82.84,82.74,82.77,3925.913
1774752900000,82.77,82.78,82.71,82.78,1972.008
1774753200000,82.77,82.83,82.75,82.81,1534.786
1774753500000,82.82,82.84,82.75,82.84,1190.635
1774753800000,82.84,82.84,82.71,82.74,6895.085
1774754100000,82.74,83.24,82.7,83.11,9965.246
1774754400000,83.12,83.16,82.96,83.05,6694.972
1774754700000,83.05,83.09,83.01,83.04,2688.827
1774755000000,83.04,83.12,82.96,82.97,2398.097
1774755300000,82.97,83.02,82.95,82.99,2186.852
1774755600000,82.98,83.0,82.95,82.97,1777.504
1774755900000,82.97,83.02,82.9,83.01,3284.124
1774756200000,83.01,83.06,82.97,83.02,3442.584
1774756500000,83.02,83.05,83.0,83.0,2498.433
1774756800000,83.01,83.04,82.9,82.95,3646.734
1774757100000,82.95,83.0,82.92,82.96,2619.517
1774757400000,82.97,82.98,82.89,82.97,5583.563
1774757700000,82.97,82.97,82.85,82.85,5303.783
1774758000000,82.86,82.88,82.75,82.79,5555.667
1774758300000,82.79,82.84,82.78,82.83,3882.896
1774758600000,82.82,82.84,82.73,82.83,1781.528
1774758900000,82.83,82.88,82.76,82.76,1110.689
1774759200000,82.76,82.85,82.76,82.82,976.975
1774759500000,82.81,82.83,82.75,82.8,1648.612
1774759800000,82.81,82.84,82.77,82.84,781.809
1774760100000,82.83,82.84,82.75,82.79,1243.082
1774760400000,82.78,82.78,82.68,82.69,6602.144
1774760700000,82.68,82.68,82.52,82.55,2647.819
1774761000000,82.54,82.58,82.5,82.53,3254.08
1774761300000,82.53,82.64,82.41,82.64,5100.01
1774761600000,82.63,82.68,82.52,82.67,7298.726
1774761900000,82.67,82.69,82.51,82.59,4923.708
1774762200000,82.6,82.66,82.58,82.63,3119.747
1774762500000,82.64,82.69,82.58,82.64,1558.112
1774762800000,82.65,82.67,82.62,82.66,969.355
1774763100000,82.67,82.71,82.63,82.71,2831.992
1774763400000,82.72,82.88,82.66,82.74,14948.761
1774763700000,82.75,82.8,82.71,82.73,14991.024
1774764000000,82.72,82.84,82.69,82.74,17042.555
1774764300000,82.75,82.8,82.73,82.78,10048.149
1774764600000,82.77,82.79,82.71,82.74,1813.514
1774764900000,82.75,82.77,82.69,82.69,3002.517
1774765200000,82.69,82.69,82.46,82.47,5266.954
1774765500000,82.48,82.48,82.34,82.42,3683.841
1774765800000,82.43,82.47,82.39,82.43,2510.768
1774766100000,82.42,82.5,82.39,82.39,2886.426
1774766400000,82.39,82.44,82.3,82.34,12664.463
1774766700000,82.34,82.6,82.3,82.54,11936.889
1774767000000,82.54,82.58,82.52,82.53,6643.177
1774767300000,82.53,82.59,82.5,82.5,1817.596
1774767600000,82.5,82.5,82.25,82.31,2857.479
1774767900000,82.32,82.35,82.23,82.24,1191.258
1774768200000,82.24,82.37,82.24,82.34,2526.758
1774768500000,82.34,82.43,82.29,82.4,3581.138
1774768800000,82.41,82.42,82.36,82.4,2457.554
1774769100000,82.41,82.43,82.36,82.43,1117.028
1774769400000,82.44,82.52,82.42,82.42,1381.692
1774769700000,82.42,82.5,82.42,82.43,1156.713
1774770000000,82.43,82.44,82.38,82.43,875.09
1774770300000,82.42,82.48,82.35,82.47,2388.561
1774770600000,82.47,82.62,82.47,82.54,5728.75
1774770900000,82.55,82.57,82.45,82.45,1412.415
1774771200000,82.45,82.5,82.37,82.5,1786.708
1774771500000,82.49,82.6,82.47,82.47,2074.489
1774771800000,82.48,82.5,82.36,82.41,2932.627
1774772100000,82.41,82.44,82.34,82.39,3260.381
1774772400000,82.39,82.48,82.37,82.45,1296.085
1774772700000,82.45,82.51,82.45,82.5,1711.078
1774773000000,82.5,82.61,82.5,82.53,4820.152
1774773300000,82.53,82.58,82.52,82.58,1014.658
1774773600000,82.58,82.58,82.52,82.54,947.222
1774773900000,82.55,82.57,82.51,82.54,1438.283
1774774200000,82.54,82.56,82.44,82.48,6960.094
1774774500000,82.47,82.49,82.43,82.47,893.634
1774774800000,82.47,82.54,82.41,82.49,1569.135
1774775100000,82.48,82.48,82.3,82.39,4692.0
1774775400000,82.39,82.44,82.38,82.43,996.166
1774775700000,82.44,82.51,82.4,82.44,1024.1
1774776000000,82.43,82.43,82.32,82.34,7083.01
1774776300000,82.34,82.4,82.33,82.4,1893.867
1774776600000,82.39,82.46,82.17,82.21,8803.53
1774776900000,82.21,82.3,82.19,82.3,4554.226
1774777200000,82.31,82.32,82.24,82.26,3241.339
1774777500000,82.26,82.35,82.26,82.31,1944.188
1774777800000,82.31,82.37,82.29,82.33,3173.044
1774778100000,82.34,82.38,82.32,82.36,1137.181
1774778400000,82.35,82.35,82.22,82.23,2308.455
1774778700000,82.23,82.27,82.16,82.25,6087.709
1774779000000,82.25,82.28,82.17,82.25,1805.885
1774779300000,82.25,82.29,82.16,82.19,13517.266
1774779600000,82.2,82.22,82.1,82.17,3507.053
1774779900000,82.16,82.2,82.13,82.14,15674.302
1774780200000,82.13,82.2,81.98,82.03,21447.039
1774780500000,82.03,82.23,82.0,82.19,4407.618
1774780800000,82.2,82.2,82.07,82.15,2200.072
1774781100000,82.16,82.24,82.15,82.2,3722.979
1774781400000,82.19,82.25,82.19,82.23,3533.662
1774781700000,82.23,82.24,82.12,82.12,1604.879
1774782000000,82.13,82.46,82.12,82.46,3378.147
1774782300000,82.47,82.73,82.42,82.6,7135.233
1774782600000,82.6,82.65,82.52,82.53,3061.43
1774782900000,82.53,82.58,82.45,82.58,2956.244
1774783200000,82.57,82.65,82.52,82.55,1476.913
1774783500000,82.56,82.61,82.52,82.57,2972.344
1774783800000,82.58,82.66,82.49,82.54,4142.055
1774784100000,82.54,82.73,82.53,82.65,3163.476
1774784400000,82.66,82.76,82.62,82.74,2054.634
1774784700000,82.73,82.84,82.58,82.58,5985.668
1774785000000,82.58,82.62,82.57,82.61,2118.998
1774785300000,82.6,82.64,82.57,82.58,1077.948
1774785600000,82.59,82.65,82.54,82.54,1669.042
1774785900000,82.55,82.61,82.51,82.52,1728.219
1774786200000,82.52,82.52,82.42,82.42,2106.373
1774786500000,82.43,82.48,82.38,82.43,3544.545
1774786800000,82.43,82.44,82.37,82.43,1301.165
1774787100000,82.44,82.47,82.4,82.41,1610.865
1774787400000,82.4,82.47,82.23,82.25,2069.958
1774787700000,82.26,82.33,82.25,82.29,1815.951
1774788000000,82.28,82.34,82.26,82.26,1170.707
1774788300000,82.27,82.38,82.23,82.37,1210.435
1774788600000,82.37,82.5,82.37,82.49,2752.909
1774788900000,82.49,82.5,82.44,82.44,1044.007
1774789200000,82.45,82.47,82.37,82.37,2237.964
1774789500000,82.38,82.38,81.7,81.78,20235.152
1774789800000,81.79,81.96,81.78,81.91,10398.845
1774790100000,81.9,82.04,81.81,82.01,7375.457
1774790400000,82.01,82.11,81.99,82.09,3073.325
1774790700000,82.09,82.13,82.04,82.06,2322.193
1774791000000,82.05,82.15,82.01,82.04,4480.003
1774791300000,82.03,82.08,81.98,82.07,3403.984
1774791600000,82.07,82.08,81.99,82.02,2448.791
1774791900000,82.02,82.06,81.88,81.96,3674.261
1774792200000,81.96,82.03,81.93,81.96,3421.82
1774792500000,81.96,81.97,81.8,81.92,6857.54
1774792800000,81.92,81.95,81.79,81.85,10548.535
1774793100000,81.85,81.89,81.79,81.88,2640.357
1774793400000,81.87,82.44,81.87,82.15,21640.493
1774793700000,82.15,82.18,82.06,82.08,2593.757
1774794000000,82.07,82.14,81.98,82.0,1335.094
1774794300000,82.0,82.0,81.85,81.93,6301.766
1774794600000,81.92,82.06,81.89,82.04,2369.387
1774794900000,82.04,82.06,81.92,81.94,4374.953
1774795200000,81.93,82.03,81.91,82.02,4884.881
1774795500000,82.03,82.04,81.72,81.88,11241.383
1774795800000,81.89,81.94,81.85,81.87,3824.439
1774796100000,81.86,81.95,81.83,81.93,3323.266
1774796400000,81.94,82.15,81.94,82.0,6445.788
1774796700000,82.0,82.1,81.95,81.96,8676.752
1774797000000,81.96,81.98,81.77,81.98,5115.099
1774797300000,81.97,82.1,81.93,81.95,6224.422
1774797600000,81.94,81.98,81.9,81.96,1981.986
1774797900000,81.96,81.96,81.36,81.59,27177.537
1774798200000,81.59,81.64,81.5,81.61,3353.825
1774798500000,81.61,81.67,81.58,81.65,4338.09
1774798800000,81.65,81.68,81.61,81.63,2628.943
1774799100000,81.63,81.7,81.62,81.65,3355.355
1774799400000,81.65,81.85,81.6,81.84,4378.179
1774799700000,81.84,81.85,81.78,81.81,1759.144
1774800000000,81.82,81.86,81.76,81.78,2067.453
1774800300000,81.77,81.86,81.75,81.86,2282.83
1774800600000,81.85,81.89,81.74,81.75,1351.834
1774800900000,81.75,82.12,81.71,82.07,6354.823
1774801200000,82.07,82.12,81.93,81.95,5011.962
1774801500000,81.94,81.99,81.86,81.94,5214.864
1774801800000,81.94,81.94,81.87,81.88,1462.588
1774802100000,81.87,81.88,81.77,81.8,3509.32
1774802400000,81.8,81.8,81.7,81.71,3119.714
1774802700000,81.7,81.76,81.65,81.74,3747.293
1774803000000,81.74,81.8,81.63,81.65,1519.791
1774803300000,81.64,81.73,81.64,81.71,2129.881
1774803600000,81.71,81.75,81.68,81.72,869.022
1774803900000,81.72,81.86,81.72,81.86,1969.24
1774804200000,81.86,81.86,81.54,81.57,3367.624
1774804500000,81.56,81.57,81.43,81.48,3449.881
1774804800000,81.48,81.49,81.12,81.28,15507.667
1774805100000,81.29,81.32,81.23,81.27,3461.056
1774805400000,81.26,81.37,81.2,81.35,4080.692
1774805700000,81.35,81.41,81.3,81.37,2577.603
1774806000000,81.37,81.64,81.34,81.56,11719.201
1774806300000,81.57,81.59,81.53,81.55,2333.309
1774806600000,81.54,81.65,81.54,81.58,999.261
1774806900000,81.57,81.6,81.54,81.56,2451.153
1774807200000,81.56,81.59,81.44,81.44,4991.301
1774807500000,81.45,81.48,81.4,81.47,1881.211
1774807800000,81.47,81.63,81.47,81.62,4485.281
1774808100000,81.61,81.73,81.6,81.64,2935.063
1774808400000,81.63,81.66,81.45,81.54,7837.994
1774808700000,81.54,81.6,81.53,81.57,1739.055
1774809000000,81.56,81.6,81.54,81.55,903.622
1774809300000,81.55,81.92,81.55,81.82,12049.067
1774809600000,81.83,81.87,81.76,81.76,2970.317
1774809900000,81.77,81.81,81.71,81.76,1721.767
1774810200000,81.77,81.84,81.76,81.83,1098.9
1774810500000,81.84,81.85,81.79,81.81,788.445
1774810800000,81.81,81.82,81.73,81.75,2195.737
1774811100000,81.76,81.81,81.75,81.77,1487.208
1774811400000,81.77,81.79,81.75,81.79,854.192
1774811700000,81.79,81.86,81.76,81.86,1589.639
1774812000000,81.86,81.88,81.73,81.74,2725.43
1774812300000,81.74,81.79,81.68,81.71,1433.26
1774812600000,81.71,81.8,81.7,81.8,1633.668
1774812900000,81.81,81.81,81.64,81.65,1808.45
1774813200000,81.65,81.67,81.6,81.67,3059.547
1774813500000,81.66,81.73,81.64,81.65,3051.639
1774813800000,81.65,81.65,81.56,81.62,4183.866
1774814100000,81.61,81.68,81.61,81.62,1938.885
1774814400000,81.62,81.81,81.6,81.77,2538.918
1774814700000,81.76,81.88,81.74,81.81,2577.504
1774815000000,81.81,81.83,81.74,81.76,1597.358
1774815300000,81.76,81.92,81.75,81.86,5267.732
1774815600000,81.85,82.23,81.85,82.07,8281.822
1774815900000,82.06,82.15,82.0,82.04,3102.027
1774816200000,82.04,82.07,82.0,82.01,1808.247
1774816500000,82.01,82.03,81.95,81.96,2063.574
1774816800000,81.96,81.99,81.86,81.87,1501.789
1774817100000,81.87,81.91,81.82,81.85,2520.739
1774817400000,81.85,81.89,81.83,81.87,692.687
1774817700000,81.88,81.94,81.87,81.94,3819.682
1774818000000,81.93,82.04,81.93,82.01,6245.008
1774818300000,82.01,82.04,81.87,81.87,2710.122
1774818600000,81.87,81.94,81.85,81.9,2703.304
1774818900000,81.9,81.91,81.84,81.87,1694.836
1774819200000,81.86,81.96,81.86,81.92,1136.099
1774819500000,81.91,82.02,81.89,81.98,1917.333
1774819800000,81.97,82.12,81.93,82.06,7517.757
1774820100000,82.06,82.16,82.06,82.11,3414.356
1774820400000,82.1,82.17,82.02,82.12,6275.255
1774820700000,82.11,82.19,82.11,82.14,825.945
1774821000000,82.14,82.2,82.08,82.17,2557.211
1774821300000,82.16,82.21,82.14,82.16,1378.576
1774821600000,82.15,82.15,81.48,81.58,10655.4
1774821900000,81.57,81.68,81.26,81.64,16866.477
1774822200000,81.64,81.78,81.35,81.58,14744.269
1774822500000,81.58,81.76,81.52,81.72,7733.336
1774822800000,81.72,81.95,81.66,81.87,4795.681
1774823100000,81.88,81.89,81.73,81.76,5071.316
1774823400000,81.76,81.8,81.64,81.69,2775.467
1774823700000,81.69,81.7,81.4,81.45,8525.433
1774824000000,81.44,81.46,80.4,80.59,69846.801
1774824300000,80.6,80.6,78.96,79.38,197474.616
1774824600000,79.37,80.2,79.31,80.17,45560.984
1774824900000,80.17,81.01,80.14,80.94,26520.939
1774825200000,80.94,81.52,80.9,81.12,31382.101
1774825500000,81.11,81.32,80.99,81.16,10868.504
1774825800000,81.15,81.31,81.11,81.23,10581.676
1774826100000,81.24,81.53,81.14,81.35,21513.758
1774826400000,81.35,81.71,81.35,81.42,11336.21
1774826700000,81.42,81.44,81.2,81.34,8920.154
1774827000000,81.33,81.56,81.27,81.27,8515.451
1774827300000,81.28,81.35,81.2,81.33,7913.349
1774827600000,81.32,81.46,81.27,81.41,5678.956
1774827900000,81.42,81.67,81.41,81.43,17183.655
1774828200000,81.43,81.55,81.19,81.54,20971.453
1774828500000,81.54,81.55,81.4,81.44,4071.782
1774828800000,81.45,81.56,81.24,81.25,12519.816
1774829100000,81.25,81.45,81.17,81.29,8638.044
1774829400000,81.29,81.37,81.23,81.24,17639.935
1774829700000,81.25,82.88,81.15,82.86,61139.099
1774830000000,82.86,83.02,82.28,82.28,49761.542
1774830300000,82.29,82.56,82.13,82.17,13025.925
1774830600000,82.17,82.47,82.01,82.09,8721.373
1774830900000,82.09,82.14,81.69,81.76,9183.541
1774831200000,81.77,81.81,81.62,81.76,4700.802
1774831500000,81.76,81.97,81.73,81.82,7220.337
1774831800000,81.81,81.83,81.52,81.66,3479.336
1774832100000,81.67,82.0,81.67,81.89,5537.157
1774832400000,81.89,82.44,81.89,82.23,12461.024
1774832700000,82.24,82.47,82.2,82.23,6488.465
1774833000000,82.24,82.37,82.17,82.25,6818.878
1774833300000,82.26,82.45,82.16,82.44,8013.08
1774833600000,82.44,82.48,82.26,82.3,2948.825
1774833900000,82.3,82.62,82.29,82.54,8701.943
1774834200000,82.54,82.78,82.44,82.69,9953.561
1774834500000,82.69,82.73,82.5,82.6,10086.78
1774834800000,82.61,82.61,82.44,82.61,5582.488
1774835100000,82.62,82.89,82.61,82.77,18180.596
1774835400000,82.78,82.79,82.61,82.65,3164.283
1774835700000,82.64,82.82,82.64,82.71,4742.99
1774836000000,82.72,82.94,82.71,82.74,16856.112
1774836300000,82.73,83.06,82.62,82.74,18713.173
1774836600000,82.73,82.95,82.7,82.94,5021.298
1774836900000,82.95,83.05,82.82,82.83,7599.018
1774837200000,82.82,82.83,82.7,82.78,2649.275
1774837500000,82.78,82.82,82.65,82.73,6311.242
1774837800000,82.73,82.77,82.54,82.57,14165.058
1774838100000,82.57,82.61,82.46,82.55,11132.371
1774838400000,82.54,83.09,82.51,83.09,16219.809
1774838700000,83.1,83.94,83.01,83.8,69218.632
1774839000000,83.79,83.8,83.34,83.38,12468.502
1774839300000,83.38,83.42,83.29,83.35,9752.72
1774839600000,83.34,83.37,83.19,83.25,24809.011
1774839900000,83.25,83.3,83.14,83.28,13580.609
1774840200000,83.27,83.28,82.92,83.06,28252.798
1774840500000,83.05,83.22,82.93,83.19,61833.583
1774840800000,83.19,83.43,83.16,83.4,16678.213
1774841100000,83.4,83.47,83.33,83.38,8433.104
1774841400000,83.38,83.41,83.22,83.3,10323.075
1774841700000,83.3,83.35,83.16,83.2,12189.064
1774842000000,83.21,83.27,83.16,83.24,4613.497
1774842300000,83.24,83.3,83.16,83.29,3144.683
1774842600000,83.3,83.56,83.25,83.38,6364.493
1774842900000,83.38,83.38,83.25,83.27,18663.14
1774843200000,83.27,83.44,83.26,83.38,5839.943
1774843500000,83.37,83.64,83.36,83.55,13430.604
1774843800000,83.55,83.62,83.41,83.45,9459.265
1774844100000,83.44,83.6,83.4,83.51,15250.043
1774844400000,83.5,83.6,83.41,83.45,9370.722
1774844700000,83.44,83.8,83.44,83.58,13955.823
1774845000000,83.58,83.76,83.55,83.61,10900.669
1774845300000,83.6,83.62,83.47,83.62,8399.658
1774845600000,83.62,83.62,83.49,83.55,5932.315
1774845900000,83.56,83.66,83.56,83.63,4368.111
1774846200000,83.63,83.75,83.58,83.74,3410.926
1774846500000,83.75,83.86,83.63,83.77,12698.004
1774846800000,83.76,84.04,83.76,83.93,16893.262
1774847100000,83.94,84.18,83.89,84.08,14879.685
1774847400000,84.08,84.15,83.87,84.05,20190.361
1774847700000,84.06,84.14,83.8,83.86,17044.056
1774848000000,83.87,83.88,83.78,83.83,6061.77
1774848300000,83.83,83.94,83.79,83.87,4919.645
1774848600000,83.87,83.93,83.81,83.88,7102.104
1774848900000,83.89,83.9,83.72,83.76,12934.367
1774849200000,83.75,83.75,83.53,83.61,13753.807
1774849500000,83.61,83.7,83.49,83.69,7581.121
1774849800000,83.69,83.71,83.56,83.56,4089.262
1774850100000,83.57,83.81,83.47,83.64,27940.325
1774850400000,83.63,83.87,83.62,83.82,6690.483
1774850700000,83.82,83.82,83.74,83.76,3380.114
1774851000000,83.76,83.76,83.61,83.62,5926.82
1774851300000,83.62,83.65,83.43,83.57,6068.947
1774851600000,83.57,83.63,83.51,83.54,3881.577
1774851900000,83.55,83.64,83.49,83.57,5500.699
1774852200000,83.58,83.61,83.48,83.51,34849.024
1774852500000,83.51,83.52,83.41,83.46,7432.131
1774852800000,83.47,83.54,83.46,83.51,3902.39
1774853100000,83.5,83.57,83.45,83.51,6068.004
1774853400000,83.51,83.59,83.45,83.48,4227.587
1774853700000,83.49,83.54,83.44,83.47,4076.447
1774854000000,83.47,83.47,83.34,83.45,14044.916
1774854300000,83.45,83.67,83.45,83.64,4350.383
1774854600000,83.65,83.72,83.6,83.62,2428.779
1774854900000,83.63,83.67,83.55,83.57,2271.534
1774855200000,83.58,83.67,83.56,83.57,2500.836
1774855500000,83.58,83.63,83.56,83.59,2178.352
1774855800000,83.59,83.7,83.46,83.55,3297.562
1774856100000,83.56,83.67,83.53,83.58,4245.693
1774856400000,83.58,83.64,83.58,83.61,2138.092
1774856700000,83.61,84.02,83.58,84.02,11047.209
1774857000000,84.02,84.26,83.86,84.06,34881.608
1774857300000,84.06,84.12,83.95,84.02,6403.448
1774857600000,84.01,84.25,84.0,84.16,23872.534
1774857900000,84.16,84.43,84.1,84.24,25820.873
1774858200000,84.23,84.33,84.19,84.3,8898.123
1774858500000,84.3,84.39,84.19,84.35,10474.18
1774858800000,84.36,84.38,84.21,84.27,9505.78
1774859100000,84.27,84.32,84.21,84.27,6081.939
1774859400000,84.27,84.37,84.25,84.28,4068.887
1774859700000,84.27,84.88,84.24,84.7,56381.187
1774860000000,84.69,84.86,84.54,84.59,14301.472
1774860300000,84.59,84.67,84.39,84.5,12337.464
1774860600000,84.5,84.62,84.5,84.55,5388.574
1774860900000,84.55,84.58,84.45,84.52,8934.157
1774861200000,84.52,84.52,84.4,84.41,10003.367
1774861500000,84.42,84.49,84.38,84.39,12512.079
1774861800000,84.39,84.45,84.28,84.29,4998.071
1774862100000,84.29,84.46,84.26,84.36,13004.916
1774862400000,84.35,84.36,84.28,84.31,7690.436
1774862700000,84.3,84.35,84.23,84.26,8820.573
1774863000000,84.27,84.28,84.13,84.15,10535.849
1774863300000,84.16,84.27,84.15,84.22,5442.385
1774863600000,84.22,84.26,84.14,84.24,4647.242
1774863900000,84.23,84.3,84.2,84.21,2515.05
1774864200000,84.21,84.22,84.16,84.17,4194.791
1774864500000,84.17,84.2,84.11,84.14,9250.145
1774864800000,84.14,84.16,84.08,84.13,11968.24
1774865100000,84.12,84.18,84.11,84.12,4810.223
1774865400000,84.12,84.16,84.0,84.04,7535.087
1774865700000,84.04,84.19,84.03,84.15,7053.137
1774866000000,84.15,84.21,84.03,84.03,8779.976
1774866300000,84.03,84.08,84.03,84.06,4483.957
1774866600000,84.05,84.07,83.99,84.0,3071.944
1774866900000,84.0,84.02,83.55,83.74,37955.697
1774867200000,83.73,83.8,83.73,83.79,8013.017
1774867500000,83.8,83.86,83.69,83.83,7168.68
1774867800000,83.84,84.0,83.83,83.9,6815.585
1774868100000,83.9,83.99,83.89,83.92,4224.422
1774868400000,83.92,84.0,83.88,83.91,6842.869
1774868700000,83.92,84.05,83.91,83.95,4164.448
1774869000000,83.95,84.07,83.92,84.05,2457.718
1774869300000,84.05,84.09,83.98,84.03,3004.551
1774869600000,84.03,84.19,84.01,84.14,2133.546
1774869900000,84.14,84.68,83.85,84.12,67243.82
1774870200000,84.13,84.29,84.09,84.13,11153.888
1774870500000,84.14,84.31,84.11,84.17,6270.367
1774870800000,84.16,84.22,84.12,84.17,4870.897
1774871100000,84.17,84.36,84.1,84.29,5784.362
1774871400000,84.29,84.33,84.17,84.23,5460.581
1774871700000,84.22,84.27,84.18,84.24,2743.783
1774872000000,84.25,84.38,84.25,84.36,2226.286
1774872300000,84.35,84.49,84.27,84.31,8260.518
1774872600000,84.31,84.4,84.31,84.33,4784.248
1774872900000,84.33,84.35,84.22,84.3,2519.829
1774873200000,84.3,84.35,84.22,84.28,5376.264
1774873500000,84.28,84.28,84.12,84.2,6653.385
1774873800000,84.2,84.36,84.19,84.25,3910.601
1774874100000,84.26,84.39,84.2,84.24,2458.438
1774874400000,84.24,84.56,84.18,84.48,17536.613
1774874700000,84.48,84.61,84.42,84.45,15788.543
1774875000000,84.46,84.55,84.42,84.53,2597.666
1774875300000,84.52,84.59,84.49,84.49,5865.64
1774875600000,84.5,84.57,84.4,84.49,5272.095
1774875900000,84.49,84.69,84.36,84.67,18098.648
1774876200000,84.66,84.88,84.63,84.67,16229.052
1774876500000,84.67,84.69,84.57,84.63,13979.984
1774876800000,84.64,84.99,84.64,84.77,24275.095
1774877100000,84.76,84.76,84.57,84.57,9988.768
1774877400000,84.57,84.74,84.4,84.57,9479.648
1774877700000,84.56,84.63,84.43,84.46,11108.199
1774878000000,84.46,84.46,84.17,84.22,16610.933
1774878300000,84.22,84.37,84.12,84.13,12739.939
1774878600000,84.13,84.39,84.13,84.23,7716.953
1774878900000,84.23,84.23,83.93,84.01,20468.24
1774879200000,84.01,84.22,83.91,84.15,15725.798
1774879500000,84.16,84.47,84.05,84.47,15297.277
1774879800000,84.47,84.64,84.45,84.49,9034.989
1774880100000,84.48,84.54,84.17,84.26,15571.889
1774880400000,84.27,84.41,84.19,84.32,8822.094
1774880700000,84.32,84.36,83.97,84.1,7451.241
1774881000000,84.1,84.23,84.06,84.11,11606.49
1774881300000,84.12,84.15,83.65,83.93,29227.682
1774881600000,83.94,84.0,83.73,83.75,19010.76
1774881900000,83.75,84.0,83.7,83.82,9356.509
1774882200000,83.83,84.29,83.83,84.2,8220.936
1774882500000,84.21,84.63,84.13,84.39,22514.655
1774882800000,84.4,84.51,84.34,84.44,5134.048
1774883100000,84.45,84.6,84.11,84.15,12470.485
1774883400000,84.15,84.28,84.1,84.13,4648.025
1774883700000,84.12,84.16,83.88,84.03,6878.776
1774884000000,84.03,84.14,83.98,84.07,4538.132
1774884300000,84.08,84.22,84.07,84.11,4460.554
1774884600000,84.11,84.52,84.04,84.49,7071.133
1774884900000,84.49,84.74,84.46,84.65,15640.082
1774885200000,84.66,84.76,84.57,84.7,5393.418
1774885500000,84.71,84.72,84.47,84.52,7526.18
1774885800000,84.51,84.7,84.51,84.57,4332.175
1774886100000,84.56,84.63,84.46,84.51,17159.589
1774886400000,84.5,84.55,84.22,84.24,9607.22
1774886700000,84.24,84.34,84.15,84.27,10161.04
1774887000000,84.27,84.38,84.26,84.29,3525.777
1774887300000,84.28,84.3,84.12,84.16,4442.884
1774887600000,84.16,84.21,84.05,84.1,7352.85
1774887900000,84.1,84.14,84.01,84.1,6294.366
1774888200000,84.1,84.16,84.01,84.1,9415.363
1774888500000,84.09,84.24,84.09,84.18,3015.817
1774888800000,84.19,84.19,84.02,84.1,6098.065
1774889100000,84.09,84.23,84.02,84.11,4193.473
1774889400000,84.11,84.19,83.95,83.95,4310.521
1774889700000,83.96,84.23,83.93,84.22,7373.979
1774890000000,84.22,84.42,84.03,84.06,4944.316
1774890300000,84.06,84.2,84.01,84.08,1924.533
1774890600000,84.07,84.1,83.9,83.91,17134.505
1774890900000,83.91,83.92,83.66,83.9,13508.548
1774891200000,83.89,83.93,83.49,83.52,14808.289
1774891500000,83.53,83.54,83.08,83.39,26625.256
1774891800000,83.4,83.53,83.28,83.42,14577.994
1774892100000,83.43,83.53,83.33,83.47,6169.481
1774892400000,83.47,83.48,83.36,83.47,4587.122
1774892700000,83.48,83.54,83.27,83.32,13845.13
1774893000000,83.32,83.38,83.18,83.19,15523.78
1774893300000,83.2,83.29,83.14,83.26,13744.121
1774893600000,83.25,83.43,83.25,83.28,4377.6
1774893900000,83.29,83.34,82.96,82.99,12444.649
1774894200000,82.99,83.19,82.95,83.09,6587.853
1774894500000,83.09,83.11,82.98,83.05,4585.916
1774894800000,83.05,83.16,82.76,82.87,13328.313
1774895100000,82.88,82.92,82.7,82.84,7907.954
1774895400000,82.85,83.01,82.7,82.96,8062.296
1774895700000,82.97,83.07,82.85,82.86,4661.043
1774896000000,82.86,82.97,82.82,82.94,1633.692
1774896300000,82.94,83.0,82.62,82.65,14510.212
1774896600000,82.64,82.65,82.45,82.56,12497.825
1774896900000,82.57,82.7,82.49,82.69,5158.371
1774897200000,82.68,82.7,82.52,82.63,7942.757
1774897500000,82.64,82.66,82.38,82.59,9149.413
1774897800000,82.59,82.59,82.34,82.5,12373.437
1774898100000,82.51,82.56,82.4,82.44,9328.305
1774898400000,82.45,82.49,82.17,82.18,9930.234
1774898700000,82.19,82.34,81.96,82.2,35172.621
1774899000000,82.2,82.26,82.08,82.18,37164.948
1774899300000,82.18,82.31,82.14,82.24,11679.508
1774899600000,82.24,82.27,82.08,82.18,22009.333
1774899900000,82.18,82.34,82.09,82.28,12371.597
1774900200000,82.27,82.44,82.21,82.42,16398.981
1774900500000,82.42,82.49,82.32,82.39,9378.785
1774900800000,82.38,82.51,82.36,82.51,5228.291
1774901100000,82.51,82.82,82.51,82.69,20423.12
1774901400000,82.69,82.81,82.69,82.75,5748.889
1774901700000,82.75,82.81,82.67,82.81,2267.061
1774902000000,82.81,82.9,82.8,82.88,3977.07
1774902300000,82.89,82.89,82.77,82.85,8328.475
1774902600000,82.86,82.87,82.65,82.7,6215.079
1774902900000,82.7,82.78,82.59,82.77,9643.686
1774903200000,82.78,82.81,82.71,82.78,3328.682
1774903500000,82.78,82.8,82.7,82.76,2499.218
1774903800000,82.76,82.8,82.7,82.8,929.149
1774904100000,82.8,82.85,82.78,82.79,1980.702
1774904400000,82.79,82.81,82.72,82.73,2737.25
1774904700000,82.73,82.96,82.69,82.95,4936.953
1774905000000,82.94,83.37,82.94,83.28,31668.777
1774905300000,83.28,83.44,83.25,83.37,11780.735
1774905600000,83.37,83.68,83.36,83.59,22625.209
1774905900000,83.59,83.59,83.31,83.37,17508.528
1774906200000,83.37,83.43,83.31,83.39,5056.633
1774906500000,83.39,83.49,83.31,83.46,4769.675
1774906800000,83.45,83.53,83.39,83.4,9515.585
1774907100000,83.41,83.43,83.32,83.37,2998.025
1774907400000,83.36,83.41,83.28,83.31,2135.32
1774907700000,83.31,83.32,83.15,83.15,7137.376
1774908000000,83.16,83.5,83.15,83.47,6460.122
1774908300000,83.47,83.49,82.92,82.96,11222.126
1774908600000,82.96,83.02,82.87,82.91,8554.734
1774908900000,82.92,82.97,82.86,82.89,13032.251
1774909200000,82.89,82.94,82.85,82.94,2173.371
1774909500000,82.95,83.05,82.88,82.93,3270.257
1774909800000,82.93,82.93,82.8,82.87,3513.251
1774910100000,82.86,82.94,82.8,82.91,1554.599
1774910400000,82.9,83.0,82.9,82.95,1525.798
1774910700000,82.96,82.97,82.65,82.72,11713.759
1774911000000,82.72,82.81,82.72,82.8,2286.106
1774911300000,82.81,82.9,82.81,82.81,2878.483
1774911600000,82.81,82.82,82.29,82.44,13342.442
1774911900000,82.43,82.51,82.21,82.22,17077.645
1774912200000,82.22,82.34,82.14,82.34,11064.546
1774912500000,82.34,82.44,82.3,82.38,5866.313
1774912800000,82.38,82.51,82.36,82.48,3852.74
1774913100000,82.49,82.53,82.42,82.53,4984.738
1774913400000,82.52,82.58,82.45,82.55,6426.91
1774913700000,82.56,82.6,82.45,82.46,3316.51
1774914000000,82.46,82.55,82.44,82.55,3664.589
1774914300000,82.54,82.54,82.43,82.49,7209.345
1774914600000,82.49,82.55,82.46,82.49,2890.054
1774914900000,82.49,82.54,82.44,82.54,2064.283
1774915200000,82.55,82.6,82.43,82.59,8711.354
1774915500000,82.58,82.58,82.39,82.45,2571.216
1774915800000,82.44,82.45,82.19,82.41,5756.853
1774916100000,82.41,82.44,82.23,82.35,6623.058
1774916400000,82.35,82.41,82.15,82.33,10154.969
1774916700000,82.33,82.46,82.3,82.41,6477.962
1774917000000,82.4,82.42,82.24,82.31,7009.006
1774917300000,82.32,82.56,82.29,82.5,22486.884
1774917600000,82.5,82.53,82.26,82.49,6524.9
1774917900000,82.5,82.96,82.48,82.84,25383.691
1774918200000,82.85,82.85,82.46,82.64,19117.541
1774918500000,82.65,82.72,82.58,82.72,5827.277
1774918800000,82.73,82.91,82.69,82.74,7337.478
1774919100000,82.73,82.79,82.6,82.73,6549.4
1774919400000,82.72,83.04,82.72,83.01,6526.419
1774919700000,83.01,83.26,82.99,83.21,7482.721
1774920000000,83.2,83.76,83.12,83.73,14991.612
1774920300000,83.74,83.86,83.53,83.74,18103.056
1774920600000,83.75,84.62,83.65,84.48,38125.261
1774920900000,84.47,84.55,84.01,84.1,34036.788
1774921200000,84.1,84.13,83.69,83.81,13358.366
1774921500000,83.81,83.88,83.57,83.77,12294.996
1774921800000,83.76,83.9,83.69,83.85,26781.987
1774922100000,83.86,83.96,83.83,83.85,7774.906
1774922400000,83.85,83.89,83.59,83.73,9798.002
1774922700000,83.72,83.91,83.68,83.71,2998.962
1774923000000,83.71,83.77,83.66,83.73,4359.94
1774923300000,83.73,84.05,83.73,83.95,7550.455
1774923600000,83.95,84.02,83.82,84.02,6315.457
1774923900000,84.01,84.01,83.85,83.94,4163.365
1774924200000,83.95,84.0,83.71,83.82,6502.068
1774924500000,83.83,83.92,83.81,83.85,2593.877
1774924800000,83.85,83.94,83.79,83.92,1835.929
1774925100000,83.92,83.95,83.8,83.88,6187.071
1774925400000,83.88,84.07,83.88,83.93,6775.779
1774925700000,83.93,83.93,83.82,83.83,3862.426
1774926000000,83.82,83.82,83.57,83.72,5817.487
1774926300000,83.72,83.92,83.67,83.83,5132.934
1774926600000,83.82,83.85,83.68,83.72,2816.826
1774926900000,83.71,83.75,83.57,83.57,2841.372
1774927200000,83.57,83.61,83.41,83.51,4653.389
1774927500000,83.52,83.62,83.5,83.52,1790.151
1774927800000,83.53,83.62,83.44,83.58,7894.834
1774928100000,83.58,83.58,83.28,83.36,11232.381
1774928400000,83.37,83.46,83.34,83.42,2507.504
1774928700000,83.43,83.48,83.36,83.39,5439.049
1774929000000,83.4,83.63,83.4,83.57,7432.753
1774929300000,83.57,83.6,83.51,83.6,3913.364
1774929600000,83.6,83.72,83.46,83.59,5224.34
1774929900000,83.58,83.74,83.56,83.59,6225.388
1774930200000,83.6,83.62,83.46,83.59,5285.235
1774930500000,83.59,83.75,83.57,83.72,2882.422
1774930800000,83.72,83.91,83.65,83.65,12892.139
1774931100000,83.66,83.66,83.28,83.36,7918.157
1774931400000,83.35,83.49,83.29,83.44,4931.386
1774931700000,83.44,83.44,83.33,83.4,5655.439
1774932000000,83.41,83.43,83.35,83.4,3339.728
1774932300000,83.4,83.47,83.4,83.42,3146.586
1774932600000,83.42,83.56,83.39,83.44,11092.646
1774932900000,83.44,83.46,83.32,83.34,3192.081
1774933200000,83.33,83.35,83.11,83.27,8837.098
1774933500000,83.27,83.34,83.13,83.15,4775.989
1774933800000,83.14,83.17,82.9,82.97,14295.161
1774934100000,82.98,83.1,82.91,83.03,7172.569
1774934400000,83.04,83.23,83.03,83.23,6005.944
1774934700000,83.23,83.3,83.18,83.19,6864.723
1774935000000,83.2,83.4,83.14,83.35,13351.161
1774935300000,83.35,83.39,83.3,83.39,3405.662
1774935600000,83.38,83.44,83.33,83.43,2760.964
1774935900000,83.43,83.64,83.42,83.61,7632.784
1774936200000,83.62,83.7,83.6,83.68,4802.836
1774936500000,83.69,83.77,83.58,83.77,12170.849
1774936800000,83.76,83.83,83.5,83.82,21162.871
1774937100000,83.81,83.83,83.41,83.45,32590.719
1774937400000,83.44,83.44,83.32,83.38,16341.738
1774937700000,83.37,83.41,83.23,83.29,16302.365
1774938000000,83.29,83.39,83.22,83.23,8874.67
1774938300000,83.24,83.28,83.09,83.16,3730.529
1774938600000,83.16,83.19,83.06,83.13,9746.967
1774938900000,83.13,83.19,83.05,83.14,10548.211
1774939200000,83.14,83.34,83.08,83.25,19917.435
1774939500000,83.25,83.31,83.22,83.24,6017.311
1774939800000,83.24,83.44,83.24,83.44,4431.306
1774940100000,83.43,83.52,83.35,83.41,4967.213
1774940400000,83.41,83.44,83.3,83.37,5304.071
1774940700000,83.37,83.37,83.2,83.23,5508.241
1774941000000,83.23,83.29,83.0,83.06,7919.443
1774941300000,83.05,83.1,82.68,82.74,14227.518
1774941600000,82.74,82.94,82.72,82.75,13466.708
1774941900000,82.75,82.99,82.7,82.88,9475.711
1774942200000,82.87,83.02,82.84,82.98,5443.799
1774942500000,82.99,83.13,82.82,83.01,21847.435
1774942800000,83.02,83.06,82.94,82.98,3570.884
1774943100000,82.98,83.15,82.98,83.06,2557.129
1774943400000,83.07,83.17,83.03,83.13,4521.41
1774943700000,83.13,83.15,83.05,83.1,2420.189
1774944000000,83.1,83.17,82.86,83.16,20916.16
1774944300000,83.16,83.25,83.07,83.23,4389.511
1774944600000,83.23,83.23,83.0,83.01,3791.168
1774944900000,83.02,83.17,82.97,83.13,4897.521
1774945200000,83.14,83.35,83.14,83.2,8720.937
1774945500000,83.2,83.23,83.11,83.17,1939.187
1774945800000,83.16,83.17,82.8,82.82,5166.278
1774946100000,82.83,82.93,82.77,82.77,3466.893
1774946400000,82.77,82.79,82.4,82.45,21308.53
1774946700000,82.46,82.58,82.24,82.53,19294.874
1774947000000,82.53,82.55,82.35,82.36,9609.018
1774947300000,82.35,82.39,82.25,82.25,8141.854
1774947600000,82.25,82.4,82.2,82.4,7430.309
1774947900000,82.4,82.47,82.23,82.28,8333.986
1774948200000,82.27,82.27,82.03,82.16,13489.584
1774948500000,82.16,82.19,81.91,81.94,10964.447
1774948800000,81.94,82.0,81.79,81.97,19420.544
1774949100000,81.97,82.01,81.6,81.82,15133.373
1774949400000,81.83,81.89,81.75,81.81,7896.636
1774949700000,81.8,81.89,81.74,81.87,5182.521
1774950000000,81.86,81.92,81.78,81.84,7120.737
1774950300000,81.85,81.94,81.75,81.8,6590.302
1774950600000,81.81,81.81,80.75,81.07,101076.185
1774950900000,81.07,81.1,80.08,80.55,113304.032
1774951200000,80.55,80.73,80.43,80.58,38095.247
1774951500000,80.58,80.81,80.51,80.8,17595.957
1774951800000,80.79,80.84,80.68,80.72,22556.511
1774952100000,80.72,80.94,80.56,80.57,32716.591
1774952400000,80.57,80.89,80.47,80.82,25545.736
1774952700000,80.82,80.83,80.69,80.75,14933.891
1774953000000,80.74,80.86,80.69,80.76,27623.564
1774953300000,80.76,80.79,80.55,80.6,24055.72
1774953600000,80.61,80.68,80.43,80.51,22955.529
1774953900000,80.5,80.59,80.33,80.54,40116.919
1774954200000,80.55,80.8,80.54,80.76,21998.78
1774954500000,80.76,80.76,80.45,80.47,19900.027
1774954800000,80.47,80.65,80.39,80.65,28134.446
1774955100000,80.65,80.66,80.28,80.32,28755.054
1774955400000,80.32,80.85,80.32,80.7,52632.406
1774955700000,80.7,80.98,80.63,80.72,24373.824
1774956000000,80.72,80.81,80.47,80.59,31823.02
1774956300000,80.59,80.67,80.51,80.66,15553.375
1774956600000,80.67,80.78,80.63,80.76,15649.012
1774956900000,80.76,80.88,80.7,80.81,26595.737
1774957200000,80.8,80.85,80.45,80.84,342200.143
1774957500000,80.83,80.85,80.6,80.67,15600.604
1774957800000,80.66,80.71,80.55,80.66,9684.793
1774958100000,80.66,80.86,80.64,80.85,7511.723
1774958400000,80.85,81.03,80.85,81.0,15465.201
1774958700000,81.0,81.03,80.86,80.86,12076.975
1774959000000,80.87,80.87,80.4,80.45,31645.95
1774959300000,80.45,80.82,80.44,80.73,11612.785
1774959600000,80.72,80.72,80.57,80.63,6063.292
1774959900000,80.64,80.92,80.6,80.87,13190.222
1774960200000,80.86,80.99,80.75,80.89,5581.792
1774960500000,80.9,81.09,80.87,81.01,25472.068
1774960800000,81.01,81.08,80.92,81.06,9334.366
1774961100000,81.06,81.09,80.7,80.75,14732.077
1774961400000,80.75,80.8,80.64,80.74,6426.572
1774961700000,80.75,80.83,80.74,80.78,8626.535
1774962000000,80.78,80.89,80.74,80.87,17610.53
1774962300000,80.87,81.04,80.81,81.03,5108.596
1774962600000,81.03,81.17,80.85,80.9,14973.348
1774962900000,80.9,81.03,80.83,80.92,16686.758
1774963200000,80.91,81.01,80.86,81.0,8335.593
1774963500000,81.0,81.04,80.97,81.03,7929.201
1774963800000,81.02,81.32,80.9,81.23,20822.067
1774964100000,81.23,81.42,81.09,81.34,36008.333
1774964400000,81.34,81.58,81.26,81.31,19177.883
1774964700000,81.31,81.79,81.31,81.76,41993.805
1774965000000,81.76,82.04,81.61,81.92,19753.477
1774965300000,81.91,82.03,81.69,81.86,19423.966
1774965600000,81.85,82.27,81.75,81.78,47740.478
1774965900000,81.78,81.78,81.59,81.64,10997.557
1774966200000,81.64,82.03,81.63,81.99,16487.941
1774966500000,81.98,82.59,81.96,82.41,29222.4
1774966800000,82.4,82.41,82.2,82.24,24580.245
1774967100000,82.24,82.33,82.06,82.32,12195.43
1774967400000,82.32,82.37,81.95,81.95,16745.127
1774967700000,81.95,82.01,81.68,81.74,11222.17
1774968000000,81.74,81.8,81.39,81.6,17804.58
1774968300000,81.6,81.61,80.93,81.04,57965.437
1774968600000,81.04,81.1,80.4,80.63,41770.396
1774968900000,80.64,80.75,80.43,80.63,29887.792
1774969200000,80.63,80.98,80.63,80.9,19065.241
1774969500000,80.89,81.3,80.89,81.04,39526.469
1774969800000,81.04,81.66,81.04,81.58,22766.666
1774970100000,81.58,81.65,81.34,81.43,14413.905
1774970400000,81.43,81.68,81.37,81.56,11218.383
1774970700000,81.55,81.62,81.02,81.08,18361.403
1774971000000,81.08,81.28,80.97,81.15,9897.446
1774971300000,81.16,81.32,81.03,81.13,9057.001
1774971600000,81.14,81.18,81.0,81.08,5418.863
1774971900000,81.07,81.2,81.0,81.1,11484.401
1774972200000,81.11,81.36,81.05,81.18,39836.16
1774972500000,81.17,81.2,80.81,80.86,23914.026
1774972800000,80.87,81.18,80.87,81.04,21680.288
1774973100000,81.04,81.25,81.01,81.16,10370.377
1774973400000,81.15,81.17,80.87,81.16,6920.654
1774973700000,81.15,81.34,81.12,81.22,4943.594
1774974000000,81.22,81.38,81.14,81.38,8179.016
1774974300000,81.39,81.42,81.25,81.25,5956.067
1774974600000,81.24,81.29,81.11,81.12,5544.506
1774974900000,81.11,81.98,81.05,81.97,14601.981
1774975200000,81.97,82.9,81.95,82.39,75617.245
1774975500000,82.38,82.51,81.97,82.43,39813.167
1774975800000,82.42,82.5,82.08,82.33,25311.526
1774976100000,82.34,82.39,82.15,82.39,11253.858
1774976400000,82.39,82.64,82.36,82.51,12427.614
1774976700000,82.5,82.51,82.23,82.29,22135.752
1774977000000,82.29,83.2,82.27,83.17,42431.724
1774977300000,83.17,83.47,82.93,83.22,58216.67
1774977600000,83.23,83.44,83.03,83.28,69954.87
1774977900000,83.29,83.38,82.92,82.99,27926.063
1774978200000,82.99,83.15,82.87,83.06,21222.354
1774978500000,83.06,83.09,82.49,82.6,24995.039
1774978800000,82.6,82.63,82.31,82.48,16871.718
1774979100000,82.47,82.6,82.27,82.45,16351.74
1774979400000,82.45,82.48,82.25,82.37,14669.419
1774979700000,82.37,82.4,82.18,82.37,11331.637
1774980000000,82.38,82.55,82.38,82.51,8109.848
1774980300000,82.51,82.82,82.5,82.78,8798.836
1774980600000,82.79,82.89,82.74,82.81,9795.766
1774980900000,82.81,83.09,82.65,82.68,11442.965
1774981200000,82.68,82.73,82.62,82.68,5761.386
1774981500000,82.69,82.86,82.5,82.78,7484.815
1774981800000,82.77,82.82,82.61,82.72,7211.574
1774982100000,82.72,82.89,82.67,82.81,7216.761
1774982400000,82.8,82.86,82.61,82.79,16475.467
1774982700000,82.8,83.0,82.78,82.83,5982.112
1774983000000,82.82,82.86,82.72,82.79,5495.961
1774983300000,82.79,82.92,82.79,82.9,3103.546
1774983600000,82.89,82.97,82.87,82.89,3470.015
1774983900000,82.9,82.93,82.7,82.72,3423.938
1774984200000,82.72,82.91,82.72,82.78,4650.422
1774984500000,82.78,82.86,82.69,82.74,3736.053
1774984800000,82.74,82.76,82.64,82.7,2321.281
1774985100000,82.69,82.7,82.53,82.57,8934.958
1774985400000,82.58,82.73,82.47,82.65,18315.484
1774985700000,82.64,82.79,82.55,82.56,12814.147
1774986000000,82.55,82.66,82.47,82.66,10521.624
1774986300000,82.65,82.8,82.61,82.74,17636.939
1774986600000,82.75,82.8,82.61,82.69,6335.395
1774986900000,82.68,82.91,82.57,82.7,16713.55
1774987200000,82.7,82.78,82.61,82.69,11761.828
1774987500000,82.7,83.01,82.68,82.99,14088.219
1774987800000,82.99,83.4,82.96,83.26,26967.133
1774988100000,83.25,83.3,83.12,83.16,8576.569
1774988400000,83.16,83.2,82.95,83.05,9590.807
1774988700000,83.05,83.05,82.93,83.0,4459.227
1774989000000,82.99,83.04,82.83,82.86,4779.884
1774989300000,82.87,83.08,82.87,82.99,10187.302
1774989600000,82.98,83.01,82.9,82.94,2733.497
1774989900000,82.95,83.2,82.88,83.13,6132.0
1774990200000,83.13,83.16,83.04,83.12,3890.519
1774990500000,83.12,83.21,83.07,83.16,5404.289
1774990800000,83.17,83.19,82.79,82.86,11206.092
1774991100000,82.85,82.95,82.7,82.73,9732.424
1774991400000,82.73,82.84,82.71,82.72,6106.515
1774991700000,82.73,82.8,82.63,82.78,5192.646
1774992000000,82.78,82.82,82.66,82.82,2457.592
1774992300000,82.82,82.9,82.8,82.9,2491.592
1774992600000,82.9,83.01,82.87,82.95,2556.199
1774992900000,82.94,82.95,82.86,82.86,4407.795
1774993200000,82.86,82.92,82.81,82.83,3147.271
1774993500000,82.83,82.96,82.78,82.94,4834.783
1774993800000,82.93,83.15,82.88,83.13,6718.954
1774994100000,83.13,83.16,82.81,82.86,5452.768
1774994400000,82.86,82.91,82.68,82.79,9007.566
1774994700000,82.78,82.84,82.5,82.58,17215.995
1774995000000,82.58,82.74,82.57,82.73,6791.563
1774995300000,82.72,82.89,82.7,82.81,8634.252
1774995600000,82.81,82.9,82.69,82.73,9877.656
1774995900000,82.72,82.74,82.62,82.66,3141.341
1774996200000,82.65,82.65,82.33,82.47,21811.405
1774996500000,82.47,82.57,82.47,82.55,4520.093
1774996800000,82.55,82.86,82.55,82.77,9979.863
1774997100000,82.77,82.78,82.66,82.74,3796.808
1774997400000,82.74,82.83,82.71,82.78,5687.471
1774997700000,82.78,82.8,82.74,82.76,2681.46
1774998000000,82.77,82.79,82.68,82.72,5154.37
1774998300000,82.72,82.93,82.72,82.82,7116.788
1774998600000,82.81,82.86,82.67,82.77,20773.014
1774998900000,82.78,83.06,82.71,83.04,11519.753
1774999200000,83.04,83.1,82.92,82.97,5120.107
1774999500000,82.97,83.04,82.91,83.0,2992.242
1774999800000,82.99,83.08,82.96,83.02,3206.97
1775000100000,83.03,83.26,82.98,83.2,9626.073
1775000400000,83.19,83.2,83.11,83.12,8525.198
1775000700000,83.11,83.18,83.0,83.12,11052.773
1775001000000,83.11,83.23,83.11,83.14,8748.554
1775001300000,83.15,83.24,83.11,83.2,5228.143
1775001600000,83.19,83.24,82.99,83.18,12258.397
1775001900000,83.18,83.23,83.08,83.13,6796.519
1775002200000,83.12,83.13,83.01,83.09,5972.606
1775002500000,83.09,83.38,83.07,83.15,8816.084
1775002800000,83.16,83.23,82.94,83.01,6341.843
1775003100000,83.01,83.06,82.93,83.05,6466.066
1775003400000,83.06,83.1,82.85,82.89,9761.84
1775003700000,82.89,82.99,82.89,82.98,6376.835
1775004000000,82.98,83.08,82.98,83.08,3465.259
1775004300000,83.08,83.23,83.02,83.22,6151.035
1775004600000,83.23,83.58,83.23,83.43,30272.617
1775004900000,83.44,83.47,83.31,83.4,13348.145
1775005200000,83.41,83.47,83.27,83.41,12094.763
1775005500000,83.41,83.41,83.14,83.25,10889.871
1775005800000,83.26,83.33,83.19,83.24,7960.273
1775006100000,83.24,83.24,82.99,83.03,11384.13
1775006400000,83.02,83.06,82.95,83.01,5654.01
1775006700000,83.0,83.03,82.91,82.92,5898.299
1775007000000,82.93,83.12,82.87,82.94,8341.513
1775007300000,82.95,83.1,82.81,82.92,11601.248
1775007600000,82.92,83.01,82.84,83.01,7745.078
1775007900000,83.01,83.02,82.81,82.82,8552.255
1775008200000,82.82,82.98,82.81,82.87,8132.645
1775008500000,82.87,82.93,82.72,82.73,12241.688
1775008800000,82.74,82.9,82.74,82.86,8936.272
1775009100000,82.85,82.91,82.71,82.85,8646.127
1775009400000,82.86,82.88,82.67,82.85,17884.819
1775009700000,82.84,82.9,82.74,82.81,7562.011
1775010000000,82.81,82.87,82.75,82.81,4697.691
1775010300000,82.82,82.82,82.48,82.57,13495.616
1775010600000,82.57,82.7,82.49,82.49,8911.791
1775010900000,82.5,82.73,82.49,82.66,6454.034
1775011200000,82.65,82.75,82.65,82.69,2402.175
1775011500000,82.68,82.81,82.67,82.69,4008.334
1775011800000,82.69,82.74,82.65,82.71,2551.829
1775012100000,82.7,82.72,82.6,82.65,3287.755
1775012400000,82.65,82.9,82.65,82.88,6026.809
1775012700000,82.88,83.48,82.87,83.41,12228.929
1775013000000,83.4,83.4,83.22,83.23,8245.674
1775013300000,83.23,83.34,83.2,83.24,5388.581
1775013600000,83.24,83.26,83.16,83.16,6117.508
1775013900000,83.16,83.16,83.05,83.12,4033.859
1775014200000,83.12,83.25,83.09,83.11,5429.607
1775014500000,83.1,83.15,83.04,83.13,5393.068
1775014800000,83.13,83.29,83.08,83.27,4271.114
1775015100000,83.26,83.49,83.26,83.37,12905.503
1775015400000,83.37,83.38,83.3,83.34,5050.424
1775015700000,83.33,83.49,83.3,83.43,10853.068
1775016000000,83.44,83.58,83.43,83.45,10892.411
1775016300000,83.45,83.55,83.37,83.39,7802.167
1775016600000,83.4,83.41,83.26,83.31,6447.206
1775016900000,83.31,83.41,83.28,83.37,3387.6
1775017200000,83.36,83.58,83.36,83.45,12806.245
1775017500000,83.45,83.48,83.4,83.46,3664.433
1775017800000,83.45,83.53,83.4,83.52,2839.181
1775018100000,83.53,83.67,83.49,83.55,6681.279
1775018400000,83.55,83.69,83.53,83.57,4998.641
1775018700000,83.56,83.72,83.52,83.62,6810.114
1775019000000,83.63,83.86,83.63,83.69,11934.241
1775019300000,83.68,83.76,83.59,83.74,9984.371
1775019600000,83.75,83.75,83.36,83.39,16951.538
1775019900000,83.38,83.47,83.37,83.44,2680.846
1775020200000,83.45,83.7,83.39,83.65,4851.933
1775020500000,83.64,83.89,83.58,83.75,6158.418
1775020800000,83.74,83.91,83.7,83.86,6487.62
1775021100000,83.86,84.32,83.84,84.02,39302.029
1775021400000,84.03,84.15,83.96,84.09,16337.183
1775021700000,84.09,84.11,83.89,83.99,7627.538
1775022000000,84.0,84.1,83.91,84.01,7517.358
1775022300000,84.02,84.23,84.0,84.2,22790.803
1775022600000,84.2,84.32,84.1,84.19,28943.184
1775022900000,84.19,84.19,84.05,84.14,7517.142
1775023200000,84.14,84.22,84.02,84.06,10523.898
1775023500000,84.06,84.43,84.05,84.24,11343.229
1775023800000,84.23,84.43,84.23,84.33,16241.105
1775024100000,84.32,84.37,84.25,84.37,16380.569
1775024400000,84.38,84.41,84.23,84.32,9134.077
1775024700000,84.32,84.5,84.32,84.44,15199.358
1775025000000,84.44,84.54,84.31,84.47,13219.943
1775025300000,84.47,84.66,84.42,84.45,28203.085
1775025600000,84.44,84.73,84.43,84.69,15101.053
1775025900000,84.7,84.74,84.38,84.39,15142.473
1775026200000,84.39,84.48,84.34,84.43,11049.122
1775026500000,84.44,84.58,84.4,84.45,16292.337
1775026800000,84.46,84.64,84.46,84.52,8466.102
1775027100000,84.51,84.68,84.51,84.62,11302.612
1775027400000,84.61,84.74,84.48,84.66,13235.725
1775027700000,84.66,84.68,84.29,84.29,11514.257
1775028000000,84.29,84.31,84.0,84.25,21436.812
1775028300000,84.26,84.44,84.2,84.21,9131.992
1775028600000,84.21,84.31,84.1,84.15,20430.657
1775028900000,84.15,84.24,84.13,84.16,6150.049
1775029200000,84.15,84.2,84.06,84.12,11012.811
1775029500000,84.12,84.17,83.85,83.92,15827.455
1775029800000,83.92,83.99,83.85,83.87,9127.93
1775030100000,83.88,83.93,83.81,83.84,7768.269
1775030400000,83.84,84.06,83.81,83.94,13656.617
1775030700000,83.95,83.95,83.62,83.62,12861.627
1775031000000,83.62,83.69,83.43,83.6,26690.29
1775031300000,83.61,83.73,83.55,83.61,11640.044
1775031600000,83.62,83.77,83.62,83.74,6740.568
1775031900000,83.75,83.81,83.71,83.73,6269.292
1775032200000,83.73,83.78,83.67,83.72,14006.743
1775032500000,83.72,83.95,83.72,83.87,11911.331
1775032800000,83.86,83.92,83.72,83.8,7552.809
1775033100000,83.81,83.84,83.76,83.82,8086.11
1775033400000,83.81,83.95,83.57,83.59,17245.446
1775033700000,83.59,83.75,83.48,83.62,10246.393
1775034000000,83.63,83.74,83.57,83.71,3313.04
1775034300000,83.71,83.77,83.39,83.43,16136.579
1775034600000,83.43,83.51,83.39,83.48,7221.364
1775034900000,83.48,83.53,83.32,83.39,16002.887
1775035200000,83.39,83.44,83.31,83.36,6741.205
1775035500000,83.36,83.5,83.34,83.5,6597.474
1775035800000,83.5,83.61,83.45,83.51,9281.17
1775036100000,83.52,83.59,83.3,83.3,6402.83
1775036400000,83.3,83.31,83.14,83.17,23603.683
1775036700000,83.18,83.36,83.18,83.36,5539.334
1775037000000,83.37,83.48,83.37,83.46,4492.833
1775037300000,83.46,83.47,83.36,83.38,4549.284
1775037600000,83.38,83.47,83.31,83.32,5512.655
1775037900000,83.31,83.39,83.3,83.33,4106.284
1775038200000,83.32,83.41,83.26,83.26,3681.193
1775038500000,83.26,83.33,83.21,83.26,7607.809
1775038800000,83.26,83.45,83.25,83.36,9371.782
1775039100000,83.36,83.36,83.22,83.22,9264.343
1775039400000,83.22,83.32,83.13,83.14,4781.721
1775039700000,83.13,83.24,83.07,83.2,5096.016
1775040000000,83.2,83.33,83.2,83.29,4200.747
1775040300000,83.29,83.45,83.28,83.44,13478.981
1775040600000,83.45,83.5,83.42,83.44,5240.146
1775040900000,83.44,83.44,83.23,83.38,8725.918
1775041200000,83.37,83.5,83.34,83.43,3419.988
1775041500000,83.43,83.43,83.34,83.36,5299.814
1775041800000,83.35,83.58,83.33,83.48,7785.49
1775042100000,83.48,83.49,83.38,83.44,8537.43
1775042400000,83.43,83.43,83.18,83.28,12202.915
1775042700000,83.28,83.38,83.21,83.23,5431.473
1775043000000,83.23,83.31,83.2,83.2,7420.54
1775043300000,83.2,83.32,83.2,83.28,5008.669
1775043600000,83.28,83.3,83.17,83.28,5307.872
1775043900000,83.28,83.35,83.25,83.35,4845.777
1775044200000,83.34,83.46,83.32,83.4,5246.345
1775044500000,83.4,83.42,83.35,83.37,4240.26
1775044800000,83.37,83.38,83.13,83.24,10659.932
1775045100000,83.25,83.43,83.23,83.33,6030.43
1775045400000,83.33,83.5,83.33,83.4,7986.023
1775045700000,83.41,83.5,83.38,83.5,2954.288
1775046000000,83.5,83.5,83.35,83.41,3091.013
1775046300000,83.42,83.55,83.36,83.44,4867.697
1775046600000,83.44,83.57,83.26,83.26,6184.874
1775046900000,83.26,83.31,82.82,82.84,39740.209
1775047200000,82.84,83.6,82.8,83.56,44706.938
1775047500000,83.57,83.73,83.06,83.07,49864.655
1775047800000,83.07,83.21,82.9,83.01,15378.802
1775048100000,83.02,83.14,82.97,83.03,8495.683
1775048400000,83.04,83.08,82.71,82.89,19466.061
1775048700000,82.88,82.96,82.71,82.9,14335.052
1775049000000,82.91,83.24,82.9,83.21,20275.656
1775049300000,83.21,83.37,83.21,83.35,8863.112
1775049600000,83.36,83.39,83.23,83.31,3997.648
1775049900000,83.31,83.44,83.27,83.32,8682.985
1775050200000,83.33,83.36,83.04,83.21,11980.619
1775050500000,83.21,83.38,83.07,83.2,17875.192
1775050800000,83.21,83.21,82.4,82.76,63253.803
1775051100000,82.76,82.81,82.47,82.58,24497.032
1775051400000,82.57,82.89,82.5,82.68,15448.584
1775051700000,82.68,82.83,82.6,82.67,10042.365
1775052000000,82.66,82.86,82.62,82.69,6989.671
1775052300000,82.69,82.78,82.51,82.75,6156.522
1775052600000,82.75,82.91,82.68,82.9,6567.246
1775052900000,82.9,83.09,82.9,83.03,14956.149
1775053200000,83.04,83.29,82.95,83.04,13154.727
1775053500000,83.05,83.24,82.98,83.19,6813.361
1775053800000,83.2,83.38,82.88,82.92,12146.58
1775054100000,82.92,83.36,82.84,83.17,11754.799
1775054400000,83.16,83.19,83.0,83.05,9786.939
1775054700000,83.06,83.39,82.97,83.37,13715.519
1775055000000,83.36,83.56,83.31,83.44,11145.788
1775055300000,83.44,83.44,83.25,83.39,16422.169
1775055600000,83.39,83.46,83.29,83.35,6931.646
1775055900000,83.34,83.47,83.29,83.34,6901.958
1775056200000,83.33,83.33,83.12,83.21,22085.352
1775056500000,83.22,83.33,83.09,83.29,10234.59
1775056800000,83.29,83.68,83.18,83.68,17551.942
1775057100000,83.69,83.88,83.5,83.57,23790.803
1775057400000,83.57,83.7,83.46,83.51,14254.721
1775057700000,83.51,83.72,83.46,83.48,8487.873
1775058000000,83.49,83.62,83.4,83.59,10947.414
1775058300000,83.59,83.68,83.56,83.58,12033.072
1775058600000,83.57,83.74,83.55,83.6,6608.638
1775058900000,83.6,83.7,83.58,83.63,6089.329
1775059200000,83.62,83.65,83.44,83.44,6099.611
1775059500000,83.45,83.49,83.23,83.4,14816.221
1775059800000,83.39,83.44,83.08,83.21,15148.283
1775060100000,83.2,83.8,83.15,83.71,18586.311
1775060400000,83.71,84.1,83.7,83.94,20384.645
1775060700000,83.93,84.49,83.89,84.37,33115.841
1775061000000,84.38,84.64,84.33,84.48,31808.106
1775061300000,84.49,85.33,84.47,85.03,92342.107
1775061600000,85.03,85.31,84.91,85.24,57236.99
1775061900000,85.24,85.26,85.1,85.25,38794.812
1775062200000,85.26,85.31,85.09,85.16,30595.41
1775062500000,85.17,85.28,84.93,85.26,31195.448
1775062800000,85.25,86.65,85.25,86.55,252743.323
1775063100000,86.55,86.56,85.96,85.97,49012.221
1775063400000,85.97,86.13,85.63,85.74,48331.821
1775063700000,85.75,86.14,85.74,86.0,19611.705
1775064000000,86.0,86.0,85.17,85.3,39343.552
1775064300000,85.31,85.32,84.54,84.75,77035.71
1775064600000,84.74,84.82,84.51,84.64,23043.862
1775064900000,84.64,85.09,84.25,84.98,24289.138
1775065200000,84.98,85.05,84.9,84.98,11036.156
1775065500000,84.98,85.09,84.78,84.82,15664.396
1775065800000,84.81,84.84,84.39,84.55,30910.425
1775066100000,84.55,84.6,84.4,84.44,25250.393
1775066400000,84.43,84.49,83.99,84.23,31932.165
1775066700000,84.22,84.22,83.93,83.96,18272.581
1775067000000,83.96,84.28,83.94,84.07,15406.683
1775067300000,84.06,84.16,83.8,83.92,14706.514
1775067600000,83.91,84.03,83.77,83.85,16943.529
1775067900000,83.85,84.02,83.84,83.94,8899.055
1775068200000,83.94,84.17,83.82,84.16,16323.669
1775068500000,84.17,84.33,84.0,84.24,21750.761
1775068800000,84.23,84.41,84.12,84.14,21545.632
1775069100000,84.14,84.14,83.72,83.8,32874.589
1775069400000,83.79,83.88,83.7,83.71,7340.411
1775069700000,83.72,83.74,83.55,83.66,10914.619
1775070000000,83.65,83.87,83.64,83.87,8661.802
1775070300000,83.87,84.09,83.84,84.01,8149.077
1775070600000,84.0,84.11,83.94,84.0,5424.712
1775070900000,83.99,84.07,83.96,84.05,8926.073
1775071200000,84.04,84.04,83.87,83.92,4485.142
1775071500000,83.91,84.3,83.91,84.26,6481.593
1775071800000,84.26,84.43,84.13,84.27,10764.196
1775072100000,84.28,84.37,84.23,84.27,7708.411
1775072400000,84.27,84.29,83.91,83.92,8495.467
1775072700000,83.92,84.06,83.88,84.0,9405.336
1775073000000,84.0,84.01,83.66,83.75,15355.673
1775073300000,83.74,83.97,83.7,83.82,19081.631
1775073600000,83.83,83.88,83.17,83.28,40376.837
1775073900000,83.29,83.42,83.03,83.09,108916.92
1775074200000,83.09,83.24,83.0,83.01,16559.198
1775074500000,83.01,83.1,82.89,82.98,14877.749
1775074800000,82.98,83.0,82.86,82.9,5968.513
1775075100000,82.9,82.91,82.62,82.65,10585.828
1775075400000,82.64,82.67,82.46,82.63,22136.879
1775075700000,82.63,82.71,82.52,82.52,19317.84
1775076000000,82.53,82.56,82.3,82.55,23830.279
1775076300000,82.55,82.68,82.45,82.67,17733.151
1775076600000,82.68,82.79,82.66,82.72,14765.086
1775076900000,82.71,82.71,82.53,82.57,21579.647
1775077200000,82.57,82.72,82.46,82.65,23669.352
1775077500000,82.65,82.84,82.62,82.75,16055.796
1775077800000,82.74,82.79,82.51,82.67,23208.299
1775078100000,82.66,82.76,82.63,82.7,21561.659
1775078400000,82.7,82.75,82.59,82.66,14460.835
1775078700000,82.66,83.18,82.61,82.84,49184.582
1775079000000,82.84,82.86,82.55,82.62,23614.545
1775079300000,82.63,82.63,82.06,82.29,43866.595
1775079600000,82.28,82.28,81.97,82.22,26740.634
1775079900000,82.22,82.23,82.03,82.03,15768.674
1775080200000,82.04,82.04,81.42,81.71,48793.472
1775080500000,81.71,82.0,81.7,81.86,19580.558
1775080800000,81.85,81.94,81.6,81.6,35181.733
1775081100000,81.6,81.73,81.37,81.5,53219.095
1775081400000,81.5,81.59,81.25,81.37,48214.821
1775081700000,81.36,81.37,80.82,80.86,92203.754
1775082000000,80.87,81.43,80.81,81.33,80929.403
1775082300000,81.33,81.5,80.95,80.96,50989.321
1775082600000,80.96,81.15,80.77,81.13,26796.124
1775082900000,81.13,81.14,80.9,80.99,22002.533
1775083200000,80.99,81.19,80.93,80.94,22454.914
1775083500000,80.95,81.1,80.87,81.1,11925.667
1775083800000,81.1,81.13,81.01,81.03,9068.135
1775084100000,81.03,81.19,81.02,81.17,10701.026
1775084400000,81.17,81.31,81.12,81.31,17664.391
1775084700000,81.3,81.4,81.21,81.38,13771.051
1775085000000,81.38,81.45,81.32,81.4,14434.861
1775085300000,81.4,81.4,81.13,81.23,16422.03
1775085600000,81.22,81.36,81.16,81.3,9920.585
1775085900000,81.3,81.38,81.3,81.32,8046.187
1775086200000,81.31,81.31,81.02,81.26,13189.848
1775086500000,81.26,81.39,81.22,81.37,7493.493
1775086800000,81.36,81.39,81.27,81.34,6641.31
1775087100000,81.33,81.36,81.17,81.35,11147.73
1775087400000,81.35,81.36,81.14,81.27,14627.055
1775087700000,81.28,81.29,81.13,81.18,13529.717
1775088000000,81.19,81.22,81.06,81.18,13088.269
1775088300000,81.17,81.25,81.11,81.12,8805.838
1775088600000,81.13,81.23,81.05,81.19,8635.005
1775088900000,81.19,81.23,80.92,81.09,32953.298
1775089200000,81.1,81.21,80.96,81.17,18469.663
1775089500000,81.16,81.25,81.08,81.12,6751.211
1775089800000,81.13,81.29,81.08,81.25,7955.812
1775090100000,81.25,81.46,81.21,81.45,15493.767
1775090400000,81.44,81.64,81.36,81.64,28772.788
1775090700000,81.64,81.74,81.42,81.54,12250.118
1775091000000,81.55,81.74,81.53,81.71,24426.34
1775091300000,81.71,81.77,81.58,81.63,21090.174
1775091600000,81.63,81.63,80.94,81.0,32882.264
1775091900000,80.99,81.4,80.16,81.17,99322.101
1775092200000,81.18,81.58,80.86,80.86,44160.209
1775092500000,80.86,80.87,79.69,79.97,177007.685
1775092800000,79.97,80.39,79.66,80.03,66175.011
1775093100000,80.03,80.06,79.39,79.85,63316.468
1775093400000,79.85,79.86,79.15,79.61,44586.179
1775093700000,79.6,79.79,79.23,79.4,47026.476
1775094000000,79.39,79.43,79.13,79.17,39912.402
1775094300000,79.18,79.33,78.97,79.17,35455.801
1775094600000,79.17,79.45,79.09,79.35,35384.379
1775094900000,79.34,79.49,79.28,79.34,17384.961
1775095200000,79.34,79.34,78.9,78.95,28517.423
1775095500000,78.95,79.34,78.89,79.04,23135.794
1775095800000,79.04,79.13,78.64,78.68,40742.565
1775096100000,78.68,78.98,78.63,78.87,20097.675
1775096400000,78.87,78.87,78.45,78.65,38142.871
1775096700000,78.64,78.78,78.52,78.64,15582.18
1775097000000,78.64,78.93,78.63,78.87,15109.764
1775097300000,78.86,78.89,78.67,78.75,11436.828
1775097600000,78.75,78.93,78.3,78.41,52241.167
1775097900000,78.4,78.68,78.34,78.42,31209.285
1775098200000,78.42,78.71,78.42,78.66,17465.4
1775098500000,78.66,78.94,78.65,78.87,9089.5
1775098800000,78.87,78.91,78.82,78.85,8262.206
1775099100000,78.85,78.98,78.82,78.93,10934.358
1775099400000,78.93,78.93,78.7,78.84,11497.955
1775099700000,78.84,78.93,78.77,78.83,13115.055
1775100000000,78.83,79.14,78.69,79.12,21420.572
1775100300000,79.13,79.3,79.09,79.25,16416.096
1775100600000,79.26,79.31,79.08,79.19,25404.681
1775100900000,79.2,79.41,79.14,79.24,26505.685
1775101200000,79.24,79.31,78.7,78.94,52160.281
1775101500000,78.95,79.0,78.8,78.97,10364.541
1775101800000,78.97,79.09,78.91,78.93,12641.826
1775102100000,78.93,79.02,78.84,79.01,6498.618
1775102400000,79.01,79.12,78.98,79.07,13190.649
1775102700000,79.07,79.19,79.02,79.06,7453.989
1775103000000,79.06,79.1,78.88,78.92,12282.122
1775103300000,78.92,79.06,78.89,78.92,14495.808
1775103600000,78.91,79.07,78.75,78.91,21720.78
1775103900000,78.9,78.98,78.84,78.98,8180.981
1775104200000,78.98,79.1,78.92,79.03,8408.255
1775104500000,79.03,79.05,78.86,78.89,10280.189
1775104800000,78.89,79.02,78.85,79.0,10734.548
1775105100000,78.99,79.11,78.97,79.09,13067.257
1775105400000,79.09,79.15,79.03,79.13,13343.005
1775105700000,79.13,79.16,78.81,78.82,33898.215
1775106000000,78.83,79.11,78.83,79.06,18868.25
1775106300000,79.06,79.09,78.72,78.81,16742.563
1775106600000,78.81,78.89,78.72,78.84,4968.531
1775106900000,78.85,79.01,78.79,78.8,7605.679
1775107200000,78.81,78.84,78.62,78.78,11487.046
1775107500000,78.78,78.78,78.63,78.71,13610.863
1775107800000,78.71,78.82,78.66,78.77,11045.35
1775108100000,78.77,79.06,78.75,79.03,17217.873
1775108400000,79.02,79.16,78.97,79.13,10692.289
1775108700000,79.13,79.15,79.07,79.1,12196.315
1775109000000,79.1,79.18,79.05,79.12,8454.023
1775109300000,79.12,79.43,79.12,79.26,24590.126
1775109600000,79.26,79.28,79.16,79.17,6521.401
1775109900000,79.16,79.24,79.05,79.06,4946.949
1775110200000,79.06,79.12,79.03,79.08,3506.892
1775110500000,79.08,79.43,79.06,79.37,9322.123
1775110800000,79.36,79.43,79.34,79.42,7579.613
1775111100000,79.42,79.43,79.33,79.34,5654.605
1775111400000,79.33,79.33,79.2,79.28,7947.965
1775111700000,79.27,79.3,79.0,79.05,14578.426
1775112000000,79.05,79.09,78.95,78.99,8360.309
1775112300000,79.0,79.12,78.98,79.09,6270.105
1775112600000,79.1,79.14,79.07,79.09,5814.113
1775112900000,79.09,79.15,79.05,79.12,6299.959
1775113200000,79.13,79.15,79.02,79.13,7039.532
1775113500000,79.14,79.15,79.09,79.1,6075.696
1775113800000,79.1,79.11,79.0,79.08,7003.197
1775114100000,79.08,79.37,79.08,79.32,9022.257
1775114400000,79.32,79.32,79.17,79.3,8995.901
1775114700000,79.31,79.35,79.27,79.31,5369.262
1775115000000,79.32,79.55,79.3,79.5,16716.559
1775115300000,79.5,79.58,79.45,79.48,11639.13
1775115600000,79.48,79.52,79.44,79.47,4466.271
1775115900000,79.46,79.6,79.46,79.56,9762.562
1775116200000,79.57,79.64,79.51,79.56,13171.097
1775116500000,79.56,79.67,79.56,79.65,5916.358
1775116800000,79.64,79.64,79.44,79.55,7659.288
1775117100000,79.56,79.57,79.44,79.48,5756.091
1775117400000,79.48,79.51,79.41,79.47,5064.047
1775117700000,79.47,79.49,79.41,79.43,5320.85
1775118000000,79.44,79.45,79.31,79.33,5900.933
1775118300000,79.32,79.38,79.24,79.29,10993.091
1775118600000,79.3,79.37,79.15,79.26,11838.389
1775118900000,79.26,79.26,79.07,79.13,10081.912
1775119200000,79.13,79.18,79.04,79.11,10227.582
1775119500000,79.12,79.18,79.11,79.11,4868.489
1775119800000,79.12,79.14,79.05,79.13,5652.511
1775120100000,79.12,79.16,79.09,79.12,7184.428
1775120400000,79.12,79.19,78.98,79.13,11997.939
1775120700000,79.13,79.19,78.93,78.96,22654.758
1775121000000,78.97,79.22,78.97,79.21,6729.052
1775121300000,79.21,79.21,79.02,79.04,7365.949
1775121600000,79.04,79.14,79.04,79.08,6360.978
1775121900000,79.08,79.36,79.08,79.33,11476.914
1775122200000,79.32,79.35,79.22,79.28,9297.76
1775122500000,79.28,79.34,79.23,79.26,3273.428
1775122800000,79.27,79.32,79.14,79.25,6061.889
1775123100000,79.26,79.29,79.17,79.2,3193.738
1775123400000,79.2,79.23,79.16,79.19,4002.269
1775123700000,79.18,79.27,79.18,79.26,1539.463
1775124000000,79.27,79.32,79.21,79.23,4177.828
1775124300000,79.22,79.26,79.08,79.12,4889.725
1775124600000,79.13,79.15,78.88,78.88,17475.917
1775124900000,78.88,79.01,78.8,78.96,9152.498
1775125200000,78.96,79.02,78.96,79.0,2521.857
1775125500000,79.01,79.04,78.93,78.93,5359.221
1775125800000,78.93,79.08,78.93,79.06,3539.907
1775126100000,79.05,79.1,78.85,78.9,6189.465
1775126400000,78.9,79.04,78.9,78.94,5973.952
1775126700000,78.95,78.96,78.84,78.84,7917.859
1775127000000,78.85,78.91,78.8,78.89,3955.393
1775127300000,78.9,78.94,78.85,78.9,7837.973
1775127600000,78.9,78.99,78.86,78.97,7374.983
1775127900000,78.97,78.97,78.81,78.82,11344.196
1775128200000,78.82,78.87,78.6,78.65,19769.813
1775128500000,78.64,78.8,78.31,78.8,35604.852
1775128800000,78.79,78.88,78.75,78.81,4750.347
1775129100000,78.81,78.86,78.76,78.78,5055.286
1775129400000,78.77,78.81,78.66,78.67,2318.274
1775129700000,78.67,78.71,78.54,78.6,9101.92
1775130000000,78.59,78.6,78.53,78.58,5429.188
1775130300000,78.58,78.6,78.45,78.49,8593.42
1775130600000,78.49,78.6,78.39,78.44,18833.062
1775130900000,78.44,78.46,78.2,78.31,20079.262
1775131200000,78.32,78.44,78.22,78.3,24526.72
1775131500000,78.31,78.4,78.13,78.3,14873.609
1775131800000,78.29,78.36,78.16,78.24,13214.642
1775132100000,78.23,78.27,78.06,78.08,13456.566
1775132400000,78.08,78.54,78.07,78.53,16772.943
1775132700000,78.53,78.59,78.31,78.32,12766.292
1775133000000,78.33,78.35,78.21,78.28,11726.196
1775133300000,78.28,78.3,78.13,78.2,9799.156
1775133600000,78.2,78.27,78.15,78.24,8906.053
1775133900000,78.23,78.3,77.92,78.04,38534.852
1775134200000,78.05,78.18,77.93,77.97,18213.366
1775134500000,77.97,78.0,77.9,77.97,15021.553
1775134800000,77.96,78.11,77.85,78.1,25495.032
1775135100000,78.09,78.25,77.88,77.92,15947.549
1775135400000,77.92,77.94,77.58,77.6,35934.887
1775135700000,77.59,77.66,77.33,77.41,35033.675
1775136000000,77.41,77.53,77.37,77.48,21716.074
1775136300000,77.48,77.67,77.43,77.45,22468.804
1775136600000,77.44,77.62,77.1,77.13,55467.097
1775136900000,77.13,77.13,76.7,76.9,71378.985
1775137200000,76.9,77.05,76.84,76.94,24303.241
1775137500000,76.94,77.39,76.89,77.31,25475.997
1775137800000,77.31,77.59,77.28,77.53,25171.443
1775138100000,77.53,77.89,77.5,77.74,24475.857
1775138400000,77.74,77.78,77.51,77.68,13485.171
1775138700000,77.67,78.16,77.61,77.93,15588.615
1775139000000,77.92,78.16,77.84,78.09,44351.411
1775139300000,78.08,78.2,77.85,78.06,42448.733
1775139600000,78.05,78.44,77.95,78.39,30540.055
1775139900000,78.39,78.46,78.11,78.39,25925.521
1775140200000,78.39,79.12,78.39,79.02,35488.728
1775140500000,79.01,79.73,78.94,79.32,66965.891
1775140800000,79.31,79.5,79.0,79.5,35900.427
1775141100000,79.51,79.53,78.83,78.94,21913.747
1775141400000,78.94,79.15,78.83,79.13,12063.16
1775141700000,79.14,79.44,79.07,79.07,19381.776
1775142000000,79.07,79.25,78.84,79.19,19881.745
1775142300000,79.19,79.19,78.91,78.97,7460.339
1775142600000,78.98,79.11,78.95,79.0,15414.879
1775142900000,79.0,79.0,78.72,78.75,16014.069
1775143200000,78.74,78.75,78.35,78.69,23551.563
1775143500000,78.69,78.76,78.61,78.71,8770.366
1775143800000,78.71,78.74,78.56,78.64,8410.867
1775144100000,78.65,79.12,78.56,79.03,19505.427
1775144400000,79.02,79.22,78.8,79.2,13920.352
1775144700000,79.2,79.23,78.97,79.0,6269.517
1775145000000,78.99,79.07,78.83,79.05,11484.633
1775145300000,79.06,79.06,78.89,79.03,4953.108
1775145600000,79.03,79.1,78.94,78.96,7920.309
1775145900000,78.96,79.1,78.93,79.07,12265.445
1775146200000,79.07,79.15,78.96,79.01,7545.725
1775146500000,79.01,79.02,78.83,78.84,8778.533
1775146800000,78.85,78.98,78.71,78.87,6259.197
1775147100000,78.87,79.11,78.81,79.05,5884.341
1775147400000,79.04,79.4,79.02,79.36,13329.783
1775147700000,79.36,79.62,79.26,79.6,15572.91
1775148000000,79.6,79.88,79.44,79.62,55143.57
1775148300000,79.63,79.73,79.48,79.55,10182.446
1775148600000,79.54,79.67,79.51,79.65,12030.161
1775148900000,79.66,79.66,79.43,79.43,4078.419
1775149200000,79.42,79.43,78.93,79.03,25485.209
1775149500000,79.03,79.27,78.97,79.24,10093.994
1775149800000,79.24,79.41,79.14,79.36,5685.368
1775150100000,79.36,79.67,79.35,79.54,14248.249
1775150400000,79.54,79.64,79.47,79.61,6968.123
1775150700000,79.62,79.64,79.52,79.52,10657.131
1775151000000,79.53,79.59,79.28,79.28,12014.414
1775151300000,79.28,79.29,79.01,79.1,10190.701
1775151600000,79.1,79.17,78.97,79.05,8448.981
1775151900000,79.05,79.11,78.85,78.85,11226.443
1775152200000,78.86,78.95,78.72,78.79,12535.127
1775152500000,78.8,78.86,78.55,78.59,14941.793
1775152800000,78.59,78.75,78.59,78.68,8630.003
1775153100000,78.67,78.76,78.43,78.48,6848.635
1775153400000,78.47,78.93,78.47,78.78,14578.073
1775153700000,78.79,78.91,78.73,78.84,9386.222
1775154000000,78.85,78.98,78.78,78.79,13973.584
1775154300000,78.79,78.79,78.57,78.58,5473.562
1775154600000,78.59,78.71,78.58,78.58,4347.981
1775154900000,78.58,78.7,78.57,78.59,7828.925
1775155200000,78.59,78.77,78.56,78.75,5405.452
1775155500000,78.76,78.99,78.76,78.93,6136.244
1775155800000,78.94,79.28,78.91,79.13,12438.923
1775156100000,79.13,79.14,79.05,79.13,12535.239
1775156400000,79.13,79.23,79.02,79.04,6359.758
1775156700000,79.05,79.13,79.05,79.09,3383.211
1775157000000,79.09,79.25,79.09,79.13,6881.674
1775157300000,79.14,79.15,79.01,79.09,6234.078
1775157600000,79.09,79.1,78.87,79.04,9047.986
1775157900000,79.04,79.12,78.99,79.02,7884.165
1775158200000,79.02,79.05,78.7,78.79,15336.487
1775158500000,78.8,78.85,78.73,78.85,3897.588
1775158800000,78.84,78.98,78.84,78.9,4361.803
1775159100000,78.9,79.0,78.85,78.97,3296.847
1775159400000,78.98,79.14,78.98,79.11,7732.307
1775159700000,79.12,79.17,78.87,78.98,16415.532
1775160000000,78.99,78.99,78.77,78.88,4698.126
1775160300000,78.88,79.14,78.86,79.05,9602.807
1775160600000,79.05,79.13,78.99,79.0,8217.662
1775160900000,79.0,79.35,78.99,79.34,14067.921
1775161200000,79.33,79.34,79.04,79.06,7547.591
1775161500000,79.06,79.29,79.02,79.26,9331.583
1775161800000,79.26,79.29,79.11,79.17,7087.001
1775162100000,79.17,79.37,79.16,79.34,9028.633
1775162400000,79.34,79.34,79.17,79.22,6205.723
1775162700000,79.22,79.22,79.13,79.18,5218.574
1775163000000,79.17,79.23,79.14,79.21,5739.943
1775163300000,79.2,79.23,79.15,79.16,2477.295
1775163600000,79.17,79.24,79.06,79.07,6697.955
1775163900000,79.07,79.13,79.04,79.05,5600.329
1775164200000,79.04,79.05,78.63,78.83,20528.549
1775164500000,78.84,79.0,78.81,78.98,2999.751
1775164800000,78.97,79.07,78.83,78.84,2924.335
1775165100000,78.85,79.01,78.84,78.96,2978.933
1775165400000,78.96,79.01,78.93,78.93,3552.83
1775165700000,78.93,78.93,78.81,78.84,3022.277
1775166000000,78.84,78.85,78.7,78.77,4877.858
1775166300000,78.77,78.85,78.77,78.81,2445.673
1775166600000,78.8,78.96,78.8,78.91,2564.309
1775166900000,78.9,78.97,78.88,78.97,2398.182
1775167200000,78.96,79.14,78.9,79.1,10655.91
1775167500000,79.11,79.13,79.01,79.06,3996.334
1775167800000,79.05,79.1,78.98,79.0,4850.578
1775168100000,79.0,79.1,79.0,79.04,4094.032
1775168400000,79.05,79.07,78.86,78.88,3007.889
1775168700000,78.88,78.91,78.73,78.89,11993.899
1775169000000,78.89,79.07,78.89,79.02,2852.472
1775169300000,79.01,79.08,78.96,79.08,2897.039
1775169600000,79.08,79.14,79.05,79.09,3357.256
1775169900000,79.08,79.08,78.98,79.05,3001.181
1775170200000,79.05,79.1,79.03,79.04,3095.256
1775170500000,79.03,79.09,78.96,78.99,3924.705
1775170800000,78.99,79.0,78.89,78.95,7237.11
1775171100000,78.96,79.01,78.85,78.91,3585.795
1775171400000,78.92,78.93,78.8,78.88,3239.75
1775171700000,78.88,79.02,78.85,78.96,5093.039
1775172000000,78.95,79.15,78.95,79.08,8267.758
1775172300000,79.07,79.07,78.92,78.93,3296.243
1775172600000,78.94,78.98,78.86,78.97,5135.866
1775172900000,78.98,78.98,78.86,78.91,2151.124
1775173200000,78.92,78.98,78.89,78.9,2116.355
1775173500000,78.89,78.94,78.82,78.9,4159.711
1775173800000,78.9,78.96,78.87,78.95,8067.556
1775174100000,78.96,78.99,78.91,78.94,2300.746
1775174400000,78.95,79.03,78.95,79.0,2546.247
1775174700000,79.01,79.03,78.87,78.96,4969.752
1775175000000,78.95,79.03,78.92,79.02,3661.521
1775175300000,79.02,79.1,78.97,79.09,2635.999
1775175600000,79.1,79.38,79.09,79.34,7383.194
1775175900000,79.34,79.34,79.13,79.21,4968.537
1775176200000,79.21,79.22,79.15,79.2,3940.987
1775176500000,79.2,79.34,79.2,79.21,7145.514
1775176800000,79.21,79.29,79.0,79.25,20390.453
1775177100000,79.25,79.26,79.15,79.24,5927.56
1775177400000,79.24,79.27,79.13,79.15,8885.933
1775177700000,79.14,79.23,79.12,79.23,5672.622
1775178000000,79.23,79.31,79.19,79.31,4929.485
1775178300000,79.31,79.44,79.21,79.32,5534.206
1775178600000,79.33,79.38,79.24,79.38,5898.668
1775178900000,79.37,79.4,79.3,79.34,2642.765
1775179200000,79.34,79.57,79.3,79.5,9430.88
1775179500000,79.5,79.72,79.5,79.67,9617.5
1775179800000,79.67,79.79,79.46,79.47,12797.62
1775180100000,79.47,79.47,79.04,79.09,10079.103
1775180400000,79.09,79.25,79.09,79.19,11979.441
1775180700000,79.18,79.22,79.0,79.16,10444.158
1775181000000,79.16,79.19,79.07,79.14,5463.602
1775181300000,79.15,79.2,79.12,79.17,3627.724
1775181600000,79.18,79.18,79.03,79.07,2885.504
1775181900000,79.07,79.11,78.96,78.99,2556.479
1775182200000,78.99,79.16,78.88,79.12,12882.221
1775182500000,79.13,79.6,79.12,79.6,17680.465
1775182800000,79.6,79.6,79.3,79.36,5217.369
1775183100000,79.37,79.4,79.08,79.11,4540.632
1775183400000,79.11,79.15,78.85,79.15,12958.637
1775183700000,79.14,79.2,78.94,78.94,3803.598
1775184000000,78.94,79.09,78.9,79.01,4990.712
1775184300000,79.0,79.12,78.96,79.1,9148.906
1775184600000,79.09,79.47,79.08,79.3,15602.308
1775184900000,79.31,79.38,79.24,79.34,7092.06
1775185200000,79.34,79.45,79.17,79.19,30732.027
1775185500000,79.19,79.36,79.16,79.23,4250.649
1775185800000,79.22,79.32,79.16,79.31,8104.324
1775186100000,79.31,79.35,79.22,79.26,3178.937
1775186400000,79.25,79.4,79.24,79.36,6811.227
1775186700000,79.37,79.44,79.15,79.2,3664.339
1775187000000,79.19,79.35,79.17,79.31,6196.884
1775187300000,79.31,79.32,79.08,79.15,5082.751
1775187600000,79.16,79.16,79.04,79.14,7939.065
1775187900000,79.13,79.19,79.11,79.11,2582.128
1775188200000,79.12,79.15,79.05,79.06,7868.762
1775188500000,79.07,79.12,78.99,79.0,10836.263
1775188800000,79.0,79.31,78.99,79.16,17730.533
1775189100000,79.16,79.27,79.14,79.2,4545.498
1775189400000,79.19,79.45,79.17,79.41,13714.713
1775189700000,79.4,79.53,79.25,79.27,26647.051
1775190000000,79.27,79.28,79.12,79.17,4486.923
1775190300000,79.17,79.2,79.05,79.06,12340.001
1775190600000,79.06,79.26,79.0,79.11,16483.075
1775190900000,79.12,79.19,79.09,79.16,3668.066
1775191200000,79.15,79.27,79.15,79.27,1903.483
1775191500000,79.27,79.43,79.26,79.39,4616.16
1775191800000,79.38,79.38,79.26,79.33,2045.897
1775192100000,79.33,79.37,79.28,79.32,2954.002
1775192400000,79.32,79.42,79.29,79.38,1960.014
1775192700000,79.38,79.4,79.3,79.38,3507.654
1775193000000,79.38,79.38,79.33,79.35,2965.921
1775193300000,79.34,79.34,79.06,79.2,5744.092
1775193600000,79.2,79.24,79.14,79.16,1654.506
1775193900000,79.16,79.33,79.15,79.33,3540.152
1775194200000,79.33,79.65,79.33,79.48,16013.913
1775194500000,79.48,79.57,79.45,79.49,6697.684
1775194800000,79.49,79.55,79.42,79.53,8510.44
1775195100000,79.53,79.53,79.46,79.47,971.885
1775195400000,79.47,79.47,79.28,79.29,5999.732
1775195700000,79.29,79.37,79.24,79.33,5624.824
1775196000000,79.33,79.39,79.24,79.24,4700.896
1775196300000,79.24,79.35,79.2,79.26,5420.031
1775196600000,79.26,79.37,79.25,79.36,2495.432
1775196900000,79.36,79.36,79.24,79.31,3176.145
1775197200000,79.31,79.4,79.25,79.35,2324.66
1775197500000,79.36,79.4,79.27,79.3,1748.391
1775197800000,79.31,79.35,79.21,79.3,3702.952
1775198100000,79.31,79.63,79.3,79.5,8904.007
1775198400000,79.5,79.65,79.49,79.63,6571.907
1775198700000,79.63,79.71,79.58,79.65,5334.094
1775199000000,79.65,79.69,79.59,79.62,2305.989
1775199300000,79.61,79.68,79.6,79.65,2528.809
1775199600000,79.65,79.68,79.56,79.57,3351.382
1775199900000,79.56,79.66,79.51,79.64,3334.022
1775200200000,79.64,79.65,79.5,79.55,2227.13
1775200500000,79.55,79.6,79.45,79.54,1787.706
1775200800000,79.54,79.6,79.52,79.54,3346.888
1775201100000,79.53,79.63,79.53,79.62,3339.933
1775201400000,79.63,79.79,79.54,79.78,14072.842
1775201700000,79.78,80.16,79.78,79.93,39562.98
1775202000000,79.93,79.96,79.84,79.89,9938.887
1775202300000,79.89,79.9,79.81,79.88,10697.895
1775202600000,79.89,79.99,79.77,79.93,23140.426
1775202900000,79.93,79.99,79.89,79.96,19913.376
1775203200000,79.96,80.01,79.86,80.01,6523.337
1775203500000,80.01,80.12,79.97,80.12,9650.524
1775203800000,80.11,80.17,80.02,80.02,10228.632
1775204100000,80.01,80.07,79.98,80.04,6862.478
1775204400000,80.03,80.05,79.94,79.95,5737.834
1775204700000,79.95,79.96,79.76,79.78,9987.199
1775205000000,79.78,79.96,79.76,79.92,7907.273
1775205300000,79.91,79.92,79.74,79.77,2848.356
1775205600000,79.76,79.81,79.64,79.71,10162.37
1775205900000,79.71,79.81,79.65,79.8,4691.081
1775206200000,79.8,79.85,79.74,79.75,7067.345
1775206500000,79.75,79.81,79.7,79.77,6091.866
1775206800000,79.77,79.86,79.75,79.77,3158.751
1775207100000,79.77,79.77,79.7,79.73,4585.425
1775207400000,79.73,80.06,79.71,80.06,18524.342
1775207700000,80.06,80.21,79.96,80.0,24833.711
1775208000000,79.99,79.99,79.72,79.81,14899.056
1775208300000,79.8,79.83,79.65,79.81,14213.909
1775208600000,79.8,79.89,79.73,79.85,12581.738
1775208900000,79.84,79.9,79.78,79.89,5176.075
1775209200000,79.88,80.08,79.88,80.05,5343.633
1775209500000,80.06,80.06,79.9,79.99,4909.286
1775209800000,79.98,80.02,79.88,79.92,5732.683
1775210100000,79.92,79.97,79.88,79.96,3392.811
1775210400000,79.96,79.99,79.89,79.91,4034.077
1775210700000,79.9,79.94,79.8,79.88,3231.477
1775211000000,79.87,80.02,79.84,80.0,5171.294
1775211300000,80.01,80.18,80.01,80.06,20417.834
1775211600000,80.07,80.11,80.03,80.08,3592.013
1775211900000,80.08,80.15,79.83,79.84,17400.378
1775212200000,79.84,79.84,79.7,79.79,6487.925
1775212500000,79.79,79.8,79.69,79.72,2960.496
1775212800000,79.71,79.88,79.71,79.85,3248.721
1775213100000,79.85,80.02,79.85,79.96,7595.081
1775213400000,79.96,80.08,79.94,80.0,4111.925
1775213700000,80.0,80.2,79.92,80.15,11329.922
1775214000000,80.16,80.47,80.14,80.25,25406.949
1775214300000,80.25,80.26,80.08,80.1,9154.417
1775214600000,80.1,80.14,80.03,80.06,3752.624
1775214900000,80.05,80.1,80.0,80.03,2464.085
1775215200000,80.03,80.21,80.02,80.13,2855.174
1775215500000,80.14,80.15,80.05,80.06,2382.111
1775215800000,80.07,80.12,80.0,80.02,4190.306
1775216100000,80.01,80.11,80.0,80.0,4222.944
1775216400000,80.0,80.1,80.0,80.05,3004.837
1775216700000,80.06,80.1,79.98,79.98,4356.469
1775217000000,79.98,79.99,79.89,79.92,8770.259
1775217300000,79.91,80.2,79.89,80.18,20993.695
1775217600000,80.18,80.29,80.16,80.17,5761.084
1775217900000,80.17,80.23,80.12,80.15,2838.054
1775218200000,80.15,80.15,80.01,80.13,3088.739
1775218500000,80.14,80.18,80.04,80.1,2568.235
1775218800000,80.11,80.16,80.06,80.07,2993.433
1775219100000,80.08,80.3,80.08,80.23,9095.672
1775219400000,80.23,80.91,79.81,79.97,74420.126
1775219700000,79.97,80.05,79.74,79.79,13044.418
1775220000000,79.78,79.88,79.71,79.8,7381.845
1775220300000,79.79,79.88,79.48,79.48,11362.605
1775220600000,79.48,79.51,79.23,79.4,24363.437
1775220900000,79.4,79.46,79.32,79.34,8937.702
1775221200000,79.34,79.4,79.17,79.18,7933.12
1775221500000,79.18,79.4,79.17,79.27,13860.696
1775221800000,79.27,79.36,79.18,79.31,14402.579
1775222100000,79.3,79.34,79.21,79.27,6888.937
1775222400000,79.27,79.41,79.25,79.38,7881.194
1775222700000,79.37,79.46,79.35,79.46,6828.401
1775223000000,79.46,79.49,79.35,79.42,20336.471
1775223300000,79.42,79.52,79.39,79.39,5578.807
1775223600000,79.39,79.45,79.38,79.42,2664.547
1775223900000,79.42,79.46,79.25,79.27,4341.51
1775224200000,79.27,79.55,79.26,79.53,5135.236
1775224500000,79.53,79.62,79.51,79.6,8286.87
1775224800000,79.6,79.82,79.43,79.72,7585.079
1775225100000,79.72,79.89,79.72,79.82,8966.538
1775225400000,79.82,79.85,79.74,79.85,8413.72
1775225700000,79.84,79.84,79.68,79.8,4529.686
1775226000000,79.8,79.96,79.79,79.91,5703.677
1775226300000,79.91,80.05,79.9,80.01,20493.533
1775226600000,80.01,80.04,79.88,79.89,5215.093
1775226900000,79.89,79.93,79.75,79.89,4401.722
1775227200000,79.89,79.9,79.83,79.84,3997.362
1775227500000,79.83,80.0,79.83,80.0,3063.357
1775227800000,79.99,80.15,79.99,80.08,4837.753
1775228100000,80.08,80.33,80.02,80.25,22348.071
1775228400000,80.24,80.45,80.14,80.39,14114.822
1775228700000,80.4,80.48,80.35,80.47,10390.261
1775229000000,80.46,80.59,80.32,80.45,19326.01
1775229300000,80.45,80.45,80.26,80.28,7685.542
1775229600000,80.29,80.45,80.21,80.44,5618.35
1775229900000,80.45,80.57,80.37,80.43,10861.379
1775230200000,80.42,80.44,80.33,80.33,7184.212
1775230500000,80.32,80.43,80.22,80.43,9034.8
1775230800000,80.43,80.54,80.38,80.44,6788.976
1775231100000,80.44,80.51,80.28,80.38,16345.19
1775231400000,80.38,80.65,80.38,80.47,14407.272
1775231700000,80.47,80.48,80.31,80.33,9948.442
1775232000000,80.33,80.42,80.26,80.38,13253.402
1775232300000,80.39,80.43,80.27,80.27,10768.462
1775232600000,80.28,80.36,80.23,80.34,12671.807
1775232900000,80.35,80.46,80.31,80.44,6264.02
1775233200000,80.44,80.49,80.42,80.45,5213.561
1775233500000,80.45,80.57,80.41,80.51,16376.285
1775233800000,80.51,80.67,80.49,80.54,14002.246
1775234100000,80.54,80.59,80.4,80.47,13388.415
1775234400000,80.47,80.51,80.34,80.42,7713.955
1775234700000,80.42,80.57,80.39,80.49,8689.613
1775235000000,80.49,80.6,80.47,80.59,5477.833
1775235300000,80.6,80.63,80.5,80.56,11346.394
1775235600000,80.55,80.56,80.42,80.46,4292.092
1775235900000,80.45,80.49,80.39,80.49,4193.628
1775236200000,80.49,80.53,80.35,80.35,6029.095
1775236500000,80.35,80.35,79.89,80.0,12362.156
1775236800000,80.01,80.22,79.96,80.2,8354.719
1775237100000,80.21,80.21,80.07,80.11,5794.003
1775237400000,80.12,80.27,80.11,80.18,5781.791
1775237700000,80.18,80.25,80.15,80.19,4504.382
1775238000000,80.19,80.22,80.16,80.22,3314.254
1775238300000,80.23,80.24,80.12,80.16,5990.204
1775238600000,80.15,80.2,80.12,80.19,3896.648
1775238900000,80.19,80.3,80.18,80.2,4902.898
1775239200000,80.19,80.23,80.12,80.19,3478.428
1775239500000,80.18,80.24,80.15,80.17,4685.604
1775239800000,80.18,80.24,80.08,80.22,8306.674
1775240100000,80.21,80.4,80.12,80.36,9764.278
1775240400000,80.37,80.45,80.35,80.38,7173.633
1775240700000,80.39,80.41,80.28,80.28,4565.853
1775241000000,80.29,80.44,80.25,80.4,9198.383
1775241300000,80.4,80.42,80.22,80.23,5278.004
1775241600000,80.22,80.25,80.2,80.22,5581.623
1775241900000,80.23,80.27,80.13,80.15,10283.884
1775242200000,80.16,80.24,80.15,80.19,9467.231
1775242500000,80.19,80.19,80.11,80.13,7375.17
1775242800000,80.13,80.17,79.97,79.99,9756.649
1775243100000,79.99,80.04,79.95,80.01,7352.979
1775243400000,80.01,80.03,79.87,80.0,13225.608
1775243700000,80.0,80.1,79.95,80.02,9202.619
1775244000000,80.02,80.21,80.02,80.15,5083.087
1775244300000,80.15,80.15,80.08,80.11,3087.766
1775244600000,80.1,80.18,80.09,80.18,5466.569
1775244900000,80.18,80.19,80.09,80.11,3443.409
1775245200000,80.12,80.19,80.1,80.16,4473.474
1775245500000,80.16,80.29,80.15,80.28,5214.611
1775245800000,80.28,80.3,80.24,80.26,4597.718
1775246100000,80.26,80.26,80.17,80.21,3182.623
1775246400000,80.21,80.26,80.16,80.25,3185.94
1775246700000,80.25,80.3,80.2,80.29,4573.826
1775247000000,80.29,80.31,80.21,80.31,6463.559
1775247300000,80.31,80.33,80.22,80.25,4364.451
1775247600000,80.26,80.32,80.21,80.21,3648.063
1775247900000,80.22,80.25,80.2,80.23,3023.21
1775248200000,80.23,80.31,80.23,80.28,4121.343
1775248500000,80.28,80.31,80.2,80.31,2948.085
1775248800000,80.31,80.33,80.27,80.27,4660.332
1775249100000,80.27,80.3,80.22,80.28,2620.442
1775249400000,80.28,80.28,80.21,80.22,2617.076
1775249700000,80.22,80.26,80.2,80.2,2021.934
1775250000000,80.2,80.25,80.14,80.15,2789.972
1775250300000,80.14,80.26,80.12,80.25,3625.144
1775250600000,80.25,80.45,80.22,80.36,9854.537
1775250900000,80.37,80.44,80.32,80.33,3264.168
1775251200000,80.32,80.38,80.27,80.28,4033.418
1775251500000,80.28,80.36,80.28,80.33,4356.644
1775251800000,80.33,80.35,80.3,80.34,3170.936
1775252100000,80.35,80.44,80.35,80.39,4802.156
1775252400000,80.39,80.56,80.39,80.51,7663.753
1775252700000,80.52,80.66,80.37,80.61,11603.33
1775253000000,80.6,80.73,80.39,80.46,25310.513
1775253300000,80.46,80.5,80.4,80.4,4184.382
1775253600000,80.41,80.5,80.34,80.42,7021.953
1775253900000,80.42,80.48,80.27,80.27,6631.609
1775254200000,80.27,80.33,80.25,80.29,3843.6
1775254500000,80.29,80.35,80.27,80.32,3926.266
1775254800000,80.32,80.39,80.25,80.26,2720.647
1775255100000,80.26,80.35,80.21,80.32,9002.567
1775255400000,80.31,80.33,80.22,80.25,2521.768
1775255700000,80.25,80.29,80.2,80.2,2453.211
1775256000000,80.21,80.23,80.13,80.15,6342.205
1775256300000,80.16,80.16,79.92,80.1,18076.596
1775256600000,80.11,80.17,80.08,80.14,4473.74
1775256900000,80.15,80.2,80.15,80.15,2739.381
1775257200000,80.16,80.19,80.13,80.17,3457.86
1775257500000,80.16,80.25,80.16,80.24,2877.669
1775257800000,80.25,80.27,80.18,80.25,3597.301
1775258100000,80.26,80.29,80.22,80.25,3274.511
1775258400000,80.25,80.28,80.19,80.28,5323.734
1775258700000,80.29,80.32,80.21,80.31,6141.103
1775259000000,80.32,80.54,80.21,80.23,21605.241
1775259300000,80.23,80.26,80.15,80.21,6263.317
1775259600000,80.2,80.26,80.2,80.24,3005.657
1775259900000,80.25,80.37,80.25,80.37,3383.764
1775260200000,80.36,80.41,80.35,80.37,3530.005
1775260500000,80.37,80.41,80.35,80.4,2959.071
1775260800000,80.39,80.42,80.31,80.31,5513.871
1775261100000,80.31,80.31,80.23,80.27,4777.142
1775261400000,80.27,80.29,80.15,80.16,11153.358
1775261700000,80.17,80.25,80.15,80.25,3926.332
1775262000000,80.25,80.33,80.23,80.31,4922.58
1775262300000,80.31,80.35,80.24,80.24,6319.475
1775262600000,80.25,80.34,80.21,80.29,6140.631
1775262900000,80.29,80.32,80.27,80.3,2410.386
1775263200000,80.3,80.32,80.26,80.29,3097.144
1775263500000,80.29,80.31,80.22,80.25,3993.738
1775263800000,80.26,80.26,80.2,80.21,2088.639
1775264100000,80.21,80.24,80.17,80.24,2643.253
1775264400000,80.23,80.27,80.2,80.27,2778.098
1775264700000,80.27,80.34,80.27,80.29,4528.235
1775265000000,80.29,80.32,80.08,80.14,8825.043
1775265300000,80.14,80.14,80.07,80.11,5421.418
1775265600000,80.11,80.12,80.08,80.11,3741.852
1775265900000,80.12,80.12,80.07,80.08,7072.731
1775266200000,80.08,80.12,80.06,80.11,4531.208
1775266500000,80.11,80.17,80.09,80.16,4118.796
1775266800000,80.17,80.17,80.1,80.11,5726.601
1775267100000,80.11,80.15,80.09,80.11,2967.051
1775267400000,80.11,80.13,80.1,80.1,2172.754
1775267700000,80.11,80.15,80.08,80.14,3089.812
1775268000000,80.14,80.26,80.11,80.26,3034.09
1775268300000,80.26,80.34,80.17,80.18,6085.443
1775268600000,80.17,80.19,80.07,80.16,5759.914
1775268900000,80.16,80.22,80.13,80.2,13073.157
1775269200000,80.2,80.22,80.16,80.17,3408.813
1775269500000,80.17,80.2,80.16,80.18,2286.738
1775269800000,80.19,80.28,80.17,80.26,5856.984
1775270100000,80.27,80.27,80.21,80.22,2221.559
1775270400000,80.21,80.22,80.08,80.14,8184.713
1775270700000,80.15,80.16,80.09,80.16,6408.73
1775271000000,80.16,80.17,80.11,80.12,1958.708
1775271300000,80.12,80.19,80.11,80.19,6881.959
1775271600000,80.18,80.27,80.18,80.2,1864.266
1775271900000,80.2,80.26,80.19,80.25,1597.033
1775272200000,80.26,80.29,80.25,80.26,1690.524
1775272500000,80.26,80.27,80.18,80.19,405.74
1775272800000,80.18,80.24,80.18,80.22,1428.667
1775273100000,80.21,80.21,80.18,80.2,595.26
1775273400000,80.2,80.21,80.17,80.2,561.777
1775273700000,80.21,80.23,80.17,80.18,5407.212
1775274000000,80.17,80.26,80.17,80.25,1147.61
1775274300000,80.25,80.28,80.22,80.27,9592.582
1775274600000,80.27,80.27,80.21,80.24,1646.343
1775274900000,80.24,80.25,80.16,80.18,3081.649
1775275200000,80.18,80.19,80.15,80.16,877.117
1775275500000,80.16,80.22,80.15,80.21,793.619
1775275800000,80.22,80.25,80.17,80.17,1759.794
1775276100000,80.18,80.21,80.16,80.19,2298.123
1775276400000,80.18,80.22,80.18,80.21,1338.445
1775276700000,80.21,80.29,80.2,80.24,1775.302
1775277000000,80.24,80.25,80.2,80.21,709.86
1775277300000,80.21,80.27,80.2,80.26,925.028
1775277600000,80.25,80.3,80.23,80.3,1851.623
1775277900000,80.29,80.32,80.23,80.26,2220.786
1775278200000,80.26,80.26,80.2,80.24,1709.367
1775278500000,80.25,80.29,80.22,80.26,3716.217
1775278800000,80.26,80.27,80.11,80.18,3942.105
1775279100000,80.19,80.23,80.14,80.23,1161.367
1775279400000,80.23,80.24,80.17,80.2,17597.824
1775279700000,80.21,80.22,80.12,80.14,15973.546
1775280000000,80.15,80.22,80.15,80.18,759.84
1775280300000,80.18,80.18,80.11,80.15,3009.254
1775280600000,80.16,80.3,80.16,80.27,3303.809
1775280900000,80.26,80.27,80.18,80.2,1362.004
1775281200000,80.19,80.21,80.15,80.17,1882.736
1775281500000,80.16,80.21,80.14,80.15,2867.015
1775281800000,80.15,80.21,80.13,80.18,1385.915
1775282100000,80.18,80.21,80.16,80.2,4044.888
1775282400000,80.19,80.21,80.15,80.15,2778.483
1775282700000,80.16,80.21,80.14,80.18,2154.411
1775283000000,80.18,80.31,80.18,80.29,3586.162
1775283300000,80.29,80.32,80.26,80.32,2217.863
1775283600000,80.32,80.39,80.27,80.29,3441.852
1775283900000,80.3,80.32,80.23,80.32,2089.847
1775284200000,80.32,80.33,80.26,80.29,2851.993
1775284500000,80.28,80.29,80.25,80.26,650.373
1775284800000,80.26,80.34,80.24,80.33,707.001
1775285100000,80.34,80.42,80.34,80.42,1337.72
1775285400000,80.41,80.54,80.38,80.54,3352.792
1775285700000,80.54,80.54,80.46,80.46,1324.968
1775286000000,80.47,80.49,80.4,80.4,6216.549
1775286300000,80.41,80.43,80.34,80.35,1914.132
1775286600000,80.36,80.37,80.3,80.35,1507.437
1775286900000,80.35,80.36,80.25,80.25,2097.892
1775287200000,80.25,80.27,80.23,80.24,1472.206
1775287500000,80.25,80.29,80.24,80.25,3503.897
1775287800000,80.26,80.28,80.24,80.26,2100.856
1775288100000,80.26,80.3,80.25,80.28,1712.467
1775288400000,80.28,80.32,80.26,80.26,1561.402
1775288700000,80.26,80.27,80.21,80.25,1460.865
1775289000000,80.25,80.28,80.23,80.28,1486.719
1775289300000,80.28,80.32,80.26,80.32,1685.769
1775289600000,80.32,80.36,80.31,80.32,1545.178
1775289900000,80.33,80.4,80.29,80.29,1358.174
1775290200000,80.29,80.32,80.27,80.3,1106.725
1775290500000,80.3,80.31,80.26,80.29,724.006
1775290800000,80.29,80.32,80.26,80.28,2417.938
1775291100000,80.29,80.31,80.26,80.29,854.567
1775291400000,80.29,80.29,80.13,80.14,1752.95
1775291700000,80.13,80.21,80.13,80.16,1714.965
1775292000000,80.17,80.19,80.13,80.15,1365.39
1775292300000,80.14,80.15,80.09,80.12,941.643
1775292600000,80.12,80.12,79.95,79.97,5062.774
1775292900000,79.96,80.02,79.93,79.99,2781.111
1775293200000,79.98,80.0,79.93,79.95,2240.465
1775293500000,79.96,80.04,79.94,80.04,3224.72
1775293800000,80.04,80.1,80.03,80.05,2157.557
1775294100000,80.06,80.06,79.98,80.02,4679.444
1775294400000,80.01,80.02,79.92,79.93,8890.75
1775294700000,79.92,80.0,79.92,80.0,3256.749
1775295000000,79.99,80.05,79.95,79.98,2753.225
1775295300000,79.97,79.99,79.97,79.99,1299.703
1775295600000,79.99,80.0,79.98,79.98,591.831
1775295900000,79.98,80.08,79.98,80.04,1644.779
1775296200000,80.04,80.05,80.03,80.05,775.827
1775296500000,80.05,80.05,80.01,80.04,802.517
1775296800000,80.04,80.13,80.03,80.1,3311.842
1775297100000,80.1,80.12,80.06,80.12,2050.186
1775297400000,80.12,80.12,80.05,80.05,3851.323
1775297700000,80.05,80.13,80.05,80.13,1468.86
1775298000000,80.13,80.14,80.07,80.13,7891.268
1775298300000,80.12,80.19,80.09,80.16,2328.016
1775298600000,80.17,80.21,80.02,80.05,9246.353
1775298900000,80.05,80.21,80.03,80.16,3738.825
1775299200000,80.16,80.28,80.13,80.19,5856.147
1775299500000,80.2,80.28,80.15,80.25,3761.054
1775299800000,80.25,80.29,80.23,80.24,2752.665
1775300100000,80.24,80.24,80.2,80.24,2371.944
1775300400000,80.23,80.29,80.19,80.2,3046.476
1775300700000,80.21,80.25,80.16,80.22,3694.305
1775301000000,80.22,80.22,80.15,80.18,3270.02
1775301300000,80.19,80.2,80.11,80.15,2950.918
1775301600000,80.15,80.17,80.07,80.08,6533.739
1775301900000,80.08,80.21,80.04,80.2,6284.085
1775302200000,80.21,80.23,80.19,80.2,2861.433
1775302500000,80.2,80.23,80.2,80.21,899.969
1775302800000,80.22,80.27,80.2,80.24,4615.098
1775303100000,80.25,80.27,80.22,80.23,2982.93
1775303400000,80.23,80.25,80.2,80.23,1657.731
1775303700000,80.23,80.24,80.17,80.21,4766.871
1775304000000,80.2,80.25,80.17,80.23,1781.622
1775304300000,80.24,80.25,80.14,80.16,3791.815
1775304600000,80.15,80.22,80.14,80.21,848.312
1775304900000,80.21,80.23,80.2,80.22,1220.51
1775305200000,80.22,80.25,80.21,80.24,1476.697
1775305500000,80.24,80.25,80.18,80.22,2847.995
1775305800000,80.21,80.24,80.2,80.21,1066.469
1775306100000,80.22,80.22,80.14,80.14,1409.798
1775306400000,80.14,80.15,80.01,80.06,5721.597
1775306700000,80.05,80.08,80.02,80.07,1667.56
1775307000000,80.07,80.11,80.06,80.1,841.678
1775307300000,80.11,80.12,80.08,80.1,834.958
1775307600000,80.11,80.12,80.06,80.06,2088.655
1775307900000,80.07,80.09,80.06,80.09,1101.306
1775308200000,80.09,80.12,80.07,80.12,3675.634
1775308500000,80.12,80.16,80.1,80.16,1716.853
1775308800000,80.15,80.2,80.12,80.15,790.479
1775309100000,80.15,80.18,80.12,80.13,2726.231
1775309400000,80.13,80.13,80.04,80.05,4490.523
1775309700000,80.06,80.26,80.02,80.16,8518.864
1775310000000,80.15,80.18,80.12,80.14,6276.804
1775310300000,80.15,80.15,80.07,80.08,1477.412
1775310600000,80.08,80.1,79.93,80.01,6305.518
1775310900000,80.02,80.13,80.01,80.03,2947.107
1775311200000,80.03,80.08,80.03,80.05,2352.716
1775311500000,80.06,80.09,80.06,80.08,1978.808
1775311800000,80.09,80.09,80.05,80.05,1914.956
1775312100000,80.06,80.08,80.01,80.07,5256.774
1775312400000,80.08,80.11,80.03,80.03,1108.956
1775312700000,80.04,80.05,79.99,80.0,3402.495
1775313000000,79.99,79.99,79.88,79.93,4532.879
1775313300000,79.92,79.95,79.71,79.76,10528.656
1775313600000,79.76,79.79,79.57,79.76,16169.606
1775313900000,79.76,79.89,79.74,79.84,4410.054
1775314200000,79.85,79.88,79.83,79.85,4171.115
1775314500000,79.84,80.37,79.84,80.36,23178.678
1775314800000,80.35,80.95,80.27,80.9,42346.569
1775315100000,80.9,81.61,80.68,81.18,134538.758
1775315400000,81.19,81.36,81.02,81.16,43548.776
1775315700000,81.15,81.16,81.05,81.11,15453.287
1775316000000,81.12,81.15,80.88,80.89,11411.806
1775316300000,80.89,80.9,80.8,80.85,10841.621
1775316600000,80.85,80.92,80.76,80.87,9262.871
1775316900000,80.87,80.95,80.87,80.94,8117.376
1775317200000,80.94,80.95,80.83,80.89,7183.741
1775317500000,80.89,80.96,80.83,80.95,3032.328
1775317800000,80.94,80.95,80.86,80.93,6912.418
1775318100000,80.94,81.12,80.93,81.1,7884.011
1775318400000,81.1,81.25,81.02,81.04,21839.509
1775318700000,81.04,81.04,80.96,80.96,7601.151
1775319000000,80.96,80.96,80.81,80.93,10735.529
1775319300000,80.94,81.04,80.92,81.02,22791.876
1775319600000,81.02,81.1,80.97,81.09,4129.685
1775319900000,81.1,81.35,81.1,81.24,10931.696
1775320200000,81.24,81.35,81.18,81.2,5184.836
1775320500000,81.21,81.3,81.2,81.23,2389.525
1775320800000,81.22,81.24,81.15,81.18,4719.05
1775321100000,81.18,81.2,81.1,81.1,6341.281
1775321400000,81.11,81.17,81.03,81.03,8402.469
1775321700000,81.04,81.11,80.7,80.74,30411.901
1775322000000,80.75,80.85,80.61,80.81,26896.882
1775322300000,80.8,80.85,80.78,80.81,2376.654
1775322600000,80.82,80.89,80.79,80.87,3960.847
1775322900000,80.87,80.95,80.87,80.9,2507.702
1775323200000,80.9,81.0,80.9,81.0,1279.489
1775323500000,81.0,81.03,80.99,81.01,1361.448
1775323800000,81.0,81.0,80.95,80.98,2015.858
1775324100000,80.98,80.99,80.87,80.89,6521.175
1775324400000,80.89,80.92,80.85,80.86,2836.507
1775324700000,80.87,80.93,80.86,80.92,984.682
1775325000000,80.93,80.99,80.92,80.96,1797.415
1775325300000,80.95,80.95,80.9,80.93,6977.775
1775325600000,80.93,81.13,80.92,81.02,5657.115
1775325900000,81.02,81.11,80.7,80.83,21863.957
1775326200000,80.84,80.84,80.74,80.79,2852.65
1775326500000,80.78,80.88,80.77,80.88,3401.315
1775326800000,80.88,80.9,80.83,80.87,3663.679
1775327100000,80.87,80.88,80.82,80.83,1667.019
1775327400000,80.83,80.84,80.77,80.83,3063.23
1775327700000,80.84,80.9,80.83,80.89,4945.57
1775328000000,80.9,80.9,80.85,80.85,1147.34
1775328300000,80.86,80.88,80.84,80.88,513.574
1775328600000,80.88,80.95,80.83,80.94,1667.313
1775328900000,80.94,80.95,80.82,80.84,5294.128
1775329200000,80.84,81.05,80.83,80.99,4329.537
1775329500000,81.0,81.16,80.8,81.08,20379.641
1775329800000,81.07,81.23,80.99,81.2,16588.073
1775330100000,81.21,81.32,81.04,81.1,11442.905
1775330400000,81.1,81.1,80.93,80.94,3678.269
1775330700000,80.94,80.98,80.82,80.87,6702.494
1775331000000,80.87,80.9,80.83,80.86,3039.984
1775331300000,80.87,80.91,80.85,80.85,1747.675
1775331600000,80.85,80.87,80.75,80.81,5025.668
1775331900000,80.81,80.86,80.79,80.86,2909.801
1775332200000,80.85,80.91,80.85,80.89,2152.544
1775332500000,80.88,80.91,80.84,80.85,2589.721
1775332800000,80.86,80.87,80.67,80.68,9745.99
1775333100000,80.69,80.71,80.62,80.71,5342.89
1775333400000,80.71,80.81,80.7,80.78,3440.436
1775333700000,80.78,80.83,80.76,80.81,1877.004
1775334000000,80.81,80.81,80.76,80.78,3163.003
1775334300000,80.79,80.83,80.76,80.8,1370.349
1775334600000,80.8,80.81,80.73,80.76,863.875
1775334900000,80.76,80.83,80.76,80.82,1684.196
1775335200000,80.82,80.85,80.8,80.8,904.538
1775335500000,80.81,80.83,80.78,80.79,1491.124
1775335800000,80.8,80.8,80.73,80.76,5574.353
1775336100000,80.76,80.81,80.75,80.81,6739.256
1775336400000,80.8,80.88,80.8,80.84,7355.472
1775336700000,80.84,80.99,80.83,80.93,35163.18
1775337000000,80.92,80.93,80.76,80.79,18325.712
1775337300000,80.8,80.88,80.77,80.87,32419.298
1775337600000,80.88,80.93,80.8,80.88,5836.439
1775337900000,80.88,80.99,80.87,80.97,13347.016
1775338200000,80.96,80.96,80.87,80.89,1874.97
1775338500000,80.89,80.95,80.84,80.94,6547.286
1775338800000,80.94,80.94,80.86,80.91,3994.703
1775339100000,80.91,80.97,80.86,80.96,14132.509
1775339400000,80.95,81.04,80.93,80.97,31189.973
1775339700000,80.97,81.02,80.89,80.92,24435.274
1775340000000,80.93,81.05,80.88,81.02,4271.36
1775340300000,81.02,81.03,80.92,80.95,12316.846
1775340600000,80.95,80.97,80.9,80.93,3826.874
1775340900000,80.93,81.0,80.9,81.0,4940.153
1775341200000,80.99,81.0,80.88,80.96,1689.726
1775341500000,80.96,80.96,80.9,80.95,1507.309
1775341800000,80.95,81.0,80.92,80.99,5192.609
1775342100000,80.99,81.0,80.93,80.93,2178.345
1775342400000,80.92,81.06,80.92,81.05,992.171
1775342700000,81.05,81.06,80.96,80.98,1278.624
1775343000000,80.98,81.01,80.95,80.99,745.487
1775343300000,80.99,81.02,80.98,81.0,1008.345
1775343600000,81.0,81.0,80.85,80.88,2608.62
1775343900000,80.87,80.91,80.8,80.9,2300.911
1775344200000,80.9,80.91,80.79,80.81,3142.622
1775344500000,80.82,80.82,80.76,80.8,1470.202
1775344800000,80.8,80.82,80.79,80.79,851.65
1775345100000,80.79,80.79,80.71,80.75,5508.397
1775345400000,80.75,80.81,80.74,80.76,1984.974
1775345700000,80.77,80.77,80.73,80.75,611.418
1775346000000,80.75,80.79,80.72,80.78,1076.693
1775346300000,80.78,80.78,80.7,80.75,2736.868
1775346600000,80.76,80.85,80.73,80.8,2895.804
1775346900000,80.8,80.85,80.78,80.83,1740.212
1775347200000,80.84,80.85,80.71,80.73,1644.862
1775347500000,80.73,80.76,80.71,80.76,1659.032
1775347800000,80.76,80.76,80.69,80.7,888.469
1775348100000,80.7,80.76,80.66,80.67,3617.565
1775348400000,80.67,80.71,80.65,80.66,2234.152
1775348700000,80.67,80.78,80.67,80.77,2909.767
1775349000000,80.78,80.78,80.7,80.7,1552.766
1775349300000,80.71,80.74,80.69,80.74,2056.943
1775349600000,80.73,80.81,80.72,80.78,3468.641
1775349900000,80.79,80.79,80.64,80.72,5220.014
1775350200000,80.73,80.73,80.63,80.67,1797.506
1775350500000,80.67,80.7,80.54,80.7,5015.706
1775350800000,80.7,80.71,80.56,80.6,2615.657
1775351100000,80.61,80.66,80.58,80.66,1918.22
1775351400000,80.66,80.75,80.64,80.7,2300.62
1775351700000,80.71,80.77,80.68,80.76,2197.883
1775352000000,80.76,80.79,80.66,80.69,2365.079
1775352300000,80.7,80.7,80.63,80.66,2651.268
1775352600000,80.66,80.67,80.6,80.65,2632.072
1775352900000,80.65,80.66,80.58,80.58,1214.18
1775353200000,80.58,80.64,80.57,80.59,2238.0
1775353500000,80.6,80.63,80.59,80.63,2583.96
1775353800000,80.62,80.64,80.57,80.58,4143.988
1775354100000,80.57,80.6,80.49,80.51,5968.661
1775354400000,80.5,80.5,80.37,80.46,8014.258
1775354700000,80.47,80.48,80.4,80.42,1910.352
1775355000000,80.42,80.44,80.37,80.42,3481.302
1775355300000,80.42,80.55,80.4,80.54,2098.876
1775355600000,80.55,80.55,80.47,80.51,3525.063
1775355900000,80.52,80.55,80.41,80.43,6029.39
1775356200000,80.43,80.64,80.39,80.59,9518.168
1775356500000,80.58,80.61,80.52,80.54,1927.932
1775356800000,80.54,80.57,80.53,80.55,4048.544
1775357100000,80.55,80.55,80.49,80.51,719.049
1775357400000,80.51,80.58,80.51,80.58,1401.015
1775357700000,80.57,80.59,80.57,80.59,289.359
1775358000000,80.59,80.62,80.57,80.57,625.247
1775358300000,80.57,80.59,80.57,80.58,1433.076
1775358600000,80.58,80.6,80.57,80.6,1173.365
1775358900000,80.61,80.61,80.55,80.55,658.607
1775359200000,80.55,80.55,80.49,80.55,1237.222
1775359500000,80.54,80.56,80.52,80.53,929.234
1775359800000,80.53,80.53,80.44,80.45,957.211
1775360100000,80.44,80.47,80.41,80.47,1309.763
1775360400000,80.47,80.54,80.46,80.53,2084.301
1775360700000,80.53,80.55,80.53,80.55,516.714
1775361000000,80.55,80.57,80.54,80.55,2044.637
1775361300000,80.56,80.56,80.52,80.55,1314.242
1775361600000,80.55,80.56,80.45,80.47,2037.098
1775361900000,80.47,80.47,80.42,80.45,1549.717
1775362200000,80.46,80.47,80.42,80.46,1062.602
1775362500000,80.46,80.47,80.43,80.47,1560.288
1775362800000,80.47,80.48,80.46,80.47,1341.859
1775363100000,80.47,80.52,80.46,80.52,1271.026
1775363400000,80.52,80.52,80.47,80.47,1522.091
1775363700000,80.47,80.49,80.44,80.49,2050.189
1775364000000,80.49,80.5,80.43,80.49,6468.262
1775364300000,80.48,80.49,80.38,80.39,1575.288
1775364600000,80.4,80.5,80.39,80.47,1444.872
1775364900000,80.47,80.58,80.29,80.33,22376.12
1775365200000,80.33,80.41,80.33,80.37,1739.642
1775365500000,80.38,80.4,80.36,80.38,1768.951
1775365800000,80.39,80.43,80.34,80.34,2226.974
1775366100000,80.35,80.39,80.34,80.36,2356.862
1775366400000,80.36,80.36,80.21,80.33,2978.187
1775366700000,80.33,80.34,80.27,80.27,2404.434
1775367000000,80.28,80.32,80.26,80.31,3909.737
1775367300000,80.32,80.35,80.23,80.33,11842.033
1775367600000,80.32,80.38,80.25,80.38,8137.127
1775367900000,80.37,80.41,80.36,80.4,4757.321
1775368200000,80.39,80.39,80.18,80.26,4249.812
1775368500000,80.26,80.31,80.14,80.31,2707.807
1775368800000,80.3,80.38,80.09,80.18,17882.261
1775369100000,80.17,80.18,79.88,79.88,14789.259
1775369400000,79.89,79.9,79.52,79.61,31064.79
1775369700000,79.61,79.62,79.41,79.49,23462.357
1775370000000,79.49,79.72,79.47,79.63,6054.599
1775370300000,79.62,79.73,79.61,79.7,7078.899
1775370600000,79.69,79.86,79.66,79.69,15765.023
1775370900000,79.68,79.86,79.63,79.77,6848.589
1775371200000,79.78,79.79,79.68,79.7,9727.527
1775371500000,79.71,79.75,79.68,79.69,4566.949
1775371800000,79.7,79.74,79.65,79.66,5255.236
1775372100000,79.66,79.72,79.57,79.59,11401.16
1775372400000,79.59,79.83,79.57,79.76,26598.015
1775372700000,79.75,79.82,79.75,79.79,2654.584
1775373000000,79.78,79.82,79.76,79.81,3524.147
1775373300000,79.81,79.83,79.69,79.81,6926.107
1775373600000,79.81,79.88,79.66,79.66,11981.926
1775373900000,79.67,79.75,79.66,79.72,3440.065
1775374200000,79.72,79.73,79.51,79.62,5412.557
1775374500000,79.63,79.63,79.56,79.59,1593.56
1775374800000,79.58,79.61,79.56,79.56,2858.124
1775375100000,79.57,79.65,79.54,79.57,2979.458
1775375400000,79.57,79.62,79.54,79.62,1288.754
1775375700000,79.62,79.64,79.57,79.6,1238.0
1775376000000,79.59,79.63,79.54,79.59,9037.279
1775376300000,79.59,79.65,79.58,79.61,1754.308
1775376600000,79.61,79.67,79.57,79.62,3056.743
1775376900000,79.62,79.67,79.61,79.65,1853.996
1775377200000,79.66,79.69,79.65,79.65,1014.632
1775377500000,79.64,79.66,79.61,79.64,1117.094
1775377800000,79.63,79.69,79.62,79.68,843.965
1775378100000,79.69,79.7,79.66,79.7,4471.03
1775378400000,79.7,79.71,79.62,79.67,11839.785
1775378700000,79.67,79.69,79.66,79.66,1519.563
1775379000000,79.66,79.67,79.54,79.57,2553.87
1775379300000,79.57,79.66,79.56,79.62,13863.39
1775379600000,79.62,79.8,79.62,79.79,3938.76
1775379900000,79.8,79.82,79.72,79.76,2708.277
1775380200000,79.76,79.76,79.68,79.69,1707.151
1775380500000,79.69,79.73,79.66,79.72,2329.764
1775380800000,79.72,79.84,79.72,79.84,1404.72
1775381100000,79.83,79.88,79.82,79.84,4250.66
1775381400000,79.85,79.86,79.76,79.78,1725.393
1775381700000,79.77,79.78,79.72,79.77,2319.285
1775382000000,79.77,79.86,79.77,79.85,1770.441
1775382300000,79.85,79.86,79.82,79.86,2523.071
1775382600000,79.87,79.87,79.84,79.85,642.66
1775382900000,79.85,79.86,79.83,79.84,1149.411
1775383200000,79.83,79.9,79.78,79.88,5062.724
1775383500000,79.88,79.92,79.86,79.86,1816.968
1775383800000,79.85,79.88,79.83,79.85,3152.414
1775384100000,79.85,79.86,79.81,79.85,2240.513
1775384400000,79.86,79.91,79.86,79.89,1067.749
1775384700000,79.9,79.93,79.89,79.92,1044.149
1775385000000,79.92,79.92,79.84,79.88,2136.477
1775385300000,79.88,80.24,79.88,80.09,15656.98
1775385600000,80.09,80.12,79.99,80.03,5311.667
1775385900000,80.02,80.02,79.87,79.87,3917.583
1775386200000,79.87,79.89,79.82,79.86,4423.644
1775386500000,79.86,79.87,79.83,79.84,1321.329
1775386800000,79.84,79.9,79.79,79.85,2460.392
1775387100000,79.86,79.89,79.85,79.88,1461.827
1775387400000,79.88,79.91,79.85,79.85,4517.978
1775387700000,79.84,79.9,79.81,79.82,3306.163
1775388000000,79.83,79.86,79.81,79.86,6338.677
1775388300000,79.86,79.86,79.75,79.81,3248.651
1775388600000,79.82,79.86,79.77,79.84,1571.447
1775388900000,79.83,79.85,79.77,79.83,2413.651
1775389200000,79.84,79.85,79.83,79.85,679.57
1775389500000,79.84,79.86,79.82,79.84,2031.279
1775389800000,79.84,79.91,79.84,79.89,3032.301
1775390100000,79.89,79.92,79.89,79.9,627.4
1775390400000,79.91,79.95,79.76,79.77,2623.395
1775390700000,79.76,79.86,79.76,79.83,2678.583
1775391000000,79.82,79.83,79.67,79.68,5734.833
1775391300000,79.67,79.74,79.65,79.69,3067.169
1775391600000,79.68,79.69,79.62,79.66,2883.082
1775391900000,79.65,79.66,79.56,79.56,4739.531
1775392200000,79.56,79.56,79.11,79.16,28974.062
1775392500000,79.16,79.23,78.97,79.1,17155.224
1775392800000,79.1,79.17,78.94,79.0,9897.113
1775393100000,78.99,78.99,78.8,78.85,11178.348
1775393400000,78.84,79.02,78.83,78.98,8024.922
1775393700000,78.99,79.01,78.97,79.0,5215.391
1775394000000,79.01,79.14,78.98,79.14,6360.625
1775394300000,79.14,79.16,79.05,79.13,9788.799
1775394600000,79.12,79.13,78.9,78.91,7254.652
1775394900000,78.9,78.94,78.83,78.94,9394.127
1775395200000,78.94,78.98,78.88,78.88,4854.747
1775395500000,78.89,78.9,78.57,78.58,15236.562
1775395800000,78.58,78.88,78.52,78.81,10229.879
1775396100000,78.81,78.89,78.78,78.87,3889.819
1775396400000,78.88,78.9,78.8,78.88,4949.835
1775396700000,78.88,78.97,78.87,78.94,5741.151
1775397000000,78.94,79.04,78.86,78.87,7852.948
1775397300000,78.87,79.25,78.85,79.21,15877.563
1775397600000,79.21,79.44,79.15,79.39,9533.624
1775397900000,79.38,79.39,79.31,79.33,3831.414
1775398200000,79.33,79.33,79.18,79.22,1821.639
1775398500000,79.21,79.26,79.13,79.24,3455.018
1775398800000,79.24,79.32,79.21,79.31,2347.914
1775399100000,79.3,79.39,79.3,79.34,1821.635
1775399400000,79.34,79.38,79.27,79.33,1376.053
1775399700000,79.33,79.42,79.3,79.35,3488.97
1775400000000,79.36,79.48,79.35,79.4,3399.875
1775400300000,79.41,79.41,79.32,79.32,3123.519
1775400600000,79.33,79.38,79.31,79.32,3025.957
1775400900000,79.31,79.32,79.27,79.29,1834.908
1775401200000,79.29,79.29,79.2,79.2,3609.892
1775401500000,79.19,79.19,79.0,79.14,5920.541
1775401800000,79.14,79.25,79.14,79.2,3551.276
1775402100000,79.2,79.3,79.18,79.26,2302.887
1775402400000,79.25,79.3,79.2,79.23,1923.766
1775402700000,79.24,80.11,79.2,79.98,44598.135
1775403000000,79.98,80.33,79.85,79.85,32140.454
1775403300000,79.86,79.94,79.79,79.81,11400.927
1775403600000,79.8,79.88,79.69,79.87,12356.943
1775403900000,79.87,79.89,79.73,79.78,4920.746
1775404200000,79.77,79.85,79.76,79.78,6066.414
1775404500000,79.78,79.78,79.47,79.6,17795.831
1775404800000,79.59,79.79,79.55,79.74,11184.871
1775405100000,79.75,79.76,79.54,79.62,5003.117
1775405400000,79.63,79.67,79.56,79.57,4829.086
1775405700000,79.58,79.7,79.52,79.7,7596.775
1775406000000,79.69,79.72,79.68,79.7,2921.718
1775406300000,79.69,79.71,79.61,79.62,2779.012
1775406600000,79.61,79.82,79.59,79.73,1528.907
1775406900000,79.73,79.76,79.63,79.65,1494.875
1775407200000,79.65,79.65,79.5,79.63,7956.531
1775407500000,79.62,79.63,79.5,79.52,2058.619
1775407800000,79.53,79.55,79.39,79.41,4512.273
1775408100000,79.42,79.47,79.4,79.46,2699.727
1775408400000,79.47,79.53,79.37,79.45,2356.785
1775408700000,79.46,79.69,79.45,79.67,9890.887
1775409000000,79.67,79.71,79.61,79.63,2243.445
1775409300000,79.64,79.65,79.52,79.53,1585.444
1775409600000,79.53,79.53,79.44,79.52,1908.121
1775409900000,79.52,79.64,79.51,79.63,2636.15
1775410200000,79.63,79.66,79.6,79.62,1177.28
1775410500000,79.61,79.73,79.61,79.73,1661.861
1775410800000,79.72,79.86,79.7,79.83,3211.647
1775411100000,79.84,79.91,79.77,79.87,4493.068
1775411400000,79.86,79.92,79.82,79.88,8328.347
1775411700000,79.88,79.93,79.88,79.9,5873.904
1775412000000,79.89,79.9,79.74,79.82,5052.671
1775412300000,79.82,79.85,79.76,79.79,4740.747
1775412600000,79.79,79.83,79.71,79.8,5178.714
1775412900000,79.79,79.82,79.73,79.74,2710.392
1775413200000,79.74,79.81,79.74,79.8,2017.082
1775413500000,79.8,79.82,79.77,79.77,3744.632
1775413800000,79.78,80.09,79.78,79.97,11061.331
1775414100000,79.97,80.12,79.97,80.09,6533.219
1775414400000,80.09,80.14,80.0,80.05,7526.051
1775414700000,80.04,80.07,79.99,80.04,4512.872
1775415000000,80.04,80.04,79.95,79.96,3364.059
1775415300000,79.96,79.97,79.9,79.95,3682.574
1775415600000,79.96,79.97,79.92,79.92,1879.73
1775415900000,79.93,80.02,79.93,80.0,3115.576
1775416200000,80.0,80.04,79.95,79.97,3668.329
1775416500000,79.97,80.22,79.95,80.21,6013.226
1775416800000,80.21,80.23,80.12,80.2,8466.271
1775417100000,80.19,80.22,80.03,80.07,5953.007
1775417400000,80.07,80.09,79.97,80.0,3492.774
1775417700000,80.0,80.0,79.72,79.73,2723.038
1775418000000,79.74,79.76,79.63,79.7,3602.997
1775418300000,79.7,79.7,79.54,79.56,3233.294
1775418600000,79.56,79.71,79.56,79.71,1665.731
1775418900000,79.71,79.85,79.7,79.83,1608.494
1775419200000,79.83,79.91,79.82,79.82,2557.278
1775419500000,79.83,79.92,79.81,79.85,1883.366
1775419800000,79.85,79.91,79.81,79.89,1431.058
1775420100000,79.89,79.91,79.87,79.87,1660.28
1775420400000,79.87,79.99,79.87,79.97,1845.672
1775420700000,79.97,79.98,79.86,79.87,2040.426
1775421000000,79.88,79.91,79.85,79.91,2175.846
1775421300000,79.91,80.18,79.86,80.13,10168.355
1775421600000,80.13,80.15,79.96,79.98,3782.858
1775421900000,79.98,80.21,79.94,80.21,6957.844
1775422200000,80.2,80.22,80.11,80.16,4988.638
1775422500000,80.17,80.18,80.12,80.16,2921.703
1775422800000,80.16,80.19,80.03,80.09,5867.876
1775423100000,80.09,80.09,80.02,80.04,2045.179
1775423400000,80.04,80.06,79.69,79.81,18487.239
1775423700000,79.8,79.83,79.76,79.78,2784.877
1775424000000,79.79,79.86,79.75,79.78,1401.733
1775424300000,79.77,79.77,79.54,79.65,7599.31
1775424600000,79.64,79.67,79.62,79.63,2086.08
1775424900000,79.64,79.66,79.59,79.64,2940.308
1775425200000,79.65,79.7,79.51,79.63,7878.026
1775425500000,79.63,79.8,79.61,79.79,2002.786
1775425800000,79.79,79.91,79.78,79.88,3418.692
1775426100000,79.87,79.9,79.71,79.75,2949.837
1775426400000,79.74,79.93,79.64,79.87,10649.314
1775426700000,79.88,79.93,79.73,79.76,9238.122
1775427000000,79.77,79.77,79.31,79.5,17214.209
1775427300000,79.5,79.57,79.38,79.41,7795.482
1775427600000,79.41,79.42,79.16,79.25,11099.689
1775427900000,79.24,79.55,79.1,79.47,14368.321
1775428200000,79.47,79.76,79.47,79.57,8465.233
1775428500000,79.57,79.81,79.52,79.81,3701.365
1775428800000,79.81,80.27,79.74,80.2,16097.75
1775429100000,80.19,80.59,80.17,80.39,22526.47
1775429400000,80.39,80.54,80.25,80.26,10749.168
1775429700000,80.26,80.69,80.24,80.58,21301.092
1775430000000,80.58,80.73,80.46,80.51,15343.862
1775430300000,80.52,81.0,80.51,80.78,16229.723
1775430600000,80.78,81.14,80.73,81.12,20178.29
1775430900000,81.12,81.89,81.1,81.72,60090.803
1775431200000,81.73,81.9,81.5,81.6,29675.097
1775431500000,81.59,81.78,81.54,81.62,19852.046
1775431800000,81.61,82.04,81.58,81.95,50627.055
1775432100000,81.95,82.13,81.79,81.8,20254.958
1775432400000,81.81,81.85,81.58,81.66,14736.342
1775432700000,81.67,81.89,81.67,81.79,13794.618
1775433000000,81.79,82.0,81.76,81.86,16169.544
1775433300000,81.86,81.94,81.82,81.89,7565.815
1775433600000,81.89,82.77,81.89,82.3,73968.269
1775433900000,82.3,82.59,82.27,82.3,20325.26
1775434200000,82.3,82.32,82.1,82.27,18702.532
1775434500000,82.27,82.55,82.27,82.28,23624.082
1775434800000,82.27,82.41,81.98,82.39,22088.323
1775435100000,82.4,82.58,82.3,82.47,22546.134
1775435400000,82.48,82.93,82.45,82.48,43089.368
1775435700000,82.49,82.73,82.45,82.68,18199.556
1775436000000,82.67,82.97,82.65,82.76,18405.728
1775436300000,82.76,82.82,82.53,82.55,9635.223
1775436600000,82.55,82.58,82.35,82.35,41158.208
1775436900000,82.35,82.47,82.32,82.32,10043.487
1775437200000,82.33,82.42,82.09,82.12,18332.33
1775437500000,82.13,82.25,82.08,82.14,13344.87
1775437800000,82.15,82.24,81.97,81.97,14057.905
1775438100000,81.97,82.0,81.86,81.9,14561.043
1775438400000,81.9,81.92,81.71,81.81,15352.422
1775438700000,81.81,81.97,81.81,81.93,7487.5
1775439000000,81.93,81.98,81.8,81.86,9024.75
1775439300000,81.86,81.99,81.8,81.92,4892.014
1775439600000,81.91,81.91,81.76,81.78,3296.995
1775439900000,81.78,81.95,81.78,81.86,9923.84
1775440200000,81.87,82.02,81.83,81.83,5381.847
1775440500000,81.82,81.92,81.68,81.69,8743.22
1775440800000,81.7,81.89,81.66,81.89,6172.036
1775441100000,81.88,82.02,81.79,82.0,6669.075
1775441400000,81.99,82.8,81.94,82.47,30538.89
1775441700000,82.47,82.63,82.39,82.55,13321.383
1775442000000,82.54,82.67,82.34,82.35,11821.653
1775442300000,82.35,82.55,82.26,82.51,10741.316
1775442600000,82.52,82.76,82.52,82.65,22181.983
1775442900000,82.65,82.69,82.5,82.6,5646.634
1775443200000,82.61,82.61,82.44,82.51,4445.289
1775443500000,82.51,82.62,82.5,82.53,5757.82
1775443800000,82.52,82.57,82.44,82.45,2259.659
1775444100000,82.45,82.49,82.41,82.41,6454.886
1775444400000,82.41,82.48,82.31,82.34,8360.076
1775444700000,82.34,82.38,82.21,82.27,5475.322
1775445000000,82.27,82.41,82.13,82.13,8320.874
1775445300000,82.14,82.21,82.0,82.0,16910.639
1775445600000,81.99,82.17,81.96,82.08,18061.019
1775445900000,82.08,82.12,82.03,82.05,19145.582
1775446200000,82.05,82.11,82.01,82.07,11072.107
1775446500000,82.07,82.18,82.06,82.09,4541.577
1775446800000,82.09,82.1,81.95,82.02,5011.278
1775447100000,82.02,82.08,81.94,82.04,3052.301
1775447400000,82.05,82.09,81.95,82.01,8547.012
1775447700000,82.01,82.11,82.0,82.11,3305.962
1775448000000,82.11,82.34,82.11,82.32,12657.98
1775448300000,82.32,82.33,82.01,82.06,5180.714
1775448600000,82.05,82.07,81.95,82.06,5648.883
1775448900000,82.05,82.05,81.87,81.88,5788.399
1775449200000,81.89,81.89,81.79,81.84,6629.996
1775449500000,81.84,81.87,81.8,81.87,3086.413
1775449800000,81.86,81.91,81.83,81.89,1889.163
1775450100000,81.88,82.2,81.88,82.17,5542.753
1775450400000,82.17,82.21,82.13,82.14,2937.372
1775450700000,82.14,82.19,82.05,82.05,2665.958
1775451000000,82.05,82.08,81.99,82.08,3150.439
1775451300000,82.09,82.09,81.97,82.0,2508.285
1775451600000,81.99,82.03,81.85,81.96,5591.297
1775451900000,81.96,81.98,81.91,81.96,1335.31
1775452200000,81.97,81.99,81.9,81.98,4051.043
1775452500000,81.97,82.08,81.96,82.02,2272.732
1775452800000,82.03,82.08,81.99,81.99,3534.943
1775453100000,81.99,81.99,81.85,81.94,4146.712
1775453400000,81.94,81.99,81.91,81.97,1917.755
1775453700000,81.97,81.97,81.9,81.95,7399.837
1775454000000,81.95,81.96,81.87,81.95,3662.938
1775454300000,81.95,82.0,81.84,81.86,2840.776
1775454600000,81.86,81.96,81.86,81.94,4185.936
1775454900000,81.95,81.96,81.9,81.91,3157.529
1775455200000,81.9,81.94,81.74,81.8,6580.516
1775455500000,81.8,82.05,81.78,81.96,14768.149
1775455800000,81.95,82.14,81.95,82.03,10484.731
1775456100000,82.03,82.03,81.85,81.86,7194.886
1775456400000,81.85,81.87,81.42,81.5,18007.498
1775456700000,81.51,81.53,81.26,81.33,13431.853
1775457000000,81.34,81.34,81.09,81.18,11897.372
1775457300000,81.18,81.25,81.13,81.14,5492.544
1775457600000,81.14,81.42,80.97,81.31,22586.593
1775457900000,81.31,81.4,81.28,81.37,4212.628
1775458200000,81.36,81.64,81.36,81.52,25453.59
1775458500000,81.52,81.58,81.47,81.5,3037.901
1775458800000,81.5,81.52,81.35,81.36,2652.162
1775459100000,81.36,81.46,81.35,81.39,4769.813
1775459400000,81.38,81.52,81.38,81.5,4653.984
1775459700000,81.5,81.72,81.5,81.65,4595.647
1775460000000,81.65,81.91,81.62,81.9,15110.793
1775460300000,81.9,81.97,81.7,81.72,10350.509
1775460600000,81.72,81.72,81.52,81.59,5926.429
1775460900000,81.6,81.76,81.51,81.53,5596.236
1775461200000,81.53,81.57,81.46,81.56,5634.766
1775461500000,81.57,81.73,81.38,81.73,21834.133
1775461800000,81.73,81.97,81.72,81.89,10304.207
1775462100000,81.9,81.9,81.75,81.82,6774.889
1775462400000,81.83,81.89,81.8,81.82,3383.905
1775462700000,81.82,81.88,81.71,81.88,7971.818
1775463000000,81.88,81.91,81.84,81.84,5061.035
1775463300000,81.83,81.99,81.71,81.89,15189.905
1775463600000,81.89,82.0,81.85,81.98,4493.448
1775463900000,81.97,82.03,81.89,81.93,8894.633
1775464200000,81.93,82.03,81.88,81.99,3096.544
1775464500000,81.99,82.26,81.97,82.07,12901.394
1775464800000,82.08,82.17,82.07,82.15,4209.945
1775465100000,82.14,82.21,81.95,82.01,11899.336
1775465400000,82.0,82.03,81.92,82.01,2708.579
1775465700000,82.01,82.07,81.98,82.0,4615.578
1775466000000,81.99,82.15,81.88,82.13,40077.823
1775466300000,82.14,82.17,82.06,82.17,3654.659
1775466600000,82.17,82.66,82.17,82.43,33546.358
1775466900000,82.44,82.9,82.42,82.79,31594.738
1775467200000,82.78,83.2,82.73,82.82,53744.474
1775467500000,82.81,82.82,82.52,82.63,19988.434
1775467800000,82.64,82.78,82.55,82.61,7215.783
1775468100000,82.62,82.69,82.51,82.54,8355.46
1775468400000,82.53,82.67,82.41,82.52,15119.44
1775468700000,82.53,82.57,82.41,82.5,8648.414
1775469000000,82.5,82.56,82.37,82.46,9470.564
1775469300000,82.45,82.53,82.45,82.47,2906.302
1775469600000,82.47,82.67,82.47,82.64,3633.99
1775469900000,82.65,82.77,82.63,82.66,14515.642
1775470200000,82.66,82.69,82.56,82.62,3362.298
1775470500000,82.62,82.65,82.58,82.6,3721.659
1775470800000,82.61,82.65,82.59,82.63,4105.453
1775471100000,82.63,82.68,82.52,82.65,4735.503
1775471400000,82.65,82.77,82.65,82.76,3930.357
1775471700000,82.77,82.9,82.73,82.87,11386.14
1775472000000,82.87,82.89,82.77,82.8,3150.585
1775472300000,82.8,82.8,82.53,82.66,24103.408
1775472600000,82.66,82.69,82.55,82.55,30016.12
1775472900000,82.55,82.7,82.5,82.68,14685.733
1775473200000,82.68,82.68,82.5,82.54,6267.665
1775473500000,82.54,82.56,82.45,82.54,9047.561
1775473800000,82.54,82.55,82.38,82.43,8060.96
1775474100000,82.42,82.53,82.42,82.5,4659.285
1775474400000,82.5,82.56,82.41,82.51,3150.894
1775474700000,82.51,82.55,82.48,82.5,4152.423
1775475000000,82.5,82.52,82.4,82.5,7615.727
1775475300000,82.5,82.5,82.44,82.45,2527.423
1775475600000,82.45,82.47,82.41,82.44,1534.697
1775475900000,82.44,82.48,82.37,82.41,2623.807
1775476200000,82.42,82.5,82.42,82.46,2816.017
1775476500000,82.46,82.46,82.31,82.45,5204.835
1775476800000,82.44,82.48,82.41,82.42,4514.397
1775477100000,82.42,82.46,82.27,82.28,6175.586
1775477400000,82.27,82.35,82.21,82.29,5952.823
1775477700000,82.29,82.35,82.21,82.32,4486.556
1775478000000,82.31,82.37,82.26,82.34,2874.274
1775478300000,82.35,82.46,82.34,82.38,3236.649
1775478600000,82.39,82.45,82.3,82.43,6907.61
1775478900000,82.43,82.52,82.39,82.51,5140.401
1775479200000,82.51,82.53,82.43,82.45,6049.278
1775479500000,82.44,82.51,82.28,82.3,7848.563
1775479800000,82.3,82.37,82.25,82.31,9094.256
1775480100000,82.31,82.35,82.23,82.3,10978.56
1775480400000,82.3,82.4,82.26,82.38,4827.401
1775480700000,82.38,82.38,82.25,82.3,4698.521
1775481000000,82.31,82.34,82.25,82.27,4197.572
1775481300000,82.27,82.27,82.18,82.24,8457.319
1775481600000,82.24,82.4,82.24,82.4,5595.848
1775481900000,82.4,82.53,82.39,82.47,12364.919
1775482200000,82.47,82.67,82.43,82.59,12823.388
1775482500000,82.59,82.65,82.24,82.34,10666.358
1775482800000,82.35,82.45,82.26,82.35,8820.002
1775483100000,82.35,82.47,82.29,82.4,6618.469
1775483400000,82.41,82.6,82.4,82.45,12650.714
1775483700000,82.45,82.48,82.34,82.46,3808.05
1775484000000,82.46,82.81,82.19,82.24,17292.854
1775484300000,82.24,82.43,82.24,82.42,6025.888
1775484600000,82.42,82.48,82.28,82.43,11436.582
1775484900000,82.43,82.58,82.42,82.52,6087.467
1775485200000,82.51,82.75,82.4,82.46,17640.313
1775485500000,82.46,82.49,82.35,82.39,6650.127
1775485800000,82.38,82.56,82.36,82.39,7725.054
1775486100000,82.39,82.55,81.73,81.77,32086.344
1775486400000,81.77,82.04,81.77,81.96,15891.41
1775486700000,81.96,81.96,81.8,81.87,18214.318
1775487000000,81.87,82.23,81.87,82.21,11648.576
1775487300000,82.2,82.3,82.13,82.23,5561.292
1775487600000,82.22,82.32,82.09,82.22,9518.222
1775487900000,82.22,82.23,82.06,82.2,5506.575
1775488200000,82.19,82.3,82.03,82.17,7589.056
1775488500000,82.18,82.25,82.09,82.1,6800.185
1775488800000,82.1,82.17,82.0,82.1,11022.57
1775489100000,82.1,82.21,82.02,82.17,6808.727
1775489400000,82.17,82.3,82.0,82.1,16162.646
1775489700000,82.1,82.15,82.0,82.13,4248.062
1775490000000,82.12,82.18,82.02,82.15,10252.308
1775490300000,82.15,82.35,82.11,82.31,14946.06
1775490600000,82.3,82.46,82.25,82.3,4453.996
1775490900000,82.31,82.31,82.23,82.27,5209.191
1775491200000,82.28,82.29,82.13,82.13,7232.065
1775491500000,82.14,82.15,82.0,82.04,9840.707
1775491800000,82.04,82.24,82.0,82.19,5077.661
1775492100000,82.19,82.21,81.98,82.07,10302.025
1775492400000,82.08,82.15,82.05,82.11,9862.851
1775492700000,82.11,82.13,82.01,82.01,5661.505
1775493000000,82.0,82.05,81.93,82.03,5933.35
1775493300000,82.04,82.14,82.01,82.04,5540.142
1775493600000,82.03,82.16,82.03,82.16,5158.85
1775493900000,82.16,82.48,82.1,82.33,7618.581
1775494200000,82.34,82.37,82.0,82.0,6330.854
1775494500000,82.01,82.02,81.58,81.59,24254.113
1775494800000,81.6,81.62,81.32,81.53,23177.825
1775495100000,81.54,81.74,81.5,81.7,10204.559
1775495400000,81.69,81.72,81.19,81.29,20756.83
1775495700000,81.29,81.47,81.2,81.38,8336.424
1775496000000,81.37,81.57,81.28,81.56,7977.072
1775496300000,81.56,81.65,81.56,81.61,5459.836
1775496600000,81.6,81.79,81.58,81.63,7142.626
1775496900000,81.62,81.72,81.56,81.59,5544.405
1775497200000,81.58,81.59,81.51,81.54,5448.244
1775497500000,81.53,81.6,81.47,81.6,4425.717
1775497800000,81.59,81.69,81.59,81.63,4921.194
1775498100000,81.63,81.68,81.61,81.64,3909.711
1775498400000,81.64,81.64,81.56,81.58,8393.489
1775498700000,81.57,81.66,81.55,81.65,6032.162
1775499000000,81.65,82.05,81.65,81.99,12021.165
1775499300000,81.99,82.11,81.95,82.11,13007.353
1775499600000,82.11,82.21,82.05,82.07,5520.855
1775499900000,82.08,82.19,81.96,82.12,6208.575
1775500200000,82.12,82.22,82.04,82.05,3714.299
1775500500000,82.05,82.09,81.96,81.96,6048.664
1775500800000,81.96,81.97,81.79,81.8,4971.007
1775501100000,81.8,81.92,81.79,81.9,3086.674
1775501400000,81.91,81.97,81.86,81.97,2684.431
1775501700000,81.96,81.96,81.86,81.88,1854.707
1775502000000,81.87,81.87,81.71,81.77,2231.272
1775502300000,81.76,81.76,81.61,81.67,6049.08
1775502600000,81.68,81.71,81.56,81.7,3517.155
1775502900000,81.69,81.73,81.6,81.64,2107.288
1775503200000,81.65,81.78,81.64,81.66,1962.268
1775503500000,81.67,81.74,81.67,81.72,3417.488
1775503800000,81.73,81.79,81.68,81.7,4161.302
1775504100000,81.71,81.76,81.66,81.72,5821.82
1775504400000,81.73,81.76,81.61,81.74,7956.117
1775504700000,81.74,81.76,81.67,81.72,5039.949
1775505000000,81.72,81.77,81.69,81.76,7828.695
1775505300000,81.76,81.98,81.67,81.9,14629.118
1775505600000,81.91,82.0,81.81,82.0,6742.806
1775505900000,82.0,82.12,81.97,82.0,7959.84
1775506200000,82.0,82.06,81.96,82.06,4960.007
1775506500000,82.05,82.13,81.99,82.1,5473.103
1775506800000,82.1,82.13,81.97,82.01,3606.001
1775507100000,82.02,82.15,82.01,82.08,6436.808
1775507400000,82.07,82.12,82.07,82.08,3869.386
1775507700000,82.09,82.15,82.06,82.09,3478.664
1775508000000,82.08,82.13,82.07,82.1,2537.233
1775508300000,82.1,82.14,82.07,82.09,1751.768
1775508600000,82.09,82.09,81.93,82.02,2105.837
1775508900000,82.02,82.04,81.98,82.0,2627.515
1775509200000,82.0,82.0,81.87,81.93,2945.156
1775509500000,81.93,81.97,81.88,81.88,1185.248
1775509800000,81.89,81.89,81.77,81.86,2345.451
1775510100000,81.85,81.86,81.73,81.78,4417.485
1775510400000,81.78,81.8,81.71,81.78,8628.662
1775510700000,81.77,81.77,81.72,81.74,1572.529
1775511000000,81.75,81.75,81.67,81.67,1684.583
1775511300000,81.68,81.69,81.51,81.62,4391.931
1775511600000,81.62,81.62,81.4,81.47,22225.324
1775511900000,81.47,81.56,81.45,81.55,3250.893
1775512200000,81.56,81.56,81.4,81.49,4271.954
1775512500000,81.48,81.51,81.38,81.49,2561.667
1775512800000,81.48,81.49,81.36,81.44,8172.803
1775513100000,81.43,81.51,81.4,81.4,2907.186
1775513400000,81.41,81.48,81.38,81.46,2733.353
1775513700000,81.46,81.46,81.33,81.33,6097.394
1775514000000,81.34,81.38,81.12,81.14,8850.404
1775514300000,81.14,81.25,81.14,81.21,2752.41
1775514600000,81.2,81.21,80.91,81.0,12238.36
1775514900000,80.99,81.05,80.96,81.01,6583.784
1775515200000,81.01,81.02,80.8,80.8,12080.029
1775515500000,80.8,80.8,80.57,80.65,16383.653
1775515800000,80.66,80.66,80.36,80.41,20675.729
1775516100000,80.41,80.46,80.16,80.17,13597.773
1775516400000,80.17,80.18,79.77,79.96,50504.681
1775516700000,79.95,80.07,79.6,80.07,23666.808
1775517000000,80.07,80.18,79.92,79.94,14141.196
1775517300000,79.93,79.97,79.8,79.92,6527.409
1775517600000,79.93,79.97,79.7,79.85,6814.481
1775517900000,79.84,79.9,79.79,79.8,6394.611
1775518200000,79.79,80.01,79.67,79.74,15550.379
1775518500000,79.74,79.98,79.68,79.97,21766.849
1775518800000,79.97,80.29,79.96,80.11,31939.717
1775519100000,80.11,80.16,79.93,79.99,9972.303
1775519400000,80.0,80.21,79.97,80.21,6522.708
1775519700000,80.21,80.26,80.02,80.03,11628.254
1775520000000,80.03,80.19,79.92,79.96,8918.929
1775520300000,79.96,80.23,79.77,79.96,22488.239
1775520600000,79.95,80.02,79.85,79.87,13153.476
1775520900000,79.88,80.03,79.82,79.82,13893.214
1775521200000,79.82,79.95,79.73,79.9,10655.218
1775521500000,79.9,79.94,79.78,79.87,9806.232
1775521800000,79.88,79.98,79.64,79.67,16694.052
1775522100000,79.67,79.71,79.6,79.66,17741.167
1775522400000,79.65,79.84,79.65,79.8,9822.111
1775522700000,79.81,79.99,79.78,79.99,12085.437
1775523000000,79.99,80.04,79.94,80.0,5728.881
1775523300000,80.01,80.02,79.9,79.91,8848.787
1775523600000,79.91,79.93,79.73,79.93,12635.152
1775523900000,79.93,79.93,79.69,79.78,8874.253
1775524200000,79.78,79.86,79.69,79.75,7222.502
1775524500000,79.74,80.03,79.73,80.03,7843.429
1775524800000,80.02,80.14,79.89,79.94,8813.238
1775525100000,79.93,80.07,79.93,80.05,9364.196
1775525400000,80.05,80.13,80.01,80.05,7478.707
1775525700000,80.06,80.07,79.81,79.83,6322.727
1775526000000,79.84,79.98,79.82,79.97,3781.391
1775526300000,79.97,80.0,79.78,79.79,7185.275
1775526600000,79.78,79.78,79.38,79.58,22545.456
1775526900000,79.58,79.64,79.5,79.53,4228.585
1775527200000,79.53,79.63,79.5,79.61,4861.768
1775527500000,79.61,79.71,79.47,79.69,5490.411
1775527800000,79.69,79.76,79.57,79.58,4399.723
1775528100000,79.58,79.72,79.57,79.72,4147.028
1775528400000,79.72,79.79,79.58,79.77,4919.396
1775528700000,79.78,79.78,79.66,79.76,3046.379
1775529000000,79.76,79.82,79.64,79.68,5049.617
1775529300000,79.68,79.9,79.68,79.83,4148.479
1775529600000,79.83,79.84,79.68,79.72,3389.892
1775529900000,79.73,79.8,79.68,79.76,3656.088
1775530200000,79.76,79.86,79.62,79.71,7140.73
1775530500000,79.71,79.77,79.65,79.72,4754.924
1775530800000,79.73,79.83,79.71,79.79,2421.607
1775531100000,79.8,79.8,79.7,79.75,3948.79
1775531400000,79.75,79.78,79.72,79.78,4236.781
1775531700000,79.77,79.85,79.73,79.78,5334.945
1775532000000,79.77,79.91,79.75,79.87,5589.639
1775532300000,79.87,79.89,79.83,79.87,4823.988
1775532600000,79.86,79.89,79.83,79.88,3183.464
1775532900000,79.88,79.88,79.78,79.79,2990.776
1775533200000,79.79,79.82,79.76,79.82,4296.223
1775533500000,79.82,79.82,79.75,79.76,2705.707
1775533800000,79.76,79.81,79.73,79.79,7370.102
1775534100000,79.78,79.81,79.75,79.8,3007.657
1775534400000,79.8,79.81,79.71,79.71,2856.384
1775534700000,79.71,79.81,79.7,79.78,4612.958
1775535000000,79.79,79.82,79.72,79.75,4347.62
1775535300000,79.76,79.8,79.67,79.72,3923.015
1775535600000,79.73,79.8,79.69,79.77,2373.864
1775535900000,79.77,79.82,79.73,79.74,1975.588
1775536200000,79.73,79.98,79.73,79.95,5606.072
1775536500000,79.95,79.98,79.88,79.96,4846.929
1775536800000,79.96,79.99,79.93,79.98,4745.758
1775537100000,79.98,80.17,79.94,80.11,9235.898
1775537400000,80.12,80.12,79.97,80.0,5015.695
1775537700000,80.0,80.02,79.91,79.92,3514.513
1775538000000,79.93,79.97,79.87,79.88,2517.312
1775538300000,79.88,79.9,79.83,79.89,2187.409
1775538600000,79.9,79.92,79.8,79.8,3589.263
1775538900000,79.8,79.94,79.66,79.86,12051.81
1775539200000,79.86,79.87,79.75,79.77,2644.284
1775539500000,79.78,79.81,79.68,79.72,2799.643
1775539800000,79.72,79.75,79.65,79.72,3586.958
1775540100000,79.71,79.8,79.68,79.78,3867.941
1775540400000,79.78,79.81,79.5,79.53,16228.908
1775540700000,79.53,79.59,79.46,79.58,17128.929
1775541000000,79.58,79.65,79.5,79.51,4363.735
1775541300000,79.52,79.62,79.46,79.61,11977.083
1775541600000,79.6,79.61,79.53,79.55,2893.393
1775541900000,79.56,79.61,79.44,79.47,4912.955
1775542200000,79.46,79.52,79.39,79.4,6192.531
1775542500000,79.4,79.4,79.31,79.37,7005.46
1775542800000,79.37,79.48,79.32,79.48,4923.631
1775543100000,79.48,79.58,79.47,79.58,8381.055
1775543400000,79.58,79.59,79.48,79.5,2621.4
1775543700000,79.49,79.63,79.48,79.58,2854.343
1775544000000,79.59,79.65,79.43,79.52,15114.11
1775544300000,79.53,79.57,79.48,79.53,3559.69
1775544600000,79.54,79.6,79.53,79.57,2288.394
1775544900000,79.56,79.59,79.53,79.53,6962.282
1775545200000,79.54,79.55,79.45,79.5,3339.643
1775545500000,79.51,79.58,79.46,79.55,7511.715
1775545800000,79.55,79.68,79.55,79.66,30491.982
1775546100000,79.66,79.8,79.65,79.73,11976.29
1775546400000,79.72,79.87,79.7,79.86,8876.724
1775546700000,79.87,79.94,79.7,79.71,11219.752
1775547000000,79.72,79.89,79.68,79.82,6657.468
1775547300000,79.82,79.82,79.73,79.76,3720.242
1775547600000,79.76,79.83,79.75,79.82,818.883
1775547900000,79.83,79.84,79.76,79.81,3587.872
1775548200000,79.81,79.88,79.8,79.87,3294.334
1775548500000,79.87,79.92,79.83,79.87,8607.594
1775548800000,79.87,80.2,79.82,79.98,15314.435
1775549100000,79.98,80.04,79.94,80.04,3680.16
1775549400000,80.03,80.21,80.03,80.07,7157.024
1775549700000,80.07,80.18,80.01,80.18,9793.858
1775550000000,80.19,80.35,80.17,80.35,7783.957
1775550300000,80.35,80.36,80.06,80.14,24547.396
1775550600000,80.15,80.26,80.09,80.1,3301.239
1775550900000,80.1,80.13,80.02,80.11,5941.401
1775551200000,80.12,80.17,80.03,80.15,9683.694
1775551500000,80.14,80.18,80.02,80.02,6285.211
1775551800000,80.02,80.13,79.99,80.13,8284.52
1775552100000,80.13,80.22,80.05,80.14,7468.005
1775552400000,80.15,80.33,80.15,80.3,6715.763
1775552700000,80.29,80.5,80.15,80.48,19751.843
1775553000000,80.48,80.59,80.35,80.36,14473.363
1775553300000,80.35,80.4,80.32,80.39,4955.5
1775553600000,80.39,80.4,80.26,80.32,3200.039
1775553900000,80.32,80.33,80.21,80.3,7204.189
1775554200000,80.3,80.52,80.29,80.51,8230.283
1775554500000,80.51,80.52,80.39,80.42,6439.172
1775554800000,80.42,80.53,80.41,80.44,5363.071
1775555100000,80.44,80.47,80.38,80.44,6159.658
1775555400000,80.43,80.43,80.33,80.36,2112.683
1775555700000,80.36,80.39,80.32,80.39,5111.609
1775556000000,80.38,80.46,80.22,80.23,6002.434
1775556300000,80.23,80.23,79.83,80.09,23447.16
1775556600000,80.08,80.1,79.9,79.91,17759.177
1775556900000,79.9,80.06,79.9,79.99,4654.3
1775557200000,80.0,80.12,80.0,80.03,4128.082
1775557500000,80.03,80.03,79.68,79.8,30092.499
1775557800000,79.8,79.87,79.75,79.82,7369.968
1775558100000,79.82,79.82,79.55,79.58,14630.524
1775558400000,79.58,79.62,79.46,79.54,10718.771
1775558700000,79.54,79.59,79.49,79.56,8347.617
1775559000000,79.56,79.58,79.22,79.39,19394.962
1775559300000,79.39,79.46,79.33,79.37,11264.016
1775559600000,79.37,79.46,79.27,79.45,13539.312
1775559900000,79.44,79.55,79.4,79.44,11929.245
1775560200000,79.43,79.45,79.35,79.43,9519.995
1775560500000,79.43,79.53,79.07,79.08,24648.837
1775560800000,79.08,79.16,78.95,79.12,31058.545
1775561100000,79.12,79.34,79.09,79.29,6429.292
1775561400000,79.3,79.31,79.12,79.13,8901.546
1775561700000,79.14,79.34,79.12,79.31,10595.553
1775562000000,79.31,79.33,79.21,79.3,5557.571
1775562300000,79.31,79.35,79.27,79.31,3153.789
1775562600000,79.31,79.35,79.18,79.18,10752.354
1775562900000,79.19,79.24,79.12,79.21,4246.779
1775563200000,79.22,79.31,79.2,79.28,3395.213
1775563500000,79.29,79.39,78.69,78.88,42379.411
1775563800000,78.88,79.03,78.76,79.03,11420.044
1775564100000,79.03,79.21,78.87,79.1,18039.52
1775564400000,79.09,79.26,79.0,79.09,26495.172
1775564700000,79.09,79.12,79.06,79.09,9904.571
1775565000000,79.1,79.14,78.93,78.98,10951.811
1775565300000,78.98,79.06,78.92,79.05,7171.434
1775565600000,79.05,79.05,78.88,78.91,13621.791
1775565900000,78.92,78.99,78.82,78.91,5513.57
1775566200000,78.91,78.97,78.85,78.92,11420.84
1775566500000,78.93,79.36,78.9,79.14,24184.202
1775566800000,79.14,79.15,78.97,79.02,8702.379
1775567100000,79.02,79.24,79.01,79.17,12501.83
1775567400000,79.17,79.2,79.03,79.14,16251.184
1775567700000,79.15,79.15,79.0,79.0,6437.392
1775568000000,79.0,79.05,78.93,78.94,7285.201
1775568300000,78.93,78.95,78.9,78.95,2664.26
1775568600000,78.96,79.18,78.95,79.04,10851.458
1775568900000,79.03,79.14,78.97,79.07,9149.247
1775569200000,79.07,79.15,78.9,78.95,8515.548
1775569500000,78.94,78.97,78.83,78.91,6385.688
1775569800000,78.92,79.1,78.89,79.09,5609.174
1775570100000,79.09,79.14,78.87,78.87,6937.219
1775570400000,78.88,78.93,78.73,78.75,8723.198
1775570700000,78.76,78.84,78.4,78.49,32151.053
1775571000000,78.48,78.6,78.45,78.56,7828.706
1775571300000,78.56,78.68,78.53,78.64,8387.07
1775571600000,78.64,79.06,78.64,79.0,11245.465
1775571900000,79.0,79.02,78.85,78.97,5163.756
1775572200000,78.97,79.05,78.83,78.87,9502.567
1775572500000,78.87,78.88,78.68,78.75,6259.431
1775572800000,78.75,78.78,78.66,78.69,5801.467
1775573100000,78.69,78.99,78.67,78.82,12924.527
1775573400000,78.82,78.85,78.73,78.8,9852.615
1775573700000,78.79,78.79,78.59,78.59,8362.923
1775574000000,78.59,78.61,78.41,78.51,19612.849
1775574300000,78.5,78.54,78.38,78.53,8502.936
1775574600000,78.54,78.69,78.54,78.58,5449.816
1775574900000,78.59,78.96,78.58,78.8,27431.706
1775575200000,78.79,78.91,78.73,78.84,11674.375
1775575500000,78.84,78.95,78.84,78.94,15925.794
1775575800000,78.93,78.96,78.87,78.87,7398.808
1775576100000,78.88,78.95,78.79,78.82,8912.599
1775576400000,78.83,78.84,78.72,78.8,3822.74
1775576700000,78.8,78.83,78.74,78.81,3309.573
1775577000000,78.81,78.86,78.7,78.85,2584.082
1775577300000,78.84,78.99,78.82,78.86,4950.749
1775577600000,78.86,79.19,78.8,78.96,22961.095
1775577900000,78.96,78.99,78.75,78.76,5974.014
1775578200000,78.76,78.83,78.74,78.81,4126.211
1775578500000,78.81,78.82,78.71,78.71,4850.573
1775578800000,78.71,78.96,78.65,78.94,10763.226
1775579100000,78.93,79.0,78.89,79.0,8699.873
1775579400000,78.99,79.01,78.9,79.0,4036.001
1775579700000,79.0,79.0,78.94,78.98,4254.673
1775580000000,78.98,79.06,78.93,79.0,4171.421
1775580300000,79.0,79.09,78.97,78.97,3256.052
1775580600000,78.98,79.0,78.85,78.87,3402.706
1775580900000,78.87,78.91,78.85,78.89,4875.179
1775581200000,78.89,79.03,78.87,79.01,6144.469
1775581500000,79.01,79.03,78.96,78.97,3216.653
1775581800000,78.97,78.99,78.87,78.9,2879.699
1775582100000,78.9,79.16,78.83,79.15,21052.053
1775582400000,79.14,79.52,79.07,79.47,51267.4
1775582700000,79.46,79.48,79.41,79.44,6396.93
1775583000000,79.45,79.95,79.44,79.85,47158.418
1775583300000,79.85,81.0,79.8,80.1,99651.568
1775583600000,80.11,80.26,79.97,80.0,26777.678
1775583900000,80.0,80.04,79.85,80.01,17892.389
1775584200000,80.01,80.17,80.0,80.07,14222.739
1775584500000,80.07,80.08,80.0,80.07,7662.392
1775584800000,80.07,80.19,80.01,80.02,10407.679
1775585100000,80.02,80.09,80.01,80.04,8019.038
1775585400000,80.04,80.23,79.97,80.18,14356.429
1775585700000,80.17,80.2,80.02,80.07,11113.413
1775586000000,80.07,80.12,79.94,79.96,9133.644
1775586300000,79.97,80.06,79.94,80.05,12082.654
1775586600000,80.06,80.12,80.04,80.07,4985.839
1775586900000,80.07,80.09,79.91,79.94,5042.629
1775587200000,79.95,79.97,79.73,79.75,11350.629
1775587500000,79.74,79.81,79.7,79.81,7654.487
1775587800000,79.81,79.88,79.59,79.66,10465.673
1775588100000,79.65,79.94,79.51,79.94,13715.95
1775588400000,79.93,80.1,79.89,80.02,23941.203
1775588700000,80.03,80.19,79.92,80.05,14150.422
1775589000000,80.05,80.51,80.04,80.49,20603.284
1775589300000,80.5,80.97,80.5,80.94,37283.142
1775589600000,80.93,81.17,80.58,80.65,22623.935
1775589900000,80.66,80.9,80.58,80.78,18697.61
1775590200000,80.78,80.85,80.51,80.54,16048.342
1775590500000,80.53,81.04,80.46,81.03,35290.001
1775590800000,81.03,81.24,80.92,81.06,30494.146
1775591100000,81.06,81.83,81.04,81.41,71891.229
1775591400000,81.42,81.65,81.42,81.6,27511.043
1775591700000,81.61,81.74,81.57,81.63,29040.498
1775592000000,81.63,82.11,81.63,81.94,57597.507
1775592300000,81.94,82.17,81.92,81.98,21058.266
1775592600000,81.98,82.05,81.9,81.95,15537.038
1775592900000,81.94,82.26,81.72,82.22,34160.411
1775593200000,82.23,82.28,81.91,81.95,20639.324
1775593500000,81.96,82.05,81.89,82.05,23080.2
1775593800000,82.05,82.22,82.04,82.1,11692.928
1775594100000,82.1,82.13,81.9,82.13,19229.9
1775594400000,82.12,82.41,81.98,82.09,16043.023
1775594700000,82.09,82.1,81.93,81.95,11334.903
1775595000000,81.95,82.22,81.89,81.96,18468.242
1775595300000,81.97,82.04,81.9,81.93,8485.901
1775595600000,81.94,82.03,81.87,81.95,5309.437
1775595900000,81.95,82.63,81.94,82.42,23055.75
1775596200000,82.41,83.24,82.38,82.72,66071.395
1775596500000,82.72,82.82,82.43,82.49,17391.176
1775596800000,82.5,82.57,82.35,82.44,10036.54
1775597100000,82.43,82.46,82.1,82.27,11006.043
1775597400000,82.26,82.53,82.26,82.49,13676.448
1775597700000,82.48,82.72,82.45,82.72,12297.483
1775598000000,82.71,82.82,82.47,82.82,13405.435
1775598300000,82.82,83.08,82.8,82.84,26991.106
1775598600000,82.85,83.1,82.79,82.87,13904.752
1775598900000,82.88,82.97,82.72,82.91,21442.746
1775599200000,82.92,83.17,82.91,83.01,18983.155
1775599500000,83.01,83.75,82.98,83.1,94579.221
1775599800000,83.09,83.56,83.02,83.55,27379.002
1775600100000,83.55,83.63,83.27,83.31,17628.115
1775600400000,83.3,83.51,83.23,83.4,21555.122
1775600700000,83.41,83.5,83.34,83.41,17311.604
1775601000000,83.42,84.33,83.41,84.17,114380.542
1775601300000,84.17,84.89,84.13,84.5,71577.447
1775601600000,84.49,84.69,83.9,84.02,60754.816
1775601900000,84.01,84.39,83.96,84.38,30916.256
1775602200000,84.37,84.67,84.29,84.47,33288.842
1775602500000,84.48,85.24,84.47,85.24,51829.122
1775602800000,85.24,86.1,85.22,85.28,109316.002
1775603100000,85.28,85.7,85.1,85.58,53189.975
1775603400000,85.57,85.78,85.33,85.51,36374.988
1775603700000,85.51,85.61,85.2,85.53,37172.331
1775604000000,85.53,86.4,85.53,86.11,94791.582
1775604300000,86.11,87.0,86.02,86.93,108249.514
1775604600000,86.94,87.02,86.2,86.26,74446.019
1775604900000,86.27,86.3,85.84,85.87,48750.291
1775605200000,85.88,86.0,85.72,85.73,32765.265
1775605500000,85.74,86.1,85.65,85.91,53599.59
1775605800000,85.9,86.02,85.56,85.58,37282.484
1775606100000,85.58,85.8,85.54,85.56,29443.505
1775606400000,85.56,85.9,85.5,85.56,40834.221
1775606700000,85.55,85.72,85.28,85.29,35220.879
1775607000000,85.3,85.5,85.24,85.37,22818.424
1775607300000,85.38,85.49,85.22,85.23,9880.657
1775607600000,85.22,85.27,84.92,85.01,23394.562
1775607900000,85.01,85.16,84.9,84.93,14665.305
1775608200000,84.93,85.0,84.54,84.57,21004.999
1775608500000,84.58,84.79,84.45,84.76,18817.136
1775608800000,84.76,84.87,84.54,84.59,13567.08
1775609100000,84.6,84.61,84.26,84.43,19120.206
1775609400000,84.44,84.66,84.38,84.5,16840.356
1775609700000,84.49,84.79,84.47,84.76,10852.696
1775610000000,84.77,84.81,84.52,84.53,15697.83
1775610300000,84.54,84.98,84.51,84.96,16114.111
1775610600000,84.96,84.96,84.77,84.77,8086.35
1775610900000,84.77,84.83,84.55,84.56,8616.314
1775611200000,84.56,84.6,84.45,84.52,14747.371
1775611500000,84.52,84.54,84.46,84.5,6555.028
1775611800000,84.49,84.53,84.45,84.52,4897.97
1775612100000,84.51,84.78,84.47,84.71,15327.5
1775612400000,84.71,84.78,84.69,84.71,6047.979
1775612700000,84.72,84.91,84.7,84.73,5349.489
1775613000000,84.73,84.91,84.7,84.71,5793.338
1775613300000,84.72,84.77,84.66,84.69,6282.687
1775613600000,84.68,84.8,84.5,84.67,7414.013
1775613900000,84.66,84.94,84.62,84.9,8724.7
1775614200000,84.9,84.97,84.83,84.89,6504.093
1775614500000,84.89,84.89,84.57,84.57,11183.63
1775614800000,84.57,84.64,84.41,84.63,10654.135
1775615100000,84.63,84.69,84.56,84.64,5044.335
1775615400000,84.63,84.65,84.44,84.51,11355.636
1775615700000,84.51,84.63,84.4,84.55,7814.066
1775616000000,84.54,84.62,84.52,84.57,7649.958
1775616300000,84.57,84.77,84.48,84.77,10922.608
1775616600000,84.77,84.78,84.68,84.68,6382.173
1775616900000,84.68,84.72,84.55,84.61,11180.987
1775617200000,84.6,84.68,84.56,84.56,4762.034
1775617500000,84.56,84.6,84.37,84.57,15243.531
1775617800000,84.58,84.58,84.48,84.5,15930.05
1775618100000,84.5,84.55,84.43,84.43,8565.507
1775618400000,84.43,84.55,84.41,84.51,13334.247
1775618700000,84.51,84.67,84.47,84.62,14097.247
1775619000000,84.62,84.62,84.52,84.55,8418.469
1775619300000,84.55,84.6,84.5,84.55,7696.111
1775619600000,84.55,84.66,84.52,84.59,3428.341
1775619900000,84.59,84.6,84.46,84.48,9534.014
1775620200000,84.48,84.52,84.45,84.51,4038.462
1775620500000,84.51,84.57,84.5,84.56,9989.826
1775620800000,84.56,84.67,84.54,84.64,6392.997
1775621100000,84.64,85.03,84.64,84.88,33237.456
1775621400000,84.88,85.02,84.74,84.82,26088.841
1775621700000,84.82,84.9,84.77,84.82,8688.484
1775622000000,84.82,84.88,84.72,84.77,7645.354
1775622300000,84.77,84.91,84.75,84.9,5547.925
1775622600000,84.89,84.89,84.74,84.79,6778.09
1775622900000,84.78,84.97,84.78,84.86,6309.499
1775623200000,84.86,84.99,84.85,84.94,10768.139
1775623500000,84.93,84.94,84.74,84.75,6007.118
1775623800000,84.74,84.74,84.49,84.58,9722.158
1775624100000,84.57,84.64,84.49,84.49,7026.58
1775624400000,84.5,84.55,84.4,84.51,10117.756
1775624700000,84.51,84.59,84.5,84.58,3858.108
1775625000000,84.58,84.61,84.5,84.56,5281.451
1775625300000,84.56,84.65,84.56,84.63,4525.341
1775625600000,84.63,84.75,84.62,84.7,3923.021
1775625900000,84.7,84.76,84.62,84.66,8680.208
1775626200000,84.66,84.7,84.6,84.6,4058.912
1775626500000,84.6,84.62,84.55,84.57,3555.49
1775626800000,84.56,84.66,84.54,84.61,11156.0
1775627100000,84.6,84.63,84.53,84.55,4226.255
1775627400000,84.56,84.71,84.43,84.45,15742.347
1775627700000,84.46,84.46,84.16,84.22,16622.669
1775628000000,84.22,84.22,83.89,84.06,27298.109
1775628300000,84.07,84.28,84.07,84.23,13314.117
1775628600000,84.23,84.48,84.22,84.44,11670.734
1775628900000,84.44,84.62,84.38,84.6,7407.683
1775629200000,84.59,84.65,84.54,84.58,10952.744
1775629500000,84.57,84.63,84.52,84.62,11082.448
1775629800000,84.61,84.64,84.51,84.57,7236.103
1775630100000,84.56,84.69,84.56,84.6,4816.308
1775630400000,84.61,84.69,84.6,84.67,5221.924
1775630700000,84.67,84.71,84.63,84.64,4130.597
1775631000000,84.64,84.68,84.53,84.56,5385.026
1775631300000,84.56,84.56,84.5,84.55,3365.835
1775631600000,84.55,84.55,84.23,84.25,12554.83
1775631900000,84.25,84.4,84.21,84.39,9058.856
1775632200000,84.39,84.49,84.32,84.45,4885.333
1775632500000,84.45,84.47,84.38,84.47,21451.547
1775632800000,84.47,84.71,84.47,84.61,19089.178
1775633100000,84.61,84.71,84.56,84.57,10487.653
1775633400000,84.56,84.56,84.28,84.29,7083.32
1775633700000,84.3,84.37,84.28,84.32,8039.189
1775634000000,84.31,84.39,84.3,84.36,4261.528
1775634300000,84.36,84.4,84.3,84.38,3659.461
1775634600000,84.38,84.41,84.34,84.36,3524.119
1775634900000,84.36,84.51,84.31,84.5,9742.12
1775635200000,84.51,84.57,84.46,84.5,9879.409
1775635500000,84.5,84.57,84.48,84.52,6545.476
1775635800000,84.51,84.54,84.43,84.51,10477.134
1775636100000,84.51,84.64,84.46,84.63,5411.446
1775636400000,84.63,84.64,84.53,84.57,3056.678
1775636700000,84.56,84.61,84.51,84.57,3000.655
1775637000000,84.58,84.7,84.53,84.67,5227.186
1775637300000,84.67,84.7,84.47,84.61,8979.88
1775637600000,84.6,84.63,84.43,84.58,6511.961
1775637900000,84.58,84.69,84.55,84.65,4465.93
1775638200000,84.66,84.7,84.59,84.63,3795.445
1775638500000,84.64,84.88,84.63,84.86,18554.078
1775638800000,84.86,84.96,84.82,84.87,8740.979
1775639100000,84.88,84.88,84.74,84.74,6089.016
1775639400000,84.75,84.98,84.74,84.87,11072.286
1775639700000,84.86,84.93,84.78,84.9,3720.445
1775640000000,84.9,84.9,84.74,84.78,3819.847
1775640300000,84.77,84.78,84.63,84.66,7369.257
1775640600000,84.65,84.77,84.65,84.75,2083.818
1775640900000,84.76,84.78,84.67,84.68,2542.958
1775641200000,84.68,84.69,84.54,84.54,4934.376
1775641500000,84.55,84.65,84.53,84.63,4319.854
1775641800000,84.64,84.71,84.62,84.68,3851.577
1775642100000,84.67,84.7,84.65,84.66,2411.036
1775642400000,84.66,84.78,84.63,84.63,9866.92
1775642700000,84.63,84.76,84.57,84.64,8697.197
1775643000000,84.63,84.63,84.49,84.59,7808.001
1775643300000,84.58,84.66,84.55,84.66,6718.274
1775643600000,84.66,84.73,84.6,84.71,3188.589
1775643900000,84.72,84.8,84.7,84.73,3714.546
1775644200000,84.72,84.74,84.5,84.54,9964.865
1775644500000,84.53,84.58,84.5,84.58,7928.419
1775644800000,84.57,84.62,84.52,84.61,2533.83
1775645100000,84.61,84.66,84.59,84.65,3045.494
1775645400000,84.64,84.68,84.61,84.66,4393.997
1775645700000,84.65,84.66,84.5,84.5,2361.47
1775646000000,84.5,84.61,84.43,84.59,6365.796
1775646300000,84.6,84.68,84.59,84.67,3566.354
1775646600000,84.66,84.72,84.64,84.68,4272.349
1775646900000,84.67,84.83,84.66,84.73,10802.473
1775647200000,84.73,84.77,84.31,84.57,17140.943
1775647500000,84.58,84.69,84.49,84.68,53064.362
1775647800000,84.67,84.67,84.49,84.55,4855.553
1775648100000,84.55,84.55,84.11,84.22,23282.453
1775648400000,84.22,84.31,84.22,84.25,8831.798
1775648700000,84.24,84.42,84.18,84.36,37606.084
1775649000000,84.35,84.53,84.35,84.52,3555.945
1775649300000,84.52,84.52,84.42,84.45,2754.854
1775649600000,84.46,84.47,84.39,84.45,5620.67
1775649900000,84.44,84.47,84.41,84.43,5067.317
1775650200000,84.42,84.57,84.42,84.57,26374.978
1775650500000,84.56,84.56,84.41,84.42,6978.619
1775650800000,84.43,84.45,84.09,84.24,26707.428
1775651100000,84.24,84.38,84.23,84.36,5091.481
1775651400000,84.36,84.53,84.29,84.5,5969.412
1775651700000,84.5,84.66,84.5,84.64,10270.823
1775652000000,84.64,84.64,84.54,84.62,5521.555
1775652300000,84.63,84.67,84.52,84.61,14341.453
1775652600000,84.62,84.67,84.54,84.54,4869.693
1775652900000,84.54,84.69,84.5,84.54,15936.881
1775653200000,84.54,84.61,84.45,84.51,17990.16
1775653500000,84.51,84.98,84.45,84.81,36148.735
1775653800000,84.81,84.81,84.39,84.58,36994.415
1775654100000,84.58,84.83,84.49,84.63,17753.004
1775654400000,84.63,84.68,84.5,84.66,10176.555
1775654700000,84.67,84.79,84.65,84.72,9918.829
1775655000000,84.72,84.94,84.34,84.51,23647.833
1775655300000,84.5,84.53,84.09,84.11,25611.666
1775655600000,84.12,84.21,83.98,84.03,27747.337
1775655900000,84.03,84.45,83.97,84.39,27383.457
1775656200000,84.39,84.43,84.05,84.06,12810.985
1775656500000,84.06,84.21,83.92,84.05,15182.739
1775656800000,84.05,84.16,83.91,83.92,11704.998
1775657100000,83.91,83.98,83.42,83.46,39954.925
1775657400000,83.46,84.0,83.42,83.88,18033.642
1775657700000,83.88,83.97,83.57,83.57,9199.657
1775658000000,83.57,83.7,83.34,83.52,14195.681
1775658300000,83.53,83.6,83.46,83.46,7012.868
1775658600000,83.47,83.55,82.87,82.89,51574.281
1775658900000,82.89,83.14,82.61,83.05,63622.252
1775659200000,83.06,83.1,82.89,82.9,14596.341
1775659500000,82.89,82.97,82.53,82.83,25064.262
1775659800000,82.83,82.85,82.51,82.74,33979.135
1775660100000,82.73,82.91,82.52,82.9,22368.427
1775660400000,82.9,83.07,82.85,83.05,20395.969
1775660700000,83.05,83.12,82.84,82.84,23049.282
1775661000000,82.85,83.07,82.8,83.05,11446.859
1775661300000,83.05,83.24,83.02,83.22,21608.99
1775661600000,83.21,83.26,83.14,83.21,16727.998
1775661900000,83.22,83.22,83.11,83.17,8430.31
1775662200000,83.18,83.19,83.04,83.16,5705.104
1775662500000,83.15,83.36,83.15,83.22,26114.253
1775662800000,83.22,83.29,83.16,83.27,20359.126
1775663100000,83.27,83.46,83.26,83.38,6980.535
1775663400000,83.38,83.41,83.25,83.35,3588.127
1775663700000,83.36,83.45,83.32,83.34,3772.892
1775664000000,83.33,83.45,83.3,83.37,6133.387
1775664300000,83.38,83.43,83.28,83.3,5973.032
1775664600000,83.29,83.37,83.21,83.28,5755.498
1775664900000,83.27,83.37,83.2,83.33,6024.133
1775665200000,83.32,83.38,83.25,83.35,3752.296
1775665500000,83.34,83.4,83.22,83.23,3809.085
1775665800000,83.23,83.23,83.05,83.12,6622.581
1775666100000,83.12,83.23,83.12,83.2,2573.642
1775666400000,83.2,83.32,83.17,83.31,2850.275
1775666700000,83.31,83.48,83.3,83.44,4667.609
1775667000000,83.43,83.45,83.35,83.42,4025.174
1775667300000,83.43,83.6,83.42,83.48,19104.677
1775667600000,83.49,83.6,83.42,83.53,5951.362
1775667900000,83.52,83.55,83.43,83.48,3632.968
1775668200000,83.49,83.77,83.47,83.75,5510.569
1775668500000,83.75,83.76,83.58,83.6,4806.237
1775668800000,83.59,83.63,83.46,83.46,6115.451
1775669100000,83.46,83.51,83.3,83.47,5523.615
1775669400000,83.48,83.63,83.48,83.62,8465.897
1775669700000,83.62,84.18,83.61,83.92,22927.022
1775670000000,83.92,84.03,83.81,84.02,11625.38
1775670300000,84.02,84.04,83.9,83.96,3330.777
1775670600000,83.96,83.97,83.88,83.88,4260.152
1775670900000,83.88,83.99,83.86,83.97,9002.491
1775671200000,83.98,84.0,83.83,83.94,14306.794
1775671500000,83.94,84.03,83.9,83.9,7131.972
1775671800000,83.9,83.9,83.7,83.81,5713.482
1775672100000,83.81,83.88,83.27,83.44,11304.623
1775672400000,83.44,83.54,83.25,83.27,17638.669
1775672700000,83.27,83.36,83.19,83.28,9206.646
1775673000000,83.28,83.46,83.27,83.43,5050.54
1775673300000,83.42,83.46,83.29,83.29,5247.753
1775673600000,83.28,83.29,83.05,83.07,6725.452
1775673900000,83.07,83.2,83.04,83.11,6792.072
1775674200000,83.1,83.12,82.96,82.99,7667.607
1775674500000,82.98,82.99,82.82,82.93,17652.032
1775674800000,82.93,83.0,82.78,82.91,8554.318
1775675100000,82.91,82.99,82.85,82.92,6280.134
1775675400000,82.93,83.13,82.93,83.06,6724.469
1775675700000,83.07,83.11,82.93,83.02,2429.085
1775676000000,83.01,83.02,82.77,82.94,2378.029
1775676300000,82.94,83.03,82.82,82.83,3219.619
1775676600000,82.83,82.96,82.8,82.88,5945.5
1775676900000,82.89,83.07,82.87,82.98,7013.178
1775677200000,82.98,82.99,82.78,82.94,6557.506
1775677500000,82.94,83.06,82.94,83.01,3926.244
1775677800000,83.01,83.08,83.0,83.02,3835.61
1775678100000,83.02,83.24,82.99,83.19,7605.689
1775678400000,83.19,83.36,83.17,83.27,7799.099
1775678700000,83.27,83.38,83.24,83.26,5824.622
1775679000000,83.25,83.31,83.21,83.24,2120.306
1775679300000,83.25,83.38,83.24,83.36,5439.57
1775679600000,83.36,83.36,83.22,83.26,4156.944
1775679900000,83.26,83.28,83.24,83.27,2310.0
1775680200000,83.26,83.34,83.22,83.28,3436.683
1775680500000,83.28,83.28,83.02,83.14,4484.14
1775680800000,83.14,83.18,83.09,83.12,2854.001
1775681100000,83.11,83.2,83.06,83.18,5905.43
1775681400000,83.18,83.29,83.17,83.28,2866.08
1775681700000,83.27,83.28,83.2,83.28,2217.087
1775682000000,83.27,83.27,83.19,83.19,2105.771
1775682300000,83.2,83.36,83.18,83.32,1640.838
1775682600000,83.32,83.59,83.31,83.42,6510.962
1775682900000,83.42,83.51,83.42,83.43,3144.206
1775683200000,83.44,83.58,83.42,83.45,7044.545
1775683500000,83.45,83.61,83.44,83.47,3608.177
1775683800000,83.48,83.52,83.29,83.3,5556.634
1775684100000,83.3,83.5,83.29,83.44,3081.524
1775684400000,83.44,83.45,83.33,83.35,3722.681
1775684700000,83.35,83.47,83.33,83.39,2384.186
1775685000000,83.38,83.46,83.34,83.39,2519.744
1775685300000,83.4,83.43,83.35,83.4,2645.107
1775685600000,83.4,83.44,83.19,83.2,6503.273
1775685900000,83.19,83.28,83.16,83.17,4588.537
1775686200000,83.17,83.18,83.05,83.12,3479.52
1775686500000,83.11,83.15,82.87,82.9,7649.974
1775686800000,82.9,82.97,82.73,82.91,11392.001
1775687100000,82.91,82.95,82.67,82.71,7569.901
1775687400000,82.71,82.93,82.6,82.93,8755.881
1775687700000,82.92,83.01,82.9,82.96,5155.969
1775688000000,82.95,82.96,82.85,82.85,2223.709
1775688300000,82.86,82.89,82.82,82.87,4575.612
1775688600000,82.86,82.88,82.72,82.72,3464.262
1775688900000,82.71,82.72,82.61,82.63,7277.171
1775689200000,82.63,82.63,82.24,82.35,32827.898
1775689500000,82.34,82.49,82.33,82.34,9811.513
1775689800000,82.34,82.91,82.34,82.89,25830.575
1775690100000,82.9,83.02,82.57,82.61,20428.86
1775690400000,82.6,82.64,82.32,82.56,14115.292
1775690700000,82.56,82.57,82.47,82.51,8300.39
1775691000000,82.51,82.58,82.42,82.56,6190.222
1775691300000,82.56,82.68,82.51,82.56,4743.303
1775691600000,82.56,82.61,82.51,82.55,5006.694
1775691900000,82.54,82.68,82.52,82.68,5977.985
1775692200000,82.68,82.72,82.55,82.55,8436.195
1775692500000,82.55,82.61,82.54,82.57,4862.287
1775692800000,82.56,82.57,82.44,82.48,7400.802
1775693100000,82.48,82.63,82.44,82.59,4846.926
1775693400000,82.58,82.61,82.52,82.57,2455.623
1775693700000,82.58,82.67,82.45,82.5,5150.313
1775694000000,82.49,82.61,82.44,82.49,9208.083
1775694300000,82.49,82.55,82.39,82.4,5610.45
1775694600000,82.39,82.48,82.27,82.36,7989.339
1775694900000,82.37,82.49,82.13,82.19,13866.383
1775695200000,82.19,82.25,82.08,82.17,21317.272
1775695500000,82.17,82.24,82.08,82.22,16129.852
1775695800000,82.22,82.25,82.11,82.19,27732.72
1775696100000,82.2,82.33,82.18,82.21,10297.573
1775696400000,82.21,82.29,82.13,82.21,6404.265
1775696700000,82.21,82.23,81.7,81.9,69660.727
1775697000000,81.89,82.01,81.85,81.97,4850.752
1775697300000,81.98,82.05,81.92,82.01,10244.279
1775697600000,82.01,82.08,81.78,81.85,13676.288
1775697900000,81.85,82.0,81.84,81.92,6443.854
1775698200000,81.92,82.35,81.83,82.25,24506.575
1775698500000,82.25,82.26,81.94,82.04,23102.131
1775698800000,82.04,82.04,81.94,81.94,4463.459
1775699100000,81.95,82.09,81.88,82.07,7179.74
1775699400000,82.08,82.24,82.08,82.21,4848.119
1775699700000,82.2,82.25,82.16,82.22,7841.935
1775700000000,82.23,82.34,82.13,82.14,7880.458
1775700300000,82.15,82.25,82.13,82.24,3500.738
1775700600000,82.24,82.27,82.11,82.13,3841.343
1775700900000,82.14,82.35,82.11,82.35,5869.309
1775701200000,82.35,82.36,82.24,82.34,3721.807
1775701500000,82.34,82.44,82.31,82.37,4773.29
1775701800000,82.36,82.37,82.3,82.32,3385.656
1775702100000,82.31,82.33,82.2,82.25,4134.935
1775702400000,82.25,82.25,82.06,82.21,8019.122
1775702700000,82.22,82.34,82.15,82.21,7569.226
1775703000000,82.21,82.28,82.17,82.19,5071.873
1775703300000,82.19,82.23,82.11,82.12,6583.721
1775703600000,82.12,82.15,82.11,82.12,1996.984
1775703900000,82.12,82.18,82.02,82.05,7000.757
1775704200000,82.05,82.06,81.95,82.0,18928.552
1775704500000,81.99,82.02,81.87,81.96,12679.79
1775704800000,81.96,82.14,81.89,82.12,18996.271
1775705100000,82.12,82.13,81.9,81.99,6115.859
1775705400000,81.98,82.08,81.98,82.04,4208.645
1775705700000,82.04,82.1,82.03,82.08,1921.468
1775706000000,82.08,82.1,81.95,82.01,5394.609
1775706300000,82.01,82.11,81.94,82.1,5280.778
1775706600000,82.11,82.17,82.06,82.08,3690.331
1775706900000,82.08,82.09,82.02,82.03,1172.474
1775707200000,82.02,82.02,81.93,82.0,2316.479
1775707500000,82.0,82.03,81.91,81.92,7517.95
1775707800000,81.92,81.97,81.9,81.94,3135.779
1775708100000,81.94,81.94,81.89,81.94,2192.404
1775708400000,81.94,81.94,81.86,81.9,2184.281
1775708700000,81.9,81.93,81.82,81.89,7861.935
1775709000000,81.89,81.95,81.84,81.94,7501.748
1775709300000,81.94,81.99,81.91,81.97,4364.358
1775709600000,81.98,82.03,81.97,81.99,3889.461
1775709900000,81.99,82.01,81.84,81.87,12031.641
1775710200000,81.88,81.94,81.87,81.89,5051.842
1775710500000,81.89,81.92,81.83,81.84,3422.471
1775710800000,81.83,81.9,81.74,81.87,15420.316
1775711100000,81.87,81.93,81.86,81.91,2380.572
1775711400000,81.9,81.93,81.82,81.93,2567.867
1775711700000,81.94,82.0,81.88,81.99,2987.574
1775712000000,82.0,82.05,81.92,81.96,8587.775
1775712300000,81.96,82.07,81.96,82.06,8822.146
1775712600000,82.06,82.17,82.02,82.16,3371.006
1775712900000,82.17,82.33,82.14,82.31,10606.304
1775713200000,82.31,82.31,82.22,82.26,6755.309
1775713500000,82.27,82.27,82.11,82.13,3860.879
1775713800000,82.14,82.14,82.07,82.11,4247.907
1775714100000,82.11,82.17,82.07,82.17,3536.535
1775714400000,82.17,82.37,82.17,82.29,6355.217
1775714700000,82.28,82.35,82.25,82.26,8439.058
1775715000000,82.25,82.3,82.23,82.24,2257.975
1775715300000,82.23,82.24,82.14,82.16,4337.924
1775715600000,82.16,82.16,82.06,82.08,4070.672
1775715900000,82.09,82.1,81.99,82.0,3878.006
1775716200000,82.0,82.13,81.85,82.07,11487.476
1775716500000,82.08,82.17,82.03,82.06,4634.493
1775716800000,82.07,82.11,82.06,82.09,881.268
1775717100000,82.08,82.12,82.07,82.1,2288.581
1775717400000,82.11,82.16,82.07,82.15,1997.683
1775717700000,82.15,82.19,82.14,82.18,2150.325
1775718000000,82.18,82.34,82.18,82.32,13192.823
1775718300000,82.32,82.34,82.29,82.32,2400.448
1775718600000,82.32,82.34,82.28,82.33,2484.141
1775718900000,82.33,82.37,82.26,82.32,4017.794
1775719200000,82.31,82.32,82.23,82.26,3247.845
1775719500000,82.26,82.28,82.26,82.28,1707.516
1775719800000,82.27,82.46,82.25,82.44,9618.076
1775720100000,82.45,82.48,82.42,82.44,3643.825
1775720400000,82.45,82.45,82.29,82.37,3235.146
1775720700000,82.37,82.41,82.32,82.34,1679.933
1775721000000,82.34,82.37,82.3,82.33,1713.195
1775721300000,82.33,82.36,82.27,82.29,1702.475
1775721600000,82.29,82.42,82.21,82.39,3184.687
1775721900000,82.39,82.41,82.3,82.3,1411.194
1775722200000,82.31,82.31,82.16,82.22,3406.408
1775722500000,82.22,82.27,82.16,82.25,1391.207
1775722800000,82.25,82.4,82.24,82.4,1828.459
1775723100000,82.39,82.43,82.35,82.36,5848.748
1775723400000,82.36,82.49,82.36,82.46,2009.353
1775723700000,82.45,82.51,82.42,82.51,2741.295
1775724000000,82.51,82.61,82.47,82.59,10242.219
1775724300000,82.58,82.65,82.49,82.49,7077.688
1775724600000,82.5,82.5,82.39,82.47,3865.238
1775724900000,82.47,82.52,82.44,82.48,2978.983
1775725200000,82.47,82.48,82.33,82.38,3528.233
1775725500000,82.39,82.41,82.23,82.26,9871.935
1775725800000,82.25,82.33,82.2,82.33,4404.632
1775726100000,82.33,82.53,82.32,82.48,8594.191
1775726400000,82.48,82.48,82.4,82.45,4359.244
1775726700000,82.44,82.51,82.41,82.49,2823.387
1775727000000,82.49,82.6,82.47,82.51,4349.502
1775727300000,82.51,82.52,82.21,82.24,6397.604
1775727600000,82.24,82.25,82.11,82.24,5558.298
1775727900000,82.24,82.37,82.23,82.28,3596.373
1775728200000,82.28,82.47,82.25,82.47,1764.103
1775728500000,82.47,82.69,82.47,82.61,9552.686
1775728800000,82.6,82.62,82.54,82.6,4649.795
1775729100000,82.6,82.6,82.44,82.44,5263.649
1775729400000,82.45,82.45,82.37,82.41,1503.419
1775729700000,82.42,82.5,82.41,82.48,2306.443
1775730000000,82.48,82.57,82.47,82.56,2955.668
1775730300000,82.56,82.6,82.52,82.54,2281.252
1775730600000,82.53,82.58,82.46,82.54,3530.671
1775730900000,82.54,82.6,82.52,82.57,2377.693
1775731200000,82.58,82.64,82.55,82.59,5624.072
1775731500000,82.59,82.66,82.58,82.66,3087.172
1775731800000,82.66,82.66,82.5,82.58,4702.521
1775732100000,82.58,82.64,82.57,82.58,7569.927
1775732400000,82.58,82.71,82.46,82.48,14482.988
1775732700000,82.49,82.54,82.43,82.43,4006.441
1775733000000,82.43,82.43,82.3,82.3,6843.264
1775733300000,82.3,82.31,82.16,82.23,6507.48
1775733600000,82.23,82.29,82.17,82.2,4153.566
1775733900000,82.19,82.25,82.03,82.18,10506.346
1775734200000,82.17,82.3,82.17,82.22,4675.02
1775734500000,82.22,82.24,82.15,82.24,3979.011
1775734800000,82.23,82.28,82.19,82.23,1776.968
1775735100000,82.24,82.34,82.24,82.34,1890.284
1775735400000,82.34,82.35,82.27,82.27,2194.583
1775735700000,82.26,82.27,82.15,82.18,10377.565
1775736000000,82.18,82.22,82.17,82.18,1776.997
1775736300000,82.18,82.3,82.16,82.28,1210.24
1775736600000,82.29,82.32,82.23,82.23,1093.603
1775736900000,82.23,82.3,82.22,82.24,3154.525
1775737200000,82.23,82.23,82.07,82.12,7141.157
1775737500000,82.13,82.35,82.11,82.17,7123.22
1775737800000,82.18,82.26,81.94,82.25,22793.959
1775738100000,82.25,82.31,82.13,82.16,4631.74
1775738400000,82.15,82.39,82.11,82.26,10260.737
1775738700000,82.26,82.28,82.04,82.19,3925.235
1775739000000,82.19,82.21,82.15,82.16,2272.03
1775739300000,82.16,82.32,82.16,82.28,7245.343
1775739600000,82.28,82.37,82.21,82.24,2692.927
1775739900000,82.25,82.27,82.16,82.18,1942.824
1775740200000,82.17,82.25,82.17,82.22,1206.766
1775740500000,82.22,82.23,82.18,82.19,2085.176
1775740800000,82.2,82.22,82.13,82.17,1196.258
1775741100000,82.17,82.3,82.16,82.3,4068.082
1775741400000,82.3,82.42,82.05,82.08,7346.73
1775741700000,82.08,82.21,81.81,81.97,15906.614
1775742000000,81.97,82.11,81.84,81.98,8294.35
1775742300000,81.98,82.01,81.76,81.94,12595.23
1775742600000,81.93,81.93,81.68,81.74,11741.468
1775742900000,81.74,81.88,81.57,81.87,13297.164
1775743200000,81.87,81.89,81.75,81.79,4525.594
1775743500000,81.78,81.8,81.69,81.69,5276.841
1775743800000,81.69,81.99,81.64,81.91,7053.004
1775744100000,81.92,81.96,81.59,81.63,8278.564
1775744400000,81.62,81.75,81.59,81.71,7325.549
1775744700000,81.71,81.73,81.4,81.58,14463.47
1775745000000,81.58,81.65,81.51,81.62,6217.735
1775745300000,81.62,81.8,81.53,81.77,5049.957
1775745600000,81.76,81.9,81.75,81.86,4986.876
1775745900000,81.87,82.13,81.87,82.11,13221.084
1775746200000,82.1,82.32,82.09,82.16,9574.702
1775746500000,82.16,82.26,82.05,82.19,6380.803
1775746800000,82.19,82.2,81.98,82.05,10915.876
1775747100000,82.05,82.07,81.91,81.93,5394.115
1775747400000,81.92,82.53,81.92,82.47,8111.376
1775747700000,82.47,82.68,82.38,82.41,11052.631
1775748000000,82.41,82.62,82.37,82.44,12637.217
1775748300000,82.43,82.46,82.25,82.29,3938.38
1775748600000,82.28,83.34,82.21,83.28,31301.559
1775748900000,83.28,83.57,83.01,83.06,46850.706
1775749200000,83.06,83.47,83.03,83.37,29285.06
1775749500000,83.37,83.86,83.32,83.48,24416.923
1775749800000,83.47,83.88,83.42,83.83,48200.24
1775750100000,83.83,83.94,83.65,83.75,46835.04
1775750400000,83.75,84.24,83.75,84.08,35460.029
1775750700000,84.08,84.08,83.76,83.81,18961.174
1775751000000,83.81,83.97,83.72,83.74,18000.346
1775751300000,83.75,84.1,83.73,84.04,13187.717
1775751600000,84.04,84.04,83.78,83.82,13040.283
1775751900000,83.83,83.92,83.61,83.61,11606.01
1775752200000,83.6,83.66,83.4,83.4,17535.787
1775752500000,83.41,83.51,82.96,83.13,25909.119
1775752800000,83.14,83.35,83.09,83.35,13082.173
1775753100000,83.35,83.39,82.92,83.02,8559.19
1775753400000,83.02,83.3,83.0,83.19,6375.734
1775753700000,83.19,83.69,83.19,83.68,11802.613
1775754000000,83.68,84.29,83.66,84.08,24114.657
1775754300000,84.08,84.13,83.94,84.01,13585.306
1775754600000,84.01,84.11,83.95,84.06,10924.072
1775754900000,84.07,84.2,84.01,84.04,14865.821
1775755200000,84.05,84.1,83.92,83.99,12078.293
1775755500000,83.98,84.15,83.78,84.06,20769.331
1775755800000,84.06,84.06,83.78,83.98,12344.178
1775756100000,83.98,84.53,83.98,84.49,40628.174
1775756400000,84.48,84.5,84.32,84.42,15916.203
1775756700000,84.41,84.51,84.31,84.34,18510.704
1775757000000,84.34,84.64,84.3,84.57,17853.469
1775757300000,84.58,84.69,84.47,84.65,15844.722
1775757600000,84.65,84.7,84.06,84.22,52228.557
1775757900000,84.23,84.5,84.12,84.29,12725.566
1775758200000,84.3,84.34,83.94,83.99,17561.028
1775758500000,83.98,84.11,83.88,83.89,13556.535
1775758800000,83.89,83.91,83.74,83.8,13123.59
1775759100000,83.81,84.05,83.72,83.96,12550.558
1775759400000,83.95,84.02,83.65,83.81,9419.147
1775759700000,83.82,83.98,83.8,83.9,5159.653
1775760000000,83.9,83.95,83.67,83.71,7199.603
1775760300000,83.71,83.74,83.45,83.74,14153.755
1775760600000,83.75,83.95,83.64,83.95,13208.155
1775760900000,83.95,84.07,83.83,83.83,8624.538
1775761200000,83.83,84.02,83.68,84.02,7253.129
1775761500000,84.01,84.15,83.88,84.08,8586.559
1775761800000,84.09,84.22,83.95,83.99,13322.966
1775762100000,83.99,84.07,83.77,83.79,7147.707
1775762400000,83.78,83.82,83.41,83.44,9031.067
1775762700000,83.44,83.61,83.44,83.59,6999.487
1775763000000,83.58,83.84,83.57,83.59,7603.059
1775763300000,83.59,83.85,83.55,83.84,7593.543
1775763600000,83.84,84.08,83.79,84.02,13437.451
1775763900000,84.02,84.2,84.02,84.09,6240.432
1775764200000,84.08,84.2,84.02,84.04,5749.495
1775764500000,84.04,84.31,83.84,84.17,60786.67
1775764800000,84.16,84.35,84.1,84.26,11294.229
1775765100000,84.25,84.31,84.22,84.29,3609.011
1775765400000,84.3,84.36,84.24,84.33,5130.513
1775765700000,84.33,84.48,84.27,84.43,7065.235
1775766000000,84.42,84.53,84.38,84.42,6275.569
1775766300000,84.42,84.44,84.32,84.37,5125.854
1775766600000,84.37,84.47,84.31,84.43,7833.731
1775766900000,84.44,84.47,84.25,84.26,5470.058
1775767200000,84.26,84.37,84.23,84.27,5853.086
1775767500000,84.26,84.27,84.15,84.17,6486.438
1775767800000,84.16,84.39,84.09,84.38,8567.897
1775768100000,84.38,84.43,84.25,84.27,7758.403
1775768400000,84.26,84.49,84.18,84.46,8846.995
1775768700000,84.46,84.72,84.2,84.23,28065.67
1775769000000,84.22,84.32,84.15,84.29,9397.944
1775769300000,84.29,84.36,84.23,84.31,10898.877
1775769600000,84.32,84.35,84.13,84.34,11893.331
1775769900000,84.33,84.43,84.24,84.25,8183.289
1775770200000,84.24,84.34,84.18,84.31,6099.498
1775770500000,84.31,84.39,84.22,84.3,5617.473
1775770800000,84.3,84.48,84.3,84.41,9098.322
1775771100000,84.42,84.54,84.36,84.48,8679.503
1775771400000,84.48,84.48,84.32,84.33,4253.985
1775771700000,84.33,84.35,84.19,84.27,11302.864
1775772000000,84.27,84.4,84.15,84.34,12301.49
1775772300000,84.34,84.55,84.22,84.55,16586.532
1775772600000,84.55,84.69,84.46,84.68,14029.924
1775772900000,84.68,85.95,84.68,85.41,97568.498
1775773200000,85.41,85.48,85.06,85.18,25534.707
1775773500000,85.18,85.18,84.84,84.92,16645.937
1775773800000,84.91,84.94,84.74,84.79,9967.25
1775774100000,84.78,84.79,84.47,84.47,16284.251
1775774400000,84.48,84.62,84.4,84.45,14134.29
1775774700000,84.46,84.62,84.27,84.58,16810.915
1775775000000,84.57,84.57,84.06,84.2,14816.069
1775775300000,84.19,84.25,83.95,83.99,14249.184
1775775600000,83.99,84.06,83.84,83.91,10889.817
1775775900000,83.91,84.05,83.91,83.92,8198.083
1775776200000,83.91,83.95,83.54,83.68,11381.871
1775776500000,83.68,83.81,83.42,83.68,17126.528
1775776800000,83.68,83.78,83.63,83.65,7468.665
1775777100000,83.64,83.64,83.5,83.5,3080.55
1775777400000,83.49,83.49,83.15,83.29,13728.443
1775777700000,83.3,83.33,83.15,83.31,11352.305
1775778000000,83.3,83.43,83.3,83.33,5191.222
1775778300000,83.32,83.41,83.2,83.29,6109.568
1775778600000,83.29,83.36,83.21,83.31,2896.209
1775778900000,83.3,83.35,83.24,83.33,5221.159
1775779200000,83.33,83.39,83.1,83.17,19872.818
1775779500000,83.17,83.27,83.02,83.22,8895.431
1775779800000,83.22,83.26,83.06,83.17,9998.58
1775780100000,83.17,83.2,82.91,82.95,8593.461
1775780400000,82.94,83.12,82.89,82.98,7898.983
1775780700000,82.98,83.18,82.93,83.17,18767.756
1775781000000,83.17,83.28,83.06,83.16,6024.159
1775781300000,83.15,83.21,82.93,83.02,6366.717
1775781600000,83.02,83.15,82.99,83.09,5166.071
1775781900000,83.09,83.21,83.03,83.14,3476.595
1775782200000,83.14,83.24,83.06,83.09,3730.201
1775782500000,83.08,83.13,83.0,83.13,7286.017
1775782800000,83.12,83.12,82.94,83.05,6447.51
1775783100000,83.05,83.23,82.92,83.23,13560.896
1775783400000,83.24,83.39,83.19,83.29,3667.842
1775783700000,83.29,83.4,83.28,83.32,3223.699
1775784000000,83.33,83.36,82.82,83.17,12718.007
1775784300000,83.16,83.24,83.12,83.22,7860.631
1775784600000,83.21,83.55,83.18,83.55,7121.56
1775784900000,83.55,83.79,83.52,83.56,13873.36
1775785200000,83.55,83.6,83.4,83.44,14390.972
1775785500000,83.45,83.5,83.37,83.45,2398.345
1775785800000,83.46,83.6,83.43,83.44,3070.589
1775786100000,83.44,83.48,83.15,83.16,9563.403
1775786400000,83.16,83.26,83.11,83.22,9427.576
1775786700000,83.22,83.4,83.22,83.37,2121.691
1775787000000,83.37,83.41,83.29,83.36,3881.375
1775787300000,83.36,83.39,83.29,83.32,2411.007
1775787600000,83.32,83.42,83.32,83.36,1382.605
1775787900000,83.36,83.44,83.35,83.42,1313.939
1775788200000,83.42,83.46,83.32,83.43,1642.748
1775788500000,83.43,83.44,83.36,83.4,1452.808
1775788800000,83.39,83.42,83.31,83.4,1195.989
1775789100000,83.4,83.4,83.2,83.22,4233.251
1775789400000,83.21,83.26,83.03,83.12,25748.092
1775789700000,83.11,83.25,83.04,83.25,4061.135
1775790000000,83.25,83.27,83.06,83.19,9762.571
1775790300000,83.19,83.23,83.1,83.13,3574.513
1775790600000,83.12,83.17,83.08,83.09,2147.244
1775790900000,83.08,83.15,83.04,83.1,2207.263
1775791200000,83.09,83.1,82.81,82.85,8501.314
1775791500000,82.85,82.88,82.62,82.81,15288.591
1775791800000,82.81,82.92,82.79,82.88,3770.642
1775792100000,82.88,82.99,82.87,82.94,2677.492
1775792400000,82.93,83.02,82.93,83.0,2944.032
1775792700000,83.0,83.09,82.92,82.93,11791.874
1775793000000,82.94,82.98,82.84,82.97,3708.824
1775793300000,82.97,82.97,82.87,82.9,7736.452
1775793600000,82.89,82.96,82.89,82.93,2948.903
1775793900000,82.93,83.0,82.87,82.97,4230.863
1775794200000,82.98,83.03,82.97,83.0,2452.659
1775794500000,82.99,83.08,82.98,83.0,3841.578
1775794800000,83.0,83.14,83.0,83.06,3304.607
1775795100000,83.05,83.18,83.03,83.12,18174.31
1775795400000,83.12,83.16,83.0,83.09,3374.963
1775795700000,83.1,83.17,83.06,83.13,1948.338
1775796000000,83.13,83.13,83.08,83.11,820.521
1775796300000,83.1,83.19,83.1,83.16,3079.86
1775796600000,83.16,83.53,83.11,83.4,12290.144
1775796900000,83.4,83.42,83.31,83.36,22306.427
1775797200000,83.35,83.39,83.23,83.37,5156.167
1775797500000,83.38,83.44,83.21,83.27,5474.303
1775797800000,83.26,83.27,83.12,83.25,5351.678
1775798100000,83.25,83.28,83.18,83.28,3352.976
1775798400000,83.29,83.46,83.28,83.45,5267.742
1775798700000,83.45,83.54,83.45,83.49,4897.009
1775799000000,83.49,83.57,83.47,83.5,6269.017
1775799300000,83.5,83.58,83.47,83.58,4654.267
1775799600000,83.57,83.59,83.44,83.45,4884.435
1775799900000,83.44,83.51,83.44,83.49,2206.763
1775800200000,83.48,83.53,83.36,83.36,4083.196
1775800500000,83.36,83.4,83.3,83.39,3339.707
1775800800000,83.39,83.42,83.34,83.42,5251.238
1775801100000,83.43,83.47,83.38,83.42,3331.569
1775801400000,83.41,83.45,83.31,83.45,3472.287
1775801700000,83.45,83.46,83.25,83.28,3810.875
1775802000000,83.27,83.36,83.23,83.35,1278.676
1775802300000,83.36,83.36,83.27,83.3,2982.854
1775802600000,83.31,83.32,83.19,83.25,17614.923
1775802900000,83.24,83.33,83.13,83.29,14812.436
1775803200000,83.29,83.3,83.19,83.2,3498.674
1775803500000,83.19,83.26,83.16,83.16,1988.402
1775803800000,83.17,83.21,83.1,83.2,9114.311
1775804100000,83.19,83.21,83.14,83.2,3002.458
1775804400000,83.2,83.25,83.14,83.19,5788.275
1775804700000,83.19,83.26,83.17,83.23,2837.18
1775805000000,83.23,83.27,83.14,83.14,1482.347
1775805300000,83.15,83.25,83.14,83.23,2548.928
1775805600000,83.23,83.24,83.15,83.21,4487.435
1775805900000,83.21,83.21,83.15,83.19,855.192
1775806200000,83.18,83.27,83.15,83.21,2700.412
1775806500000,83.2,83.23,83.13,83.16,5681.4
1775806800000,83.16,83.16,83.08,83.12,3011.489
1775807100000,83.12,83.16,83.02,83.03,4129.495
1775807400000,83.03,83.07,82.86,82.91,9007.198
1775807700000,82.9,82.97,82.89,82.95,4935.947
1775808000000,82.95,82.98,82.84,82.88,6743.547
1775808300000,82.88,83.04,82.86,83.03,8955.056
1775808600000,83.03,83.11,82.97,82.99,9814.229
1775808900000,82.99,83.03,82.9,82.98,11725.389
1775809200000,82.98,82.99,82.89,82.95,5360.663
1775809500000,82.94,82.99,82.93,82.94,2274.756
1775809800000,82.94,83.06,82.91,82.95,14327.887
1775810100000,82.94,83.08,82.93,83.07,14975.351
1775810400000,83.07,83.09,82.95,82.96,7390.692
1775810700000,82.95,82.95,82.72,82.77,29004.983
1775811000000,82.77,82.91,82.7,82.91,17047.205
1775811300000,82.9,82.95,82.87,82.92,5581.444
1775811600000,82.92,83.09,82.9,83.05,4982.916
1775811900000,83.05,83.17,83.05,83.14,13863.422
1775812200000,83.13,83.21,83.09,83.2,2908.872
1775812500000,83.2,83.46,83.12,83.35,14396.56
1775812800000,83.34,83.47,83.31,83.4,10446.109
1775813100000,83.41,83.43,83.36,83.4,5770.122
1775813400000,83.4,83.44,83.35,83.41,2884.067
1775813700000,83.41,83.46,83.36,83.42,2200.329
1775814000000,83.41,83.41,83.36,83.4,1663.025
1775814300000,83.4,83.42,83.36,83.37,2526.937
1775814600000,83.38,83.43,83.36,83.42,7489.438
1775814900000,83.43,83.59,83.39,83.53,30232.21
1775815200000,83.52,83.54,83.48,83.5,5529.396
1775815500000,83.5,83.52,83.43,83.51,7736.952
1775815800000,83.52,83.53,83.48,83.49,6940.075
1775816100000,83.48,83.49,83.41,83.45,4117.342
1775816400000,83.45,83.46,83.29,83.3,5087.153
1775816700000,83.3,83.35,83.23,83.24,2408.718
1775817000000,83.25,83.32,83.23,83.28,3979.44
1775817300000,83.28,83.3,83.21,83.29,1949.202
1775817600000,83.29,83.35,83.18,83.19,3660.146
1775817900000,83.19,83.23,83.15,83.18,9698.883
1775818200000,83.19,83.34,83.11,83.29,10349.412
1775818500000,83.29,83.35,83.26,83.31,3814.868
1775818800000,83.31,83.48,83.3,83.43,5893.955
1775819100000,83.43,83.68,83.39,83.62,9484.175
1775819400000,83.62,83.68,83.58,83.68,5338.996
1775819700000,83.68,83.7,83.56,83.63,6442.966
1775820000000,83.63,83.67,83.58,83.66,4483.112
1775820300000,83.65,83.65,83.58,83.63,7315.923
1775820600000,83.63,83.66,83.43,83.55,25912.559
1775820900000,83.55,83.72,83.55,83.71,30151.981
1775821200000,83.71,83.74,83.59,83.6,9584.028
1775821500000,83.61,83.72,83.56,83.69,5920.423
1775821800000,83.69,83.7,83.61,83.62,5718.067
1775822100000,83.62,83.62,83.5,83.52,18699.023
1775822400000,83.52,83.64,83.49,83.64,4237.983
1775822700000,83.64,83.69,83.54,83.56,23954.077
1775823000000,83.56,83.57,83.52,83.54,2081.416
1775823300000,83.55,83.66,83.5,83.64,4059.219
1775823600000,83.64,83.82,83.5,83.53,9602.37
1775823900000,83.53,83.79,83.36,83.69,11847.325
1775824200000,83.69,83.95,83.36,83.85,53233.163
1775824500000,83.85,84.2,83.78,84.2,23632.54
1775824800000,84.2,84.42,84.12,84.13,23418.512
1775825100000,84.13,84.36,84.12,84.35,10392.259
1775825400000,84.35,84.36,84.12,84.12,11404.885
1775825700000,84.13,84.18,84.06,84.11,5597.12
1775826000000,84.11,84.11,83.98,83.99,13735.214
1775826300000,83.98,84.04,83.89,83.99,10604.121
1775826600000,83.99,84.08,83.97,84.03,3260.012
1775826900000,84.03,84.18,83.95,84.08,24415.239
1775827200000,84.07,84.21,84.03,84.12,6446.18
1775827500000,84.12,84.17,84.05,84.06,5506.348
1775827800000,84.06,84.22,83.81,83.84,13692.872
1775828100000,83.84,83.87,83.59,83.64,10645.455
1775828400000,83.64,83.85,83.61,83.85,6182.242
1775828700000,83.86,84.35,83.81,84.31,11311.96
1775829000000,84.3,84.32,84.05,84.22,20352.126
1775829300000,84.22,84.4,84.19,84.27,6884.28
1775829600000,84.27,84.36,84.19,84.27,13912.391
1775829900000,84.28,84.48,84.19,84.23,11662.793
1775830200000,84.23,84.72,84.2,84.61,18299.418
1775830500000,84.6,84.77,84.53,84.69,17538.078
1775830800000,84.69,85.07,84.68,85.06,24749.767
1775831100000,85.06,85.11,84.84,84.91,22207.462
1775831400000,84.92,85.22,84.92,85.08,31138.957
1775831700000,85.08,85.24,84.99,85.07,15925.909
1775832000000,85.08,85.09,84.63,84.8,28219.358
1775832300000,84.81,84.94,84.73,84.8,11677.036
1775832600000,84.8,85.15,84.8,85.04,11802.007
1775832900000,85.04,85.1,84.96,85.08,9292.211
1775833200000,85.08,85.3,85.07,85.14,21026.057
1775833500000,85.13,85.25,85.02,85.21,6656.155
1775833800000,85.21,85.35,85.13,85.13,10746.543
1775834100000,85.12,85.18,84.97,85.12,7800.914
1775834400000,85.11,85.58,85.1,85.52,14843.247
1775834700000,85.51,85.52,84.82,84.84,13110.41
1775835000000,84.84,84.94,84.74,84.78,16088.62
1775835300000,84.77,84.81,84.66,84.72,9939.773
1775835600000,84.71,84.72,84.47,84.69,13995.394
1775835900000,84.68,84.7,84.37,84.44,6548.656
1775836200000,84.44,84.56,84.39,84.41,16120.585
1775836500000,84.42,84.46,84.07,84.24,23552.812
1775836800000,84.25,84.34,84.14,84.2,27289.911
1775837100000,84.2,84.34,84.18,84.29,4533.684
1775837400000,84.28,84.54,84.28,84.49,7054.013
1775837700000,84.49,84.72,84.47,84.63,9662.146
1775838000000,84.63,84.64,84.38,84.63,7134.15
1775838300000,84.63,84.65,84.55,84.61,3969.937
1775838600000,84.61,84.66,84.42,84.64,4307.494
1775838900000,84.64,84.69,84.56,84.56,3187.383
1775839200000,84.57,84.59,84.44,84.52,3349.184
1775839500000,84.53,84.7,84.51,84.65,3812.974
1775839800000,84.66,84.87,84.66,84.8,6372.533
1775840100000,84.8,84.91,84.79,84.84,4565.241
1775840400000,84.84,84.85,84.72,84.73,4759.89
1775840700000,84.73,84.77,84.67,84.72,5970.011
1775841000000,84.71,84.75,84.59,84.72,3208.027
1775841300000,84.72,84.86,84.66,84.81,6777.531
1775841600000,84.8,84.89,84.75,84.81,2125.33
1775841900000,84.8,84.87,84.68,84.69,4861.575
1775842200000,84.69,84.72,84.58,84.69,5224.603
1775842500000,84.69,84.69,84.45,84.62,3348.727
1775842800000,84.63,84.65,84.47,84.62,3760.41
1775843100000,84.61,84.77,84.61,84.7,1530.188
1775843400000,84.7,84.87,84.69,84.81,6848.978
1775843700000,84.81,84.9,84.79,84.87,3599.194
1775844000000,84.88,84.9,84.65,84.68,5483.992
1775844300000,84.68,84.79,84.62,84.76,1840.791
1775844600000,84.77,84.9,84.76,84.9,1699.871
1775844900000,84.89,85.03,84.77,84.79,14518.142
1775845200000,84.79,84.91,84.78,84.81,4751.73
1775845500000,84.81,84.9,84.69,84.89,5490.856
1775845800000,84.89,84.95,84.85,84.88,3612.591
1775846100000,84.87,84.98,84.84,84.93,3141.683
1775846400000,84.92,84.99,84.85,84.93,4623.232
1775846700000,84.94,84.99,84.92,84.98,2806.393
1775847000000,84.98,85.25,84.96,85.25,6041.406
1775847300000,85.24,85.27,85.15,85.21,3364.591
1775847600000,85.21,85.25,85.15,85.18,3072.54
1775847900000,85.18,85.35,85.17,85.23,4285.762
1775848200000,85.22,85.47,85.21,85.45,7161.908
1775848500000,85.46,85.47,85.32,85.34,3346.375
1775848800000,85.35,85.37,85.2,85.32,6432.225
1775849100000,85.32,85.32,85.18,85.22,4901.133
1775849400000,85.22,85.22,85.11,85.2,7248.424
1775849700000,85.2,85.2,85.13,85.13,5342.392
1775850000000,85.14,85.17,85.13,85.16,4861.744
1775850300000,85.16,85.2,85.11,85.19,3160.695
1775850600000,85.2,85.42,85.18,85.38,5378.36
1775850900000,85.38,85.47,85.35,85.44,5563.009
1775851200000,85.45,85.52,85.4,85.45,6124.256
1775851500000,85.45,85.47,85.23,85.44,7557.083
1775851800000,85.44,85.44,85.31,85.38,5824.695
1775852100000,85.37,85.46,85.33,85.44,4418.651
1775852400000,85.44,85.45,85.25,85.28,4197.94
1775852700000,85.28,85.38,85.27,85.37,3449.941
1775853000000,85.37,85.67,85.34,85.38,10787.378
1775853300000,85.39,85.43,85.05,85.06,8132.541
1775853600000,85.07,85.19,85.06,85.18,6486.584
1775853900000,85.18,85.3,85.06,85.26,3014.356
1775854200000,85.25,85.31,85.21,85.28,3170.339
1775854500000,85.29,85.54,85.29,85.45,6597.804
1775854800000,85.44,85.45,85.34,85.35,3275.747
1775855100000,85.35,85.35,85.07,85.15,5892.038
1775855400000,85.16,85.17,84.98,85.03,8185.242
1775855700000,85.03,85.05,84.97,85.01,4274.652
1775856000000,85.0,85.12,84.97,85.07,6177.075
1775856300000,85.07,85.15,85.04,85.1,2856.238
1775856600000,85.1,85.1,84.99,85.0,2381.014
1775856900000,84.99,85.14,84.99,85.06,4813.76
1775857200000,85.05,85.13,84.97,85.09,5287.445
1775857500000,85.09,85.1,85.02,85.1,2610.618
1775857800000,85.09,85.21,85.07,85.16,4163.046
1775858100000,85.16,85.26,85.16,85.23,2422.357
1775858400000,85.24,85.26,85.08,85.22,4446.759
1775858700000,85.22,85.28,85.18,85.19,4349.162
1775859000000,85.19,85.24,85.16,85.16,2202.447
1775859300000,85.15,85.2,85.06,85.1,6786.557
1775859600000,85.09,85.09,84.94,84.97,4099.0
1775859900000,84.97,85.03,84.96,84.99,2281.708
1775860200000,84.98,85.01,84.97,84.98,3609.598
1775860500000,84.99,85.0,84.7,84.77,15844.863
1775860800000,84.76,84.77,84.65,84.74,7232.078
1775861100000,84.74,84.79,84.73,84.73,2943.409
1775861400000,84.72,84.85,84.72,84.85,2215.254
1775861700000,84.84,84.89,84.83,84.87,3113.416
1775862000000,84.87,84.89,84.76,84.79,3874.458
1775862300000,84.79,84.85,84.77,84.8,3833.991
1775862600000,84.81,84.83,84.75,84.81,4741.623
1775862900000,84.8,84.83,84.75,84.77,3836.986
1775863200000,84.76,84.95,84.76,84.85,2943.522
1775863500000,84.85,84.89,84.82,84.87,2051.262
1775863800000,84.87,84.88,84.78,84.86,2722.499
1775864100000,84.87,84.89,84.81,84.81,2497.777
1775864400000,84.81,84.83,84.79,84.79,1819.881
1775864700000,84.78,84.82,84.75,84.8,1259.523
1775865000000,84.81,84.83,84.75,84.76,3297.491
1775865300000,84.76,84.83,84.75,84.83,2166.78
1775865600000,84.83,84.85,84.63,84.63,3355.495
1775865900000,84.62,84.65,84.52,84.6,5037.517
1775866200000,84.6,84.66,84.58,84.66,2589.998
1775866500000,84.66,84.72,84.65,84.69,2223.926
1775866800000,84.7,84.77,84.64,84.72,2591.555
1775867100000,84.71,84.74,84.68,84.71,1831.582
1775867400000,84.71,84.71,84.62,84.68,2260.681
1775867700000,84.68,84.78,84.68,84.77,1866.51
1775868000000,84.76,84.78,84.66,84.66,1111.929
1775868300000,84.66,84.7,84.58,84.68,2744.517
1775868600000,84.68,84.72,84.65,84.69,2610.924
1775868900000,84.69,84.7,84.68,84.68,321.846
1775869200000,84.68,84.68,84.54,84.57,2694.508
1775869500000,84.58,84.73,84.58,84.71,1453.491
1775869800000,84.71,84.71,84.55,84.56,1038.584
1775870100000,84.56,84.57,84.38,84.48,11028.168
1775870400000,84.47,84.48,84.41,84.46,1536.56
1775870700000,84.45,84.53,84.4,84.53,3847.33
1775871000000,84.53,84.68,84.51,84.6,3202.466
1775871300000,84.6,84.61,84.46,84.49,2143.515
1775871600000,84.48,84.54,84.48,84.51,2030.065
1775871900000,84.51,84.64,84.5,84.6,2022.662
1775872200000,84.61,84.68,84.61,84.66,3374.3
1775872500000,84.65,84.68,84.63,84.67,2353.516
1775872800000,84.68,84.69,84.59,84.67,2773.004
1775873100000,84.67,84.79,84.61,84.66,6260.842
1775873400000,84.66,84.67,84.6,84.66,4202.399
1775873700000,84.66,84.79,84.65,84.76,1585.247
1775874000000,84.76,84.77,84.68,84.69,2731.416
1775874300000,84.68,84.8,84.68,84.79,2755.066
1775874600000,84.8,84.93,84.78,84.88,7003.663
1775874900000,84.87,84.88,84.79,84.87,2000.649
1775875200000,84.86,84.86,84.74,84.8,2178.691
1775875500000,84.8,84.81,84.67,84.68,3710.616
1775875800000,84.67,84.78,84.66,84.74,2925.809
1775876100000,84.74,84.81,84.74,84.8,969.237
1775876400000,84.81,84.84,84.79,84.79,1337.486
1775876700000,84.8,84.8,84.68,84.76,1386.223
1775877000000,84.76,84.9,84.76,84.88,1659.757
1775877300000,84.87,84.9,84.83,84.85,794.115
1775877600000,84.84,84.88,84.81,84.81,1907.046
1775877900000,84.8,84.86,84.8,84.82,1396.333
1775878200000,84.81,84.85,84.7,84.7,3972.431
1775878500000,84.69,84.72,84.62,84.72,2003.253
1775878800000,84.72,84.81,84.69,84.72,2262.631
1775879100000,84.72,84.72,84.62,84.66,3263.94
1775879400000,84.66,84.66,84.51,84.52,17432.283
1775879700000,84.53,84.53,84.31,84.4,10123.196
1775880000000,84.4,84.5,84.33,84.45,4565.413
1775880300000,84.46,84.62,84.46,84.5,3841.026
1775880600000,84.51,84.55,84.4,84.41,4526.801
1775880900000,84.4,84.41,84.28,84.3,3849.262
1775881200000,84.3,84.31,84.23,84.28,8635.412
1775881500000,84.28,84.34,84.21,84.32,5632.683
1775881800000,84.32,84.42,84.32,84.35,3636.919
1775882100000,84.34,84.4,84.27,84.38,3479.026
1775882400000,84.38,84.39,84.33,84.37,2462.058
1775882700000,84.38,84.38,84.3,84.32,2954.575
1775883000000,84.32,84.36,84.28,84.36,3096.602
1775883300000,84.35,84.38,84.34,84.38,2542.543
1775883600000,84.38,84.4,84.33,84.33,1464.688
1775883900000,84.32,84.38,84.29,84.3,2456.52
1775884200000,84.3,84.31,84.15,84.19,7532.239
1775884500000,84.19,84.22,84.09,84.16,7741.151
1775884800000,84.15,84.26,84.15,84.2,3167.496
1775885100000,84.2,84.25,84.19,84.25,2263.281
1775885400000,84.25,84.34,84.24,84.26,7167.654
1775885700000,84.25,84.28,84.16,84.22,9818.851
1775886000000,84.21,84.33,84.21,84.23,5762.129
1775886300000,84.22,84.28,84.19,84.23,6656.911
1775886600000,84.23,84.23,84.14,84.2,2080.612
1775886900000,84.2,84.2,84.05,84.09,7652.761
1775887200000,84.09,84.1,83.97,84.01,8244.046
1775887500000,84.02,84.05,83.91,83.99,3366.103
1775887800000,83.99,84.07,83.97,83.98,3349.109
1775888100000,83.99,84.06,83.99,84.02,1825.563
1775888400000,84.01,84.06,83.97,83.98,4610.57
1775888700000,83.98,83.99,83.87,83.98,4874.27
1775889000000,83.98,84.04,83.97,83.99,3024.871
1775889300000,83.98,84.08,83.98,84.05,2464.927
1775889600000,84.04,84.07,84.01,84.04,4157.727
1775889900000,84.05,84.09,84.01,84.08,3943.409
1775890200000,84.08,84.13,84.07,84.12,2500.839
1775890500000,84.12,84.19,84.11,84.13,6931.867
1775890800000,84.13,84.13,84.07,84.1,4006.15
1775891100000,84.1,84.12,84.07,84.1,1456.005
1775891400000,84.11,84.15,84.09,84.14,1708.527
1775891700000,84.15,84.24,84.15,84.21,4242.632
1775892000000,84.2,84.35,84.2,84.32,4857.113
1775892300000,84.32,84.32,84.26,84.28,3246.322
1775892600000,84.27,84.33,84.26,84.32,1995.338
1775892900000,84.31,84.33,84.27,84.31,2671.312
1775893200000,84.31,84.32,84.23,84.23,1409.67
1775893500000,84.23,84.24,84.17,84.2,2956.1
1775893800000,84.19,84.21,84.16,84.2,2670.99
1775894100000,84.2,84.28,84.2,84.28,2243.525
1775894400000,84.27,84.27,84.2,84.22,5661.49
1775894700000,84.23,84.31,84.23,84.31,1739.057
1775895000000,84.3,84.39,84.3,84.35,4308.595
1775895300000,84.36,84.38,84.34,84.34,1539.686
1775895600000,84.35,84.42,84.33,84.37,2800.791
1775895900000,84.36,84.39,84.34,84.34,953.291
1775896200000,84.33,84.41,84.33,84.37,4469.771
1775896500000,84.37,84.38,84.32,84.37,1579.769
1775896800000,84.37,84.43,84.35,84.39,4746.907
1775897100000,84.38,84.39,84.33,84.33,1227.033
1775897400000,84.33,84.33,84.19,84.24,4339.16
1775897700000,84.24,84.24,84.17,84.17,1600.354
1775898000000,84.16,84.21,84.14,84.21,2990.684
1775898300000,84.21,84.21,84.17,84.19,3088.109
1775898600000,84.2,84.24,84.18,84.24,3058.926
1775898900000,84.23,84.66,84.23,84.58,9796.041
1775899200000,84.58,84.8,84.56,84.65,5927.039
1775899500000,84.64,84.7,84.64,84.65,2010.539
1775899800000,84.65,84.66,84.46,84.48,4731.789
1775900100000,84.47,84.69,84.46,84.67,5464.302
1775900400000,84.67,84.74,84.47,84.47,13165.663
1775900700000,84.48,84.56,84.47,84.47,2582.782
1775901000000,84.47,84.55,84.45,84.5,2532.347
1775901300000,84.49,84.55,84.45,84.5,4040.122
1775901600000,84.49,84.53,84.44,84.46,3496.187
1775901900000,84.46,84.49,84.44,84.47,3360.72
1775902200000,84.48,84.48,84.21,84.26,7433.432
1775902500000,84.26,84.27,84.14,84.17,7193.824
1775902800000,84.17,84.27,84.16,84.26,1901.662
1775903100000,84.26,84.31,84.26,84.28,6506.322
1775903400000,84.28,84.29,84.23,84.27,3424.308
1775903700000,84.27,84.28,84.12,84.13,6923.65
1775904000000,84.13,84.16,84.07,84.08,2787.292
1775904300000,84.08,84.08,83.95,84.05,9021.387
1775904600000,84.05,84.11,84.04,84.09,5816.738
1775904900000,84.1,84.13,84.05,84.05,2804.88
1775905200000,84.06,84.07,84.01,84.05,5239.861
1775905500000,84.04,84.15,84.04,84.1,5678.997
1775905800000,84.1,84.11,84.0,84.01,4166.68
1775906100000,84.0,84.09,83.8,84.06,17472.691
1775906400000,84.05,84.11,84.05,84.11,2194.696
1775906700000,84.11,84.13,84.06,84.06,1881.094
1775907000000,84.07,84.09,84.05,84.06,3447.479
1775907300000,84.07,84.14,84.06,84.13,1960.331
1775907600000,84.12,84.13,84.11,84.13,2339.095
1775907900000,84.13,84.15,84.09,84.14,2550.738
1775908200000,84.13,84.25,84.12,84.23,1869.001
1775908500000,84.22,84.28,84.22,84.24,2401.104
1775908800000,84.24,84.25,84.15,84.19,2694.986
1775909100000,84.2,84.29,84.2,84.21,5621.44
1775909400000,84.21,84.22,84.12,84.18,1203.411
1775909700000,84.18,84.22,84.15,84.16,1230.819
1775910000000,84.16,84.16,84.07,84.07,3090.149
1775910300000,84.07,84.21,84.06,84.2,925.257
1775910600000,84.21,84.24,84.14,84.24,2143.986
1775910900000,84.24,84.27,84.21,84.24,9306.834
1775911200000,84.25,84.42,84.24,84.41,2256.719
1775911500000,84.42,84.57,84.23,84.25,33162.44
1775911800000,84.24,84.26,84.21,84.23,1572.821
1775912100000,84.23,84.24,84.2,84.24,1341.881
1775912400000,84.23,84.25,84.09,84.18,4642.433
1775912700000,84.19,84.19,84.09,84.1,1272.414
1775913000000,84.09,84.09,83.84,83.99,20130.002
1775913300000,83.99,84.32,83.99,84.3,6281.264
1775913600000,84.31,84.31,84.15,84.15,2228.079
1775913900000,84.15,84.24,84.06,84.07,2747.188
1775914200000,84.07,84.12,84.02,84.06,2272.935
1775914500000,84.06,84.15,84.06,84.12,2041.964
1775914800000,84.11,84.23,84.1,84.15,1581.484
1775915100000,84.14,84.2,84.12,84.2,809.151
1775915400000,84.19,84.2,84.12,84.15,2050.025
1775915700000,84.14,84.18,84.1,84.11,2168.914
1775916000000,84.11,84.15,84.08,84.13,4824.152
1775916300000,84.13,84.31,84.02,84.31,24446.735
1775916600000,84.31,84.32,84.27,84.28,3236.262
1775916900000,84.28,84.33,84.25,84.31,3160.895
1775917200000,84.31,84.42,84.3,84.36,5238.185
1775917500000,84.36,84.36,84.28,84.31,2429.345
1775917800000,84.31,84.31,84.2,84.25,1653.585
1775918100000,84.26,84.34,84.26,84.27,4416.815
1775918400000,84.27,84.3,84.22,84.29,1776.278
1775918700000,84.29,84.33,84.29,84.29,3236.396
1775919000000,84.29,84.34,84.29,84.33,13596.03
1775919300000,84.32,84.4,84.27,84.38,14081.746
1775919600000,84.38,84.39,84.21,84.35,16732.473
1775919900000,84.34,84.39,84.28,84.38,8667.33
1775920200000,84.38,84.45,84.37,84.43,5389.658
1775920500000,84.44,84.87,84.4,84.71,18751.068
1775920800000,84.71,84.73,84.6,84.64,6729.005
1775921100000,84.63,84.76,84.55,84.72,9684.084
1775921400000,84.72,84.88,84.61,84.68,28114.363
1775921700000,84.69,84.7,84.63,84.67,4225.63
1775922000000,84.67,84.68,84.55,84.58,2494.507
1775922300000,84.57,84.66,84.54,84.55,4532.687
1775922600000,84.55,84.72,84.52,84.64,4014.091
1775922900000,84.64,84.69,84.61,84.66,4361.066
1775923200000,84.67,84.74,84.66,84.74,3680.37
1775923500000,84.74,84.8,84.6,84.65,2641.998
1775923800000,84.65,84.78,84.62,84.76,3023.275
1775924100000,84.76,84.86,84.69,84.73,4028.796
1775924400000,84.73,84.74,84.61,84.65,3394.526
1775924700000,84.66,84.71,84.62,84.69,2236.238
1775925000000,84.7,84.75,84.69,84.71,1470.435
1775925300000,84.71,84.94,84.71,84.88,4348.721
1775925600000,84.88,85.4,84.88,85.19,28005.283
1775925900000,85.19,85.25,85.06,85.15,6737.845
1775926200000,85.14,85.14,84.94,85.0,4881.866
1775926500000,85.0,85.05,84.96,84.98,5312.663
1775926800000,84.98,85.01,84.91,84.92,3039.22
1775927100000,84.92,84.92,84.79,84.81,4984.389
1775927400000,84.81,84.89,84.77,84.83,5347.209
1775927700000,84.83,84.83,84.68,84.75,3946.207
1775928000000,84.75,84.91,84.72,84.89,2244.72
1775928300000,84.89,84.91,84.81,84.84,2418.719
1775928600000,84.85,84.97,84.85,84.95,5290.59
1775928900000,84.95,84.97,84.89,84.92,4441.21
1775929200000,84.93,84.93,84.87,84.9,778.672
1775929500000,84.89,84.92,84.77,84.8,4971.588
1775929800000,84.81,84.88,84.79,84.83,4008.384
1775930100000,84.82,84.83,84.73,84.8,3339.746
1775930400000,84.8,84.81,84.67,84.67,5972.534
1775930700000,84.67,84.73,84.64,84.73,5973.952
1775931000000,84.73,84.75,84.68,84.75,1842.983
1775931300000,84.74,84.91,84.74,84.91,5203.52
1775931600000,84.91,85.0,84.91,84.94,7051.819
1775931900000,84.94,84.96,84.92,84.96,3821.302
1775932200000,84.96,85.23,84.95,85.16,17960.143
1775932500000,85.17,85.8,85.17,85.52,76117.082
1775932800000,85.53,85.58,85.41,85.46,14345.655
1775933100000,85.46,85.63,85.36,85.54,18951.511
1775933400000,85.55,85.56,85.4,85.4,4072.962
1775933700000,85.41,85.48,85.35,85.48,5470.34
1775934000000,85.48,85.58,85.42,85.5,8232.79
1775934300000,85.51,85.88,85.5,85.75,24897.195
1775934600000,85.76,85.82,85.61,85.63,8587.145
1775934900000,85.63,85.91,85.63,85.66,13076.505
1775935200000,85.65,85.65,85.51,85.62,3733.921
1775935500000,85.63,85.88,85.62,85.8,10216.035
1775935800000,85.81,86.26,85.81,86.11,40273.008
1775936100000,86.11,86.14,86.05,86.08,6192.187
1775936400000,86.08,86.1,86.03,86.09,4273.777
1775936700000,86.08,86.09,85.9,85.96,4953.824
1775937000000,85.96,86.05,85.9,85.92,5235.753
1775937300000,85.91,86.01,85.87,86.01,2492.369
1775937600000,86.01,86.08,85.65,85.72,11271.216
1775937900000,85.72,85.81,85.67,85.75,6160.062
1775938200000,85.74,85.74,85.58,85.68,5287.573
1775938500000,85.68,85.77,85.59,85.6,5053.052
1775938800000,85.59,85.59,85.4,85.41,5254.272
1775939100000,85.42,85.5,85.41,85.45,3441.087
1775939400000,85.45,85.45,85.12,85.21,13868.359
1775939700000,85.21,85.34,85.12,85.24,7080.967
1775940000000,85.24,85.36,85.21,85.34,6089.679
1775940300000,85.35,85.52,85.3,85.48,5741.418
1775940600000,85.48,85.56,85.47,85.51,5154.492
1775940900000,85.51,85.51,85.39,85.4,4652.543
1775941200000,85.41,85.46,85.2,85.42,2740.206
1775941500000,85.43,85.5,85.41,85.5,1817.674
1775941800000,85.49,85.54,85.41,85.45,3628.112
1775942100000,85.44,85.47,85.38,85.44,1760.964
1775942400000,85.44,85.45,85.3,85.34,3539.664
1775942700000,85.34,85.34,85.26,85.32,1279.768
1775943000000,85.31,85.33,85.2,85.29,6606.293
1775943300000,85.29,85.39,85.29,85.32,1999.181
1775943600000,85.33,85.4,85.28,85.28,4261.835
1775943900000,85.29,85.45,85.29,85.36,2892.122
1775944200000,85.36,85.5,85.35,85.43,2028.643
1775944500000,85.42,85.42,85.29,85.34,5298.949
1775944800000,85.33,85.42,85.24,85.42,2396.112
1775945100000,85.42,85.58,85.42,85.51,4773.142
1775945400000,85.5,85.57,85.46,85.5,1943.439
1775945700000,85.49,86.19,85.48,85.9,45231.206
1775946000000,85.9,85.92,85.79,85.8,5432.563
1775946300000,85.79,85.8,85.58,85.66,9087.547
1775946600000,85.65,85.67,85.3,85.31,10045.046
1775946900000,85.31,85.44,85.05,85.14,15849.892
1775947200000,85.15,85.28,85.14,85.16,7190.458
1775947500000,85.15,85.26,85.15,85.22,3584.984
1775947800000,85.22,85.22,85.13,85.15,3903.545
1775948100000,85.15,85.32,85.15,85.28,5087.634
1775948400000,85.28,85.28,84.78,84.84,8768.291
1775948700000,84.84,84.88,84.61,84.65,14840.21
1775949000000,84.64,84.83,84.52,84.8,5742.986
1775949300000,84.8,84.91,84.75,84.89,2743.609
1775949600000,84.9,85.04,84.88,85.03,3353.291
1775949900000,85.03,85.05,84.97,84.97,2006.585
1775950200000,84.96,85.09,84.94,85.05,2633.269
1775950500000,85.04,85.1,85.0,85.06,4407.117
1775950800000,85.05,85.05,84.86,84.86,3573.644
1775951100000,84.86,84.98,84.86,84.94,11146.306
1775951400000,84.94,84.96,84.87,84.87,2520.103
1775951700000,84.87,84.95,84.87,84.93,1765.817
1775952000000,84.94,84.94,84.7,84.77,6838.132
1775952300000,84.77,84.95,84.77,84.86,3463.174
1775952600000,84.86,84.99,84.79,84.84,6296.199
1775952900000,84.84,84.91,84.8,84.91,3144.505
1775953200000,84.92,85.0,84.88,84.95,2900.59
1775953500000,84.95,85.0,84.91,84.91,3950.966
1775953800000,84.91,84.96,84.85,84.95,2364.953
1775954100000,84.94,85.0,84.83,84.84,2975.811
1775954400000,84.83,84.93,84.77,84.89,2637.317
1775954700000,84.9,84.93,84.79,84.8,5383.554
1775955000000,84.81,84.87,84.78,84.84,1558.021
1775955300000,84.83,84.9,84.83,84.9,3731.075
1775955600000,84.89,84.98,84.83,84.85,1858.923
1775955900000,84.85,84.9,84.73,84.87,2077.136
1775956200000,84.88,84.93,84.79,84.8,3070.794
1775956500000,84.8,84.83,84.66,84.75,5398.612
1775956800000,84.76,84.82,84.73,84.74,1127.828
1775957100000,84.75,84.77,84.68,84.71,1761.519
1775957400000,84.71,84.73,84.12,84.13,21447.984
1775957700000,84.13,84.13,83.25,83.62,112817.544
1775958000000,83.61,83.66,82.58,82.85,55066.29
1775958300000,82.84,82.84,82.18,82.28,51161.497
1775958600000,82.27,82.49,82.04,82.48,32775.431
1775958900000,82.49,82.5,82.14,82.31,19930.025
1775959200000,82.3,82.39,81.95,81.98,34474.979
1775959500000,81.99,82.27,81.84,82.26,21657.732
1775959800000,82.27,82.73,82.18,82.58,24846.531
1775960100000,82.58,83.03,82.57,82.84,27082.912
1775960400000,82.84,82.86,82.59,82.66,11350.221
1775960700000,82.65,82.75,82.54,82.66,15007.596
1775961000000,82.65,82.87,82.64,82.8,8416.057
1775961300000,82.79,82.84,82.62,82.62,18861.868
1775961600000,82.62,82.69,82.56,82.66,6263.192
1775961900000,82.65,82.74,82.57,82.67,6069.354
1775962200000,82.68,82.72,82.59,82.64,5129.8
1775962500000,82.63,82.72,82.59,82.67,4899.454
1775962800000,82.67,82.77,82.62,82.75,15043.741
1775963100000,82.75,82.79,82.56,82.61,7461.505
1775963400000,82.61,82.69,82.5,82.65,9869.976
1775963700000,82.65,82.7,82.53,82.58,7191.013
1775964000000,82.59,82.65,82.5,82.52,4037.301
1775964300000,82.52,82.59,82.51,82.57,6047.27
1775964600000,82.57,82.62,82.33,82.47,13408.571
1775964900000,82.48,82.54,82.37,82.49,5472.584
1775965200000,82.49,82.56,82.48,82.52,4140.338
1775965500000,82.52,82.52,82.4,82.43,4749.383
1775965800000,82.44,82.53,82.44,82.49,9138.964
1775966100000,82.49,82.49,82.32,82.33,6291.42
1775966400000,82.32,82.42,82.29,82.38,6421.067
1775966700000,82.39,82.46,82.3,82.32,1985.874
1775967000000,82.32,82.37,82.28,82.37,3313.056
1775967300000,82.37,82.45,82.21,82.31,7481.582
1775967600000,82.3,82.37,82.22,82.27,10523.303
1775967900000,82.26,82.31,82.21,82.22,8124.6
1775968200000,82.21,82.3,82.17,82.28,6845.559
1775968500000,82.27,82.27,82.21,82.23,3012.116
1775968800000,82.24,82.32,82.17,82.27,6807.882
1775969100000,82.27,82.29,82.23,82.28,2386.378
1775969400000,82.28,82.3,82.15,82.22,5202.468
1775969700000,82.22,82.25,82.18,82.21,3352.788
1775970000000,82.22,82.32,82.15,82.27,3266.566
1775970300000,82.26,82.35,82.22,82.31,15297.091
1775970600000,82.31,82.31,82.15,82.15,3712.86
1775970900000,82.16,82.23,82.06,82.2,5639.281
1775971200000,82.2,82.37,82.2,82.35,4584.863
1775971500000,82.34,82.44,82.34,82.44,4074.463
1775971800000,82.44,82.49,82.35,82.35,14352.285
1775972100000,82.35,82.35,82.24,82.28,4210.008
1775972400000,82.29,82.29,82.26,82.28,1669.373
1775972700000,82.28,82.33,82.25,82.32,4455.632
1775973000000,82.31,82.45,82.31,82.42,7612.876
1775973300000,82.42,82.47,82.39,82.4,4536.547
1775973600000,82.4,82.47,82.34,82.45,4406.437
1775973900000,82.45,82.5,82.37,82.41,4204.21
1775974200000,82.41,82.46,82.35,82.44,4087.39
1775974500000,82.43,82.43,82.25,82.34,5076.929
1775974800000,82.34,82.37,82.27,82.37,8449.759
1775975100000,82.37,82.44,82.33,82.41,4004.308
1775975400000,82.41,82.41,82.34,82.37,2963.401
1775975700000,82.36,82.38,82.25,82.28,4681.063
1775976000000,82.27,82.33,82.25,82.29,6340.816
1775976300000,82.28,82.31,82.25,82.3,1528.092
1775976600000,82.3,82.33,82.2,82.21,5225.632
1775976900000,82.22,82.28,82.2,82.27,5578.375
1775977200000,82.27,82.31,82.23,82.28,2681.619
1775977500000,82.27,82.36,82.25,82.33,4130.913
1775977800000,82.32,82.4,82.3,82.32,2540.93
1775978100000,82.31,82.32,82.25,82.3,3800.4
1775978400000,82.3,82.36,82.3,82.32,1531.19
1775978700000,82.31,82.36,82.3,82.32,1487.589
1775979000000,82.32,82.38,82.32,82.38,2386.845
1775979300000,82.38,82.45,82.36,82.43,3843.774
1775979600000,82.43,82.44,82.41,82.42,2179.699
1775979900000,82.43,82.44,82.26,82.28,4996.765
1775980200000,82.29,82.37,82.28,82.35,3062.693
1775980500000,82.34,82.34,82.27,82.27,4199.584
1775980800000,82.28,82.29,82.21,82.22,8054.183
1775981100000,82.23,82.27,82.2,82.21,3308.189
1775981400000,82.22,82.23,82.21,82.21,2174.374
1775981700000,82.21,82.26,82.16,82.17,5830.98
1775982000000,82.17,82.23,82.16,82.22,5103.482
1775982300000,82.22,82.27,82.22,82.27,1232.54
1775982600000,82.27,82.27,82.2,82.23,1535.18
1775982900000,82.23,82.27,82.22,82.26,1464.293
1775983200000,82.25,82.31,82.25,82.28,2879.764
1775983500000,82.28,82.29,82.17,82.18,3607.065
1775983800000,82.17,82.23,82.15,82.21,4479.198
1775984100000,82.2,82.29,82.2,82.29,6993.793
1775984400000,82.29,82.33,82.27,82.3,5761.008
1775984700000,82.3,82.41,82.16,82.22,24183.503
1775985000000,82.22,82.27,82.21,82.26,11214.075
1775985300000,82.26,82.28,82.25,82.25,1060.601
1775985600000,82.26,82.26,82.18,82.26,3790.816
1775985900000,82.26,82.26,82.2,82.21,1416.414
1775986200000,82.2,82.27,82.18,82.26,2683.122
1775986500000,82.27,82.3,82.22,82.29,2810.238
1775986800000,82.3,82.3,82.21,82.23,1308.048
1775987100000,82.24,82.26,82.13,82.18,3571.806
1775987400000,82.18,82.21,82.17,82.18,992.995
1775987700000,82.19,82.21,82.18,82.21,1705.556
1775988000000,82.21,82.21,82.16,82.19,2077.565
1775988300000,82.18,82.32,82.18,82.32,3654.983
1775988600000,82.31,82.31,82.17,82.18,2042.554
1775988900000,82.19,82.24,82.19,82.24,4966.48
1775989200000,82.24,82.29,82.23,82.28,1558.954
1775989500000,82.27,82.31,82.25,82.3,2642.571
1775989800000,82.31,82.34,82.27,82.28,3256.104
1775990100000,82.28,82.28,82.24,82.24,1771.945
1775990400000,82.24,82.27,82.24,82.26,714.817
1775990700000,82.27,82.27,82.2,82.22,2222.378
1775991000000,82.23,82.26,81.96,81.99,16219.132
1775991300000,82.0,82.08,81.93,82.04,13187.692
1775991600000,82.04,82.08,81.95,81.95,17000.155
1775991900000,81.95,82.15,81.92,82.11,17276.444
1775992200000,82.11,82.26,81.96,82.23,41567.744
1775992500000,82.23,82.26,82.19,82.2,3301.192
1775992800000,82.2,82.23,82.19,82.19,1880.761
1775993100000,82.18,82.32,82.18,82.31,2485.602
1775993400000,82.31,82.36,82.24,82.25,3241.965
1775993700000,82.24,82.28,82.24,82.25,1697.203
1775994000000,82.26,82.3,82.25,82.26,1928.925
1775994300000,82.26,82.26,82.19,82.23,3453.38
1775994600000,82.22,82.23,82.2,82.22,1958.265
1775994900000,82.22,82.23,82.2,82.22,3064.75
1775995200000,82.21,82.27,82.14,82.24,5324.857
1775995500000,82.23,82.25,82.18,82.21,4799.223
1775995800000,82.22,82.29,82.2,82.29,2487.774
1775996100000,82.29,82.33,82.27,82.32,5069.523
1775996400000,82.33,82.39,82.29,82.38,4140.395
1775996700000,82.39,82.47,82.37,82.45,11318.232
1775997000000,82.45,82.56,82.21,82.29,40902.136
1775997300000,82.3,82.44,82.28,82.42,3841.564
1775997600000,82.41,82.46,82.35,82.42,5007.455
1775997900000,82.43,82.44,82.35,82.36,4922.817
1775998200000,82.35,82.35,81.88,82.12,30119.99
1775998500000,82.13,82.22,81.96,82.02,12824.941
1775998800000,82.01,82.09,81.89,82.08,19528.784
1775999100000,82.07,82.23,82.04,82.13,9405.995
1775999400000,82.13,82.14,81.95,81.96,7330.482
1775999700000,81.97,82.08,81.96,82.0,16466.43
1776000000000,81.99,82.06,81.97,82.03,3326.132
1776000300000,82.03,82.07,81.96,81.96,7401.915
1776000600000,81.96,82.04,81.77,82.03,23392.516
1776000900000,82.03,82.09,81.9,81.95,6804.425
1776001200000,81.95,82.04,81.88,82.01,4008.128
1776001500000,82.01,82.02,81.86,82.0,10732.917
1776001800000,81.99,81.99,81.85,81.89,4066.94
1776002100000,81.89,81.96,81.85,81.89,4194.419
1776002400000,81.89,82.05,81.87,81.97,13997.093
1776002700000,81.96,82.08,81.95,82.05,7485.252
1776003000000,82.05,82.1,81.86,81.98,15704.547
1776003300000,81.97,82.02,81.96,82.02,3347.709
1776003600000,82.01,82.09,81.97,82.04,9534.223
1776003900000,82.03,82.04,81.93,81.96,5226.766
1776004200000,81.95,81.96,81.69,81.74,14230.163
1776004500000,81.73,81.78,81.6,81.63,11034.156
1776004800000,81.62,81.68,81.31,81.39,37893.822
1776005100000,81.39,81.58,81.29,81.47,53924.115
1776005400000,81.47,81.58,81.47,81.51,7894.88
1776005700000,81.5,81.64,81.47,81.56,4705.456
1776006000000,81.57,81.67,81.54,81.65,2453.494
1776006300000,81.64,81.71,81.62,81.68,2526.455
1776006600000,81.68,81.81,81.68,81.78,3325.064
1776006900000,81.77,81.82,81.48,81.57,14090.783
1776007200000,81.56,81.63,81.54,81.57,3113.434
1776007500000,81.58,81.6,81.42,81.43,18469.828
1776007800000,81.43,81.62,81.27,81.56,17814.153
1776008100000,81.56,81.61,81.52,81.56,5452.842
1776008400000,81.57,81.64,81.54,81.6,3096.742
1776008700000,81.6,81.63,81.56,81.58,8966.926
1776009000000,81.58,81.71,81.58,81.66,4176.265
1776009300000,81.66,81.66,81.56,81.59,2905.849
1776009600000,81.59,81.74,81.53,81.69,6425.709
1776009900000,81.69,81.69,81.56,81.56,2280.994
1776010200000,81.56,81.75,81.56,81.74,3424.549
1776010500000,81.74,81.74,81.6,81.61,2546.643
1776010800000,81.6,81.74,81.55,81.74,2400.198
1776011100000,81.75,81.78,81.7,81.76,2581.377
1776011400000,81.77,81.85,81.76,81.84,4134.191
1776011700000,81.84,81.84,81.69,81.7,1919.381
1776012000000,81.7,81.77,81.68,81.74,4170.864
1776012300000,81.74,81.81,81.72,81.76,4678.982
1776012600000,81.76,81.86,81.76,81.82,2507.218
1776012900000,81.83,81.88,81.77,81.88,2034.508
1776013200000,81.88,81.95,81.8,81.9,3851.37
1776013500000,81.9,81.92,81.8,81.83,3420.884
1776013800000,81.83,81.83,81.75,81.76,2013.64
1776014100000,81.75,81.84,81.75,81.83,3087.559
1776014400000,81.82,81.93,81.82,81.93,2859.427
1776014700000,81.93,81.96,81.9,81.92,4698.491
1776015000000,81.92,82.04,81.92,82.0,5029.68
1776015300000,82.0,82.0,81.87,81.95,4257.133
1776015600000,81.94,81.97,81.93,81.95,1911.876
1776015900000,81.95,81.95,81.82,81.91,4347.985
1776016200000,81.92,82.3,81.91,82.15,15657.296
1776016500000,82.15,82.2,82.09,82.18,4855.511
1776016800000,82.19,82.22,82.05,82.19,6062.961
1776017100000,82.19,82.29,82.1,82.14,6343.966
1776017400000,82.14,82.19,82.11,82.18,3445.422
1776017700000,82.19,82.32,82.14,82.17,5351.013
1776018000000,82.16,82.21,82.1,82.14,2660.17
1776018300000,82.14,82.14,82.07,82.07,1933.052
1776018600000,82.08,82.13,82.04,82.07,3417.274
1776018900000,82.07,82.23,82.05,82.23,5510.756
1776019200000,82.23,82.23,82.07,82.1,2027.617
1776019500000,82.1,82.13,82.09,82.12,2571.226
1776019800000,82.11,82.17,82.11,82.15,2298.171
1776020100000,82.16,82.19,82.11,82.13,2682.802
1776020400000,82.14,82.16,82.13,82.15,1275.286
1776020700000,82.16,82.23,82.15,82.2,1737.916
1776021000000,82.2,82.32,82.18,82.18,4590.092
1776021300000,82.18,82.2,82.11,82.12,2330.963
1776021600000,82.12,82.19,82.11,82.17,1293.304
1776021900000,82.17,82.21,82.15,82.2,614.737
1776022200000,82.21,82.24,82.17,82.24,607.493
1776022500000,82.24,82.24,82.08,82.12,2118.025
1776022800000,82.12,82.15,82.1,82.12,1307.754
1776023100000,82.12,82.14,82.0,82.03,5174.857
1776023400000,82.03,82.04,81.92,82.04,4468.377
1776023700000,82.04,82.04,81.93,81.99,1788.357
1776024000000,81.98,82.04,81.98,82.01,2537.086
1776024300000,82.02,82.02,81.94,81.97,4050.334
1776024600000,81.96,82.07,81.96,82.04,4985.116
1776024900000,82.05,82.05,81.96,82.05,3555.251
1776025200000,82.06,82.11,82.03,82.1,1868.898
1776025500000,82.1,82.12,82.08,82.08,628.571
1776025800000,82.08,82.22,82.08,82.2,4054.847
1776026100000,82.21,82.35,82.2,82.32,15384.991
1776026400000,82.33,82.88,82.33,82.71,24011.879
1776026700000,82.72,82.84,82.53,82.56,6841.994
1776027000000,82.55,82.67,82.48,82.64,9667.577
1776027300000,82.63,82.72,82.61,82.67,4554.915
1776027600000,82.68,82.88,82.68,82.69,4643.973
1776027900000,82.7,82.75,82.58,82.6,3058.088
1776028200000,82.6,82.62,82.44,82.53,7836.631
1776028500000,82.53,82.8,82.53,82.7,6284.665
1776028800000,82.7,82.7,82.63,82.68,2966.977
1776029100000,82.68,82.7,82.57,82.63,3534.073
1776029400000,82.64,82.68,82.49,82.5,4598.061
1776029700000,82.5,82.75,82.5,82.69,8316.169
1776030000000,82.7,82.83,82.67,82.75,5759.155
1776030300000,82.76,82.78,82.64,82.69,10287.783
1776030600000,82.69,82.72,82.6,82.66,2637.354
1776030900000,82.66,82.82,82.65,82.8,2792.508
1776031200000,82.79,82.82,81.9,82.09,21615.971
1776031500000,82.09,82.56,82.07,82.19,23155.755
1776031800000,82.2,82.24,81.94,82.17,15578.5
1776032100000,82.17,82.2,81.62,81.64,23818.591
1776032400000,81.65,81.98,81.61,81.85,15853.343
1776032700000,81.85,81.86,81.5,81.54,17852.849
1776033000000,81.55,81.75,81.37,81.71,18326.941
1776033300000,81.7,82.0,81.67,81.91,7922.307
1776033600000,81.9,82.05,81.85,81.91,2843.751
1776033900000,81.92,81.99,81.8,81.81,2423.153
1776034200000,81.81,81.97,81.81,81.91,2179.302
1776034500000,81.92,82.02,81.88,81.98,1569.346
1776034800000,81.98,81.98,81.67,81.84,5397.803
1776035100000,81.83,81.88,81.72,81.79,1985.373
1776035400000,81.79,81.85,81.44,81.5,12316.378
1776035700000,81.49,81.6,81.27,81.59,20273.994
1776036000000,81.59,81.6,81.4,81.42,2543.51
1776036300000,81.42,81.61,81.42,81.54,1908.009
1776036600000,81.53,81.53,81.3,81.41,4346.542
1776036900000,81.4,81.5,81.4,81.46,1872.781
1776037200000,81.46,81.56,81.38,81.56,2942.934
1776037500000,81.56,81.59,81.39,81.46,3131.258
1776037800000,81.45,81.68,81.45,81.51,5609.75
1776038100000,81.51,81.58,81.5,81.53,5732.408
1776038400000,81.54,81.62,81.4,81.61,9791.725
1776038700000,81.61,81.81,81.61,81.8,7635.332
1776039000000,81.8,81.87,81.68,81.78,11206.943
1776039300000,81.77,81.81,81.68,81.69,4420.735
1776039600000,81.7,81.84,81.67,81.81,4236.743
1776039900000,81.81,81.97,81.77,81.77,5851.893
1776040200000,81.76,81.96,81.72,81.96,8695.337
1776040500000,81.95,81.97,81.86,81.86,6319.447
1776040800000,81.85,81.94,81.84,81.91,5660.414
1776041100000,81.91,82.05,81.85,82.01,5385.952
1776041400000,82.0,82.22,81.95,82.17,8630.687
1776041700000,82.17,82.18,82.07,82.15,4444.449
1776042000000,82.15,82.25,82.12,82.22,5959.007
1776042300000,82.22,82.23,82.12,82.14,3956.833
1776042600000,82.14,82.35,81.97,82.0,22030.596
1776042900000,82.0,82.05,81.98,82.02,2852.564
1776043200000,82.03,82.06,81.99,82.03,3290.896
1776043500000,82.03,82.15,82.02,82.07,5482.308
1776043800000,82.06,82.18,82.0,82.16,3724.87
1776044100000,82.15,82.25,82.06,82.06,5243.015
1776044400000,82.06,82.17,82.05,82.14,2202.608
1776044700000,82.14,82.24,82.12,82.21,2875.254
1776045000000,82.2,82.28,82.2,82.2,5208.71
1776045300000,82.21,82.35,82.2,82.33,2845.25
1776045600000,82.33,82.44,82.3,82.33,6334.583
1776045900000,82.32,82.33,82.22,82.26,4006.827
1776046200000,82.26,82.28,82.03,82.08,10250.022
1776046500000,82.08,82.13,82.03,82.08,4146.346
1776046800000,82.08,82.22,82.07,82.2,4256.292
1776047100000,82.21,82.44,82.21,82.34,4473.91
1776047400000,82.34,82.41,82.14,82.18,7832.299
1776047700000,82.18,82.21,81.93,82.01,4374.5
1776048000000,82.02,82.07,81.94,81.94,4366.739
1776048300000,81.95,82.02,81.92,82.0,1533.923
1776048600000,81.99,82.0,81.89,81.97,3529.299
1776048900000,81.97,81.99,81.92,81.94,1530.086
1776049200000,81.95,81.98,81.81,81.98,5430.266
1776049500000,81.97,81.97,81.81,81.82,3075.238
1776049800000,81.83,81.89,81.8,81.87,9547.336
1776050100000,81.87,82.06,81.77,82.03,4634.009
1776050400000,82.04,82.07,81.89,81.91,4147.329
1776050700000,81.9,82.02,81.9,81.96,3454.953
1776051000000,81.96,82.06,81.96,82.0,934.77
1776051300000,81.99,82.02,81.73,81.83,3959.292
1776051600000,81.83,81.89,81.8,81.89,2405.846
1776051900000,81.89,81.9,81.85,81.89,948.23
1776052200000,81.89,81.92,81.86,81.89,818.435
1776052500000,81.9,81.94,81.89,81.91,831.202
1776052800000,81.9,82.01,81.9,81.96,1703.329
1776053100000,81.96,81.96,81.85,81.91,954.439
1776053400000,81.92,81.97,81.87,81.95,1171.581
1776053700000,81.95,81.97,81.87,81.95,914.015
1776054000000,81.96,82.0,81.92,81.95,1665.475
1776054300000,81.94,82.06,81.94,82.0,3865.222
1776054600000,82.01,82.11,82.0,82.09,1545.899
1776054900000,82.09,82.16,82.05,82.16,1892.984
1776055200000,82.16,82.25,82.13,82.13,1422.756
1776055500000,82.14,82.14,82.05,82.1,2049.598
1776055800000,82.1,82.1,81.88,81.97,2971.258
1776056100000,81.98,82.11,81.85,81.9,9616.288
1776056400000,81.91,81.99,81.87,81.91,2535.962
1776056700000,81.91,81.94,81.75,81.75,3595.545
1776057000000,81.76,81.79,81.67,81.74,3323.55
1776057300000,81.74,81.81,81.72,81.72,1594.339
1776057600000,81.72,81.77,81.65,81.75,2802.216
1776057900000,81.76,81.79,81.63,81.77,6697.32
1776058200000,81.77,81.77,81.6,81.7,3892.214
1776058500000,81.71,81.73,81.54,81.61,3808.032
1776058800000,81.6,81.7,81.6,81.64,1925.549
1776059100000,81.65,81.86,81.65,81.74,3805.151
1776059400000,81.73,81.84,81.73,81.82,907.161
1776059700000,81.81,81.87,81.75,81.85,2498.597
1776060000000,81.85,82.07,81.81,82.07,4999.644
1776060300000,82.07,82.13,82.01,82.02,4161.259
1776060600000,82.02,82.08,82.0,82.06,2636.52
1776060900000,82.06,82.39,82.02,82.29,8855.895
1776061200000,82.29,82.41,82.23,82.39,7968.839
1776061500000,82.39,82.41,82.24,82.36,6287.232
1776061800000,82.35,82.46,82.3,82.3,8622.68
1776062100000,82.31,82.43,82.16,82.39,14137.299
1776062400000,82.4,82.42,82.24,82.35,7654.02
1776062700000,82.35,82.53,82.32,82.49,10829.92
1776063000000,82.48,82.6,82.42,82.43,9327.257
1776063300000,82.42,82.46,82.33,82.36,5315.274
1776063600000,82.36,82.41,82.27,82.36,6356.448
1776063900000,82.36,82.36,82.19,82.23,2694.212
1776064200000,82.22,82.26,82.19,82.24,1915.796
1776064500000,82.23,82.23,82.09,82.11,3379.525
1776064800000,82.11,82.12,81.86,81.91,21501.899
1776065100000,81.91,81.96,81.9,81.94,2189.436
1776065400000,81.94,82.03,81.93,81.95,3947.059
1776065700000,81.94,82.13,81.93,82.07,2194.216
1776066000000,82.07,82.1,82.0,82.07,4781.878
1776066300000,82.07,82.21,82.04,82.14,4132.302
1776066600000,82.14,82.21,82.1,82.11,2656.09
1776066900000,82.1,82.19,82.1,82.17,2625.584
1776067200000,82.17,82.25,82.06,82.22,10478.834
1776067500000,82.22,82.32,82.03,82.07,44080.682
1776067800000,82.08,82.16,82.0,82.0,3437.201
1776068100000,82.01,82.01,81.88,81.89,8803.018
1776068400000,81.89,81.96,81.85,81.96,3674.26
1776068700000,81.95,82.07,81.95,81.99,4875.053
1776069000000,81.98,81.98,81.87,81.9,2643.444
1776069300000,81.91,81.94,81.84,81.85,2687.545
1776069600000,81.84,81.88,81.75,81.78,4893.15
1776069900000,81.78,81.9,81.74,81.86,2796.948
1776070200000,81.85,81.86,81.76,81.85,4724.743
1776070500000,81.85,81.88,81.83,81.86,2567.002
1776070800000,81.87,82.22,81.87,82.15,8527.19
1776071100000,82.15,82.16,81.93,81.93,9694.886
1776071400000,81.94,81.97,81.88,81.89,3514.28
1776071700000,81.89,82.05,81.76,81.98,46543.149
1776072000000,81.98,82.09,81.98,82.02,4162.891
1776072300000,82.02,82.08,81.97,81.99,2337.989
1776072600000,81.99,82.04,81.98,82.0,1296.115
1776072900000,82.01,82.03,81.94,81.99,3111.568
1776073200000,81.99,82.01,81.93,81.94,8428.535
1776073500000,81.94,81.95,81.88,81.9,1614.533
1776073800000,81.9,81.9,81.86,81.87,1858.676
1776074100000,81.88,81.93,81.86,81.86,993.231
1776074400000,81.86,81.91,81.83,81.88,3739.281
1776074700000,81.88,81.97,81.88,81.88,2309.04
1776075000000,81.88,81.93,81.87,81.92,2477.822
1776075300000,81.91,81.92,81.8,81.87,3464.626
1776075600000,81.87,81.9,81.81,81.81,6474.656
1776075900000,81.82,81.86,81.74,81.78,7081.201
1776076200000,81.78,81.83,81.77,81.77,3475.819
1776076500000,81.77,81.89,81.7,81.84,4651.204
1776076800000,81.85,81.85,81.77,81.8,3506.714
1776077100000,81.79,81.86,81.77,81.8,3396.14
1776077400000,81.79,81.85,81.74,81.76,2282.454
1776077700000,81.75,81.83,81.64,81.73,10699.206
1776078000000,81.73,81.93,81.69,81.83,11694.989
1776078300000,81.83,81.9,81.83,81.86,3033.717
1776078600000,81.86,81.89,81.85,81.88,2388.266
1776078900000,81.88,81.92,81.85,81.88,2093.325
1776079200000,81.89,81.95,81.83,81.87,1853.799
1776079500000,81.87,81.9,81.85,81.87,1721.89
1776079800000,81.87,81.93,81.8,81.82,1789.733
1776080100000,81.82,81.89,81.79,81.85,2097.539
1776080400000,81.85,82.0,81.83,81.99,2645.541
1776080700000,81.99,82.05,81.8,81.83,8906.794
1776081000000,81.83,81.92,81.78,81.91,9702.851
1776081300000,81.9,81.92,81.85,81.86,2195.111
1776081600000,81.86,81.95,81.82,81.87,7600.875
1776081900000,81.86,82.18,81.86,82.13,8336.837
1776082200000,82.12,82.21,82.09,82.1,4611.475
1776082500000,82.1,82.19,82.03,82.14,5515.946
1776082800000,82.14,82.14,82.03,82.03,2116.605
1776083100000,82.03,82.05,81.93,81.97,3721.965
1776083400000,81.98,82.14,81.9,82.08,3203.99
1776083700000,82.07,82.08,82.02,82.06,2786.771
1776084000000,82.05,82.15,82.03,82.14,3306.678
1776084300000,82.15,82.36,82.15,82.31,8308.519
1776084600000,82.32,82.77,82.32,82.76,21782.785
1776084900000,82.77,82.79,82.45,82.54,29642.124
1776085200000,82.54,82.69,82.53,82.65,12391.47
1776085500000,82.65,82.68,82.39,82.51,16249.627
1776085800000,82.5,82.69,82.5,82.68,14509.443
1776086100000,82.67,82.67,82.49,82.57,3999.815
1776086400000,82.57,82.58,82.45,82.55,10725.16
1776086700000,82.54,82.7,82.45,82.61,24174.059
1776087000000,82.61,82.68,82.41,82.5,10017.926
1776087300000,82.5,82.53,82.29,82.39,13494.994
1776087600000,82.38,82.8,82.35,82.59,16288.344
1776087900000,82.59,83.55,82.45,83.55,53227.765
1776088200000,83.55,83.6,83.03,83.34,32255.01
1776088500000,83.34,83.67,83.26,83.6,25401.538
1776088800000,83.6,83.77,83.3,83.4,38788.381
1776089100000,83.4,83.42,83.11,83.14,20869.13
1776089400000,83.13,83.29,83.09,83.17,12944.432
1776089700000,83.17,83.3,82.92,83.04,23916.521
1776090000000,83.04,83.17,82.76,83.04,20681.661
1776090300000,83.05,83.09,82.97,83.0,8354.488
1776090600000,83.0,83.28,82.95,83.2,9071.851
1776090900000,83.19,83.33,83.13,83.33,9431.833
1776091200000,83.32,83.5,83.18,83.46,9943.087
1776091500000,83.46,83.62,83.25,83.28,14764.756
1776091800000,83.28,83.42,83.17,83.42,11535.924
1776092100000,83.43,83.81,83.34,83.77,23475.758
1776092400000,83.76,83.82,83.26,83.3,33142.805
1776092700000,83.29,83.44,83.15,83.27,13839.147
1776093000000,83.26,83.34,83.13,83.2,8412.497
1776093300000,83.21,83.25,83.01,83.04,9578.862
1776093600000,83.03,83.14,82.98,82.98,9058.532
1776093900000,82.97,83.01,82.8,82.9,9457.865
1776094200000,82.89,82.89,82.43,82.5,13946.28
1776094500000,82.5,82.59,82.35,82.46,8694.175
1776094800000,82.47,82.54,82.42,82.49,17898.83
1776095100000,82.49,82.61,82.41,82.47,10000.876
1776095400000,82.47,82.56,82.38,82.49,4604.398
1776095700000,82.49,82.71,82.49,82.65,5485.812
1776096000000,82.66,82.76,82.54,82.57,7113.078
1776096300000,82.56,82.83,82.34,82.82,20806.835
1776096600000,82.83,82.94,82.82,82.94,8143.66
1776096900000,82.94,83.15,82.8,83.08,13088.592
1776097200000,83.08,83.29,83.0,83.19,9349.792
1776097500000,83.19,83.4,83.11,83.36,9998.754
1776097800000,83.36,83.5,83.25,83.4,15512.28
1776098100000,83.39,83.54,83.26,83.4,13578.826
1776098400000,83.39,83.53,83.24,83.44,13659.305
1776098700000,83.43,83.62,83.37,83.39,19085.402
1776099000000,83.39,83.5,83.13,83.17,11921.073
1776099300000,83.18,83.4,83.18,83.35,5949.227
1776099600000,83.35,83.38,83.21,83.29,3483.539
1776099900000,83.29,83.36,83.18,83.35,3716.981
1776100200000,83.35,83.49,83.29,83.29,6654.215
1776100500000,83.29,83.48,83.26,83.47,5568.919
1776100800000,83.47,83.47,83.29,83.31,2429.016
1776101100000,83.32,83.61,83.31,83.6,7449.293
1776101400000,83.61,83.84,83.61,83.66,17322.629
1776101700000,83.66,83.67,83.5,83.52,5649.958
1776102000000,83.52,83.55,83.45,83.48,3606.809
1776102300000,83.48,83.56,83.32,83.33,4924.219
1776102600000,83.34,83.36,83.02,83.12,12443.742
1776102900000,83.11,83.12,83.01,83.05,8967.317
1776103200000,83.05,83.1,82.97,83.07,4766.651
1776103500000,83.07,83.14,82.99,83.07,5987.304
1776103800000,83.06,83.1,82.92,83.09,5421.13
1776104100000,83.1,83.11,82.93,83.03,6143.906
1776104400000,83.03,83.15,82.69,82.71,13535.191
1776104700000,82.7,82.79,82.58,82.79,10786.394
1776105000000,82.78,83.0,82.75,82.99,3583.336
1776105300000,82.99,83.05,82.94,82.98,5136.864
1776105600000,82.99,83.18,82.96,83.07,11916.058
1776105900000,83.06,83.22,83.06,83.14,6382.192
1776106200000,83.13,83.21,83.1,83.21,2636.554
1776106500000,83.21,83.27,83.18,83.22,2410.284
1776106800000,83.21,83.25,83.1,83.16,6484.352
1776107100000,83.16,83.23,83.1,83.11,3142.983
1776107400000,83.11,83.19,83.1,83.11,4823.184
1776107700000,83.11,83.46,83.11,83.31,17716.176
1776108000000,83.31,83.59,83.27,83.44,13825.262
1776108300000,83.43,83.55,83.37,83.51,10376.488
1776108600000,83.52,83.82,83.48,83.8,24399.474
1776108900000,83.8,83.8,83.56,83.79,18568.492
1776109200000,83.79,83.81,83.62,83.71,13390.641
1776109500000,83.72,84.0,83.72,83.88,19728.693
1776109800000,83.88,84.18,83.88,84.15,23678.809
1776110100000,84.15,84.25,84.06,84.09,27219.997
1776110400000,84.09,84.23,84.0,84.01,17231.944
1776110700000,84.0,84.16,83.94,84.09,9549.069
1776111000000,84.09,84.1,83.81,83.84,57721.082
1776111300000,83.84,83.96,83.84,83.88,6189.272
1776111600000,83.88,83.95,83.83,83.84,4237.803
1776111900000,83.85,84.07,83.84,84.06,12454.266
1776112200000,84.05,84.16,84.03,84.16,5732.561
1776112500000,84.16,84.36,84.07,84.08,13957.046
1776112800000,84.07,84.19,84.06,84.14,5209.475
1776113100000,84.14,84.15,84.0,84.01,4635.402
1776113400000,84.0,84.01,83.88,83.89,6496.335
1776113700000,83.89,84.01,83.85,83.93,4780.341
1776114000000,83.93,83.98,83.85,83.89,6070.939
1776114300000,83.9,84.04,83.89,83.98,6148.61
1776114600000,83.98,84.13,83.97,84.0,6292.063
1776114900000,83.99,84.1,83.88,83.88,7639.889
1776115200000,83.88,83.95,83.84,83.92,6170.658
1776115500000,83.91,83.92,83.84,83.88,5047.443
1776115800000,83.88,84.04,83.85,84.02,3003.853
1776116100000,84.01,84.05,83.93,84.04,3411.091
1776116400000,84.04,84.14,83.94,84.01,10733.432
1776116700000,84.02,84.04,83.83,83.97,6618.806
1776117000000,83.96,84.08,83.93,84.02,6994.876
1776117300000,84.02,84.05,83.95,83.95,3828.547
1776117600000,83.95,84.09,83.94,84.03,3336.621
1776117900000,84.03,84.6,84.03,84.23,26102.031
1776118200000,84.23,85.05,84.22,84.79,39204.111
1776118500000,84.79,85.72,84.79,85.48,83085.075
1776118800000,85.47,85.9,85.44,85.69,60312.559
1776119100000,85.69,85.75,85.52,85.67,23758.374
1776119400000,85.68,86.09,85.68,85.96,70642.193
1776119700000,85.95,86.04,85.59,85.63,27210.955
1776120000000,85.64,85.83,85.62,85.82,21498.672
1776120300000,85.82,85.99,85.78,85.81,23370.377
1776120600000,85.81,86.35,85.8,86.26,34437.99
1776120900000,86.27,86.47,86.14,86.22,27171.804
1776121200000,86.22,86.41,85.91,86.4,50242.005
1776121500000,86.4,86.5,86.31,86.38,24603.948
1776121800000,86.39,86.55,86.18,86.19,24782.39
1776122100000,86.18,86.33,86.0,86.27,43631.696
1776122400000,86.27,86.48,86.23,86.28,37825.41
1776122700000,86.27,86.81,86.27,86.59,50790.918
1776123000000,86.59,86.79,86.42,86.53,28059.605
1776123300000,86.53,86.67,86.49,86.5,10283.088
1776123600000,86.51,86.54,86.4,86.43,18438.846
1776123900000,86.43,86.49,86.25,86.25,22102.011
1776124200000,86.26,86.57,86.18,86.55,30803.114
1776124500000,86.55,86.7,86.5,86.51,21961.616
1776124800000,86.51,86.65,86.43,86.47,45365.628
1776125100000,86.47,86.57,86.34,86.35,21236.945
1776125400000,86.34,86.59,86.28,86.56,21500.748
1776125700000,86.56,86.75,86.47,86.49,31842.612
1776126000000,86.49,86.51,86.25,86.32,19247.695
1776126300000,86.31,86.35,86.12,86.2,24215.211
1776126600000,86.19,86.22,86.03,86.08,17386.909
1776126900000,86.07,86.4,86.07,86.25,16760.455
1776127200000,86.25,86.29,86.14,86.19,14861.495
1776127500000,86.19,86.19,85.87,85.91,13421.278
1776127800000,85.9,86.08,85.37,85.82,78018.672
1776128100000,85.81,85.98,85.79,85.91,29027.186
1776128400000,85.9,85.96,85.67,85.86,25568.792
1776128700000,85.86,85.98,85.86,85.98,7106.64
1776129000000,85.98,86.05,85.9,86.02,13063.092
1776129300000,86.02,86.07,85.83,86.06,29032.48
1776129600000,86.07,86.1,85.92,85.92,7806.422
1776129900000,85.93,85.94,85.85,85.9,6450.449
1776130200000,85.9,85.9,85.81,85.83,7376.45
1776130500000,85.84,85.96,85.83,85.94,5496.12
1776130800000,85.94,86.09,85.94,86.04,6118.263
1776131100000,86.03,86.12,85.98,86.05,6612.736
1776131400000,86.06,86.1,86.03,86.04,3322.238
1776131700000,86.05,86.05,85.95,85.95,3863.641
1776132000000,85.96,85.97,85.8,85.9,13441.238
1776132300000,85.89,86.13,85.87,86.05,24429.657
1776132600000,86.05,86.27,85.96,86.17,28034.005
1776132900000,86.17,86.29,86.09,86.21,13695.901
1776133200000,86.22,86.3,86.18,86.2,8648.796
1776133500000,86.2,86.25,86.15,86.16,5827.587
1776133800000,86.15,86.15,85.97,86.0,8431.364
1776134100000,86.01,86.23,85.99,86.2,7457.689
1776134400000,86.2,86.29,86.15,86.2,10161.613
1776134700000,86.2,86.38,86.15,86.36,16076.705
1776135000000,86.36,86.39,86.21,86.24,16386.503
1776135300000,86.24,86.28,86.2,86.22,4094.548
1776135600000,86.21,86.21,86.15,86.18,4330.016
1776135900000,86.17,86.27,86.17,86.24,4324.221
1776136200000,86.24,86.24,86.13,86.14,3521.316
1776136500000,86.14,86.2,86.05,86.15,6004.587
1776136800000,86.16,86.18,86.09,86.1,5686.82
1776137100000,86.11,86.11,85.98,86.02,8182.026
1776137400000,86.02,86.18,86.0,86.08,4697.009
1776137700000,86.08,86.12,86.03,86.11,2132.466
1776138000000,86.1,86.21,86.1,86.15,10673.542
1776138300000,86.15,86.15,86.04,86.06,4574.641
1776138600000,86.06,86.12,86.01,86.07,4388.998
1776138900000,86.07,86.14,85.99,86.05,7353.259
1776139200000,86.05,86.06,85.91,85.95,7341.127
1776139500000,85.94,86.03,85.92,85.97,6489.519
1776139800000,85.96,85.97,85.91,85.94,4572.74
1776140100000,85.94,85.98,85.92,85.95,6141.173
1776140400000,85.95,85.97,85.82,85.84,3603.938
1776140700000,85.84,85.86,85.8,85.84,6922.439
1776141000000,85.84,85.85,85.72,85.74,11705.99
1776141300000,85.73,85.75,85.71,85.75,4933.05
1776141600000,85.75,85.75,85.66,85.67,8587.426
1776141900000,85.67,85.79,85.56,85.73,18086.149
1776142200000,85.73,85.82,85.61,85.79,7907.883
1776142500000,85.79,85.9,85.76,85.89,10400.539
1776142800000,85.89,85.92,85.8,85.88,7598.368
1776143100000,85.89,85.9,85.77,85.8,2335.594
1776143400000,85.79,85.81,85.76,85.77,2544.305
1776143700000,85.76,85.76,85.67,85.72,3597.769
1776144000000,85.72,85.9,85.68,85.71,5029.944
1776144300000,85.71,85.78,85.67,85.75,2265.482
1776144600000,85.75,85.75,85.67,85.7,1867.78
1776144900000,85.69,85.85,85.69,85.77,4487.2
1776145200000,85.78,85.8,85.7,85.74,5187.704
1776145500000,85.73,85.73,85.63,85.63,5777.266
1776145800000,85.64,85.64,85.56,85.58,7189.74
1776146100000,85.58,85.59,85.43,85.5,8798.051
1776146400000,85.5,85.7,85.5,85.59,9977.684
1776146700000,85.59,85.65,85.58,85.64,3651.673
1776147000000,85.64,85.68,85.61,85.65,2293.697
1776147300000,85.66,85.78,85.64,85.76,2975.094
1776147600000,85.77,85.88,85.76,85.88,7874.604
1776147900000,85.88,85.97,85.71,85.75,15791.749
1776148200000,85.75,85.75,85.59,85.61,4312.906
1776148500000,85.61,85.75,85.59,85.72,3287.759
1776148800000,85.71,85.76,85.67,85.69,3245.597
1776149100000,85.69,85.83,85.66,85.8,3856.129
1776149400000,85.8,85.91,85.77,85.9,3038.036
1776149700000,85.91,86.09,85.91,85.94,18275.596
1776150000000,85.95,86.02,85.82,85.92,12722.619
1776150300000,85.93,86.2,85.86,86.17,19254.316
1776150600000,86.16,86.19,85.95,86.02,15454.39
1776150900000,86.02,86.14,85.89,86.05,30182.213
1776151200000,86.04,86.13,85.94,85.95,6139.881
1776151500000,85.96,86.12,85.95,86.08,8930.167
1776151800000,86.08,86.14,85.91,85.93,9068.265
1776152100000,85.92,85.94,85.81,85.91,8762.004
1776152400000,85.91,85.94,85.79,85.8,4829.515
1776152700000,85.8,85.94,85.79,85.93,6616.648
1776153000000,85.93,85.94,85.85,85.93,3272.274
1776153300000,85.92,85.95,85.8,85.88,8321.318
1776153600000,85.88,85.9,85.72,85.86,5925.888
1776153900000,85.86,85.93,85.83,85.83,4340.845
1776154200000,85.83,85.88,85.73,85.82,5983.257
1776154500000,85.82,85.84,85.72,85.83,3828.912
1776154800000,85.82,86.0,85.79,85.99,7358.93
1776155100000,85.99,86.05,85.98,86.01,6046.296
1776155400000,86.02,86.28,86.01,86.25,19462.091
1776155700000,86.24,86.38,86.18,86.24,14325.999
1776156000000,86.23,86.24,86.04,86.11,9435.962
1776156300000,86.1,86.17,86.0,86.15,7906.376
1776156600000,86.14,86.23,86.06,86.1,9817.701
1776156900000,86.1,86.14,86.08,86.12,6286.731
1776157200000,86.13,86.21,86.11,86.12,6498.193
1776157500000,86.12,86.23,86.07,86.21,11225.536
1776157800000,86.22,86.24,86.13,86.22,3678.058
1776158100000,86.23,86.26,86.17,86.17,4866.617
1776158400000,86.17,86.18,86.04,86.06,5725.844
1776158700000,86.07,86.09,86.01,86.05,3274.919
1776159000000,86.04,86.15,86.02,86.12,4953.411
1776159300000,86.12,86.14,86.04,86.12,5157.354
1776159600000,86.13,86.17,86.03,86.05,5639.443
1776159900000,86.05,86.1,85.97,86.0,9181.372
1776160200000,85.99,86.04,85.98,86.03,3733.698
1776160500000,86.03,86.15,86.03,86.08,9037.155
1776160800000,86.08,86.15,86.0,86.12,3287.51
1776161100000,86.11,86.25,86.11,86.21,10341.753
1776161400000,86.21,86.33,86.21,86.33,13600.613
1776161700000,86.33,86.35,86.23,86.27,3032.806
1776162000000,86.26,86.28,86.21,86.24,3087.139
1776162300000,86.25,86.28,86.2,86.24,12034.909
1776162600000,86.23,86.36,86.2,86.36,8200.215
1776162900000,86.36,86.56,86.15,86.15,23259.45
1776163200000,86.15,86.2,86.09,86.12,3521.795
1776163500000,86.11,86.12,86.04,86.12,7465.842
1776163800000,86.11,86.2,86.08,86.1,7366.389
1776164100000,86.09,86.15,86.01,86.01,10655.326
1776164400000,86.01,86.01,85.89,85.94,7788.013
1776164700000,85.93,86.07,85.82,85.95,32755.903
1776165000000,85.95,86.05,85.78,86.01,11812.89
1776165300000,86.01,86.11,85.91,85.95,8839.491
1776165600000,85.95,86.04,85.83,85.84,6070.21
1776165900000,85.85,85.95,85.64,85.68,12886.322
1776166200000,85.68,85.78,85.6,85.77,7341.424
1776166500000,85.78,85.92,85.77,85.85,5320.197
1776166800000,85.85,85.89,85.79,85.87,3954.879
1776167100000,85.87,85.94,85.77,85.88,6109.026
1776167400000,85.88,85.94,85.87,85.9,7016.058
1776167700000,85.9,86.0,85.66,85.78,65002.399
1776168000000,85.78,85.89,85.77,85.89,6448.605
1776168300000,85.88,85.99,85.83,85.98,3582.316
1776168600000,85.98,86.0,85.74,85.81,7222.955
1776168900000,85.82,85.91,85.79,85.85,3170.918
1776169200000,85.85,85.85,85.71,85.74,7373.141
1776169500000,85.74,85.8,85.65,85.68,13733.317
1776169800000,85.67,85.89,85.6,85.73,17667.865
1776170100000,85.74,85.95,85.72,85.9,7024.309
1776170400000,85.9,85.93,85.72,85.76,4320.789
1776170700000,85.77,85.86,85.73,85.83,5585.353
1776171000000,85.82,85.91,85.8,85.91,5478.208
1776171300000,85.91,86.0,85.88,85.96,14793.07
1776171600000,85.96,86.18,85.92,86.14,7975.524
1776171900000,86.13,86.18,86.06,86.15,5093.938
1776172200000,86.14,86.15,86.06,86.1,3886.629
1776172500000,86.1,86.38,86.01,86.31,20883.775
1776172800000,86.32,86.32,86.22,86.31,5373.441
1776173100000,86.3,86.33,86.12,86.12,6069.853
1776173400000,86.13,86.66,86.13,86.48,36907.114
1776173700000,86.48,86.75,86.47,86.55,22211.789
1776174000000,86.54,87.13,86.51,87.04,79800.258
1776174300000,87.05,87.17,86.83,86.86,52171.199
1776174600000,86.86,87.39,86.86,87.31,38249.296
1776174900000,87.31,87.41,87.22,87.29,21639.082
1776175200000,87.3,87.4,87.01,87.06,33303.016
1776175500000,87.07,87.1,86.63,86.93,74120.842
1776175800000,86.92,87.02,86.79,86.91,18239.157
1776176100000,86.92,86.97,86.69,86.73,20733.959
1776176400000,86.73,86.88,86.71,86.75,15004.863
1776176700000,86.75,87.3,86.75,87.28,25103.059
1776177000000,87.27,87.67,86.94,86.97,56788.432
1776177300000,86.98,87.18,86.47,86.61,39122.934
1776177600000,86.61,86.61,86.36,86.44,23211.007
1776177900000,86.44,86.53,86.16,86.16,20739.173
1776178200000,86.16,86.38,86.14,86.38,14642.178
1776178500000,86.37,86.39,86.01,86.02,24837.234
1776178800000,86.02,86.15,85.82,85.99,26024.957
1776179100000,85.99,86.03,85.25,85.5,42206.377
1776179400000,85.49,85.7,85.4,85.62,16794.421
1776179700000,85.62,85.7,85.38,85.5,23873.175
1776180000000,85.5,85.68,85.46,85.62,17066.848
1776180300000,85.61,85.66,85.38,85.44,16554.26
1776180600000,85.44,85.86,85.41,85.85,28731.962
1776180900000,85.84,86.05,85.77,85.96,15501.398
1776181200000,85.95,86.2,85.95,86.19,10921.104
1776181500000,86.19,86.2,85.95,86.07,12557.886
1776181800000,86.06,86.32,86.05,86.18,7312.025
1776182100000,86.17,86.18,85.91,85.95,12206.403
1776182400000,85.95,86.17,85.92,86.04,15848.022
1776182700000,86.05,86.12,85.93,86.0,22488.753
1776183000000,85.99,86.0,85.66,85.84,13684.817
1776183300000,85.83,85.89,85.4,85.53,21283.335
1776183600000,85.53,85.65,85.42,85.55,10406.289
1776183900000,85.54,85.78,85.54,85.68,11421.648
1776184200000,85.67,85.72,85.58,85.67,6003.257
1776184500000,85.66,85.74,85.45,85.62,8418.395
1776184800000,85.62,85.65,85.54,85.54,5632.954
1776185100000,85.55,85.58,85.41,85.43,9798.397
1776185400000,85.42,85.43,84.87,84.95,38177.277
1776185700000,84.96,85.07,84.77,85.04,27287.264
1776186000000,85.04,85.09,84.87,84.96,11725.902
1776186300000,84.96,85.15,84.95,85.13,6270.735
1776186600000,85.13,85.36,85.13,85.27,10525.926
1776186900000,85.28,85.34,85.18,85.25,10767.713
1776187200000,85.26,85.43,85.24,85.37,6135.48
1776187500000,85.37,85.45,85.15,85.16,5203.472
1776187800000,85.15,85.21,84.82,84.85,9863.962
1776188100000,84.86,84.94,84.7,84.91,13631.228
1776188400000,84.91,85.2,84.91,85.14,13458.571
1776188700000,85.15,85.23,85.1,85.2,2791.898
1776189000000,85.2,85.33,85.16,85.2,6212.779
1776189300000,85.2,85.3,85.17,85.24,2382.499
1776189600000,85.25,85.42,85.25,85.37,4769.47
1776189900000,85.37,85.42,85.26,85.33,4572.311
1776190200000,85.34,85.36,85.07,85.19,7117.88
1776190500000,85.19,85.26,85.1,85.14,4344.163
1776190800000,85.14,85.19,84.77,84.87,9594.566
1776191100000,84.86,85.04,84.8,84.94,4210.711
1776191400000,84.93,85.04,84.85,84.86,4002.64
1776191700000,84.86,84.89,84.48,84.53,22135.924
1776192000000,84.54,84.6,84.46,84.55,10849.6
1776192300000,84.56,84.59,83.94,83.96,36029.108
1776192600000,83.95,84.21,83.89,84.12,20422.514
1776192900000,84.12,84.15,84.01,84.08,5107.835
1776193200000,84.08,84.27,83.98,84.24,9060.609
1776193500000,84.24,84.32,84.24,84.3,4826.908
1776193800000,84.3,84.31,84.04,84.04,7075.464
1776194100000,84.05,84.23,84.04,84.17,7008.11
1776194400000,84.17,84.2,83.76,83.8,18381.24
1776194700000,83.81,84.16,83.72,84.09,17864.591
1776195000000,84.1,84.25,83.99,84.01,9492.84
1776195300000,84.0,84.11,83.87,84.09,13433.551
1776195600000,84.08,84.14,83.96,84.01,7036.943
1776195900000,84.01,84.09,83.99,84.09,2850.455
1776196200000,84.09,84.12,83.78,83.87,17590.031
1776196500000,83.88,84.02,83.71,83.95,33546.125
1776196800000,83.94,84.14,83.88,83.94,19683.717
1776197100000,83.94,83.97,83.86,83.97,11385.691
1776197400000,83.96,84.14,83.91,84.1,9210.34
1776197700000,84.11,84.14,83.91,83.93,6755.244
1776198000000,83.94,83.96,83.51,83.55,17911.079
1776198300000,83.56,83.61,83.44,83.56,18148.284
1776198600000,83.57,83.71,83.56,83.58,5780.525
1776198900000,83.58,83.63,83.44,83.61,10429.792
1776199200000,83.62,83.77,83.61,83.75,3417.126
1776199500000,83.76,83.83,83.68,83.73,6078.701
1776199800000,83.73,83.74,83.51,83.51,9685.76
1776200100000,83.51,83.61,83.41,83.61,6847.473
1776200400000,83.61,83.95,83.59,83.92,8277.575
1776200700000,83.91,83.91,83.72,83.85,4122.081
1776201000000,83.86,83.86,83.69,83.77,5714.193
1776201300000,83.76,83.79,83.72,83.78,4938.238
1776201600000,83.78,83.81,83.6,83.68,4999.447
1776201900000,83.68,83.77,83.67,83.77,3209.196
1776202200000,83.77,83.8,83.7,83.76,3354.012
1776202500000,83.75,83.81,83.66,83.67,7434.752
1776202800000,83.68,83.7,83.54,83.69,14788.016
1776203100000,83.69,83.71,83.63,83.64,8325.019
1776203400000,83.64,83.82,83.63,83.78,4977.847
1776203700000,83.77,83.86,83.76,83.82,5755.573
1776204000000,83.81,83.81,83.56,83.68,13105.779
1776204300000,83.68,83.92,83.64,83.9,6916.022
1776204600000,83.9,83.94,83.75,83.77,8859.826
1776204900000,83.77,83.77,83.6,83.62,6803.984
1776205200000,83.61,83.67,83.52,83.66,6207.563
1776205500000,83.65,83.66,83.36,83.43,9307.732
1776205800000,83.42,83.64,83.33,83.46,55295.722
1776206100000,83.45,83.47,83.33,83.41,9973.886
1776206400000,83.41,83.47,83.3,83.35,6868.485
1776206700000,83.35,83.49,83.35,83.35,9377.852
1776207000000,83.34,83.42,83.31,83.36,6580.399
1776207300000,83.36,83.58,83.35,83.51,20244.719
1776207600000,83.51,83.6,83.46,83.6,3876.658
1776207900000,83.6,83.62,83.49,83.52,10900.499
1776208200000,83.51,83.62,83.49,83.62,3158.55
1776208500000,83.62,83.8,83.6,83.76,13557.542
1776208800000,83.77,83.81,83.73,83.73,3480.952
1776209100000,83.73,83.75,83.61,83.72,5417.4
1776209400000,83.72,83.88,83.72,83.86,12518.962
1776209700000,83.85,83.91,83.77,83.91,6650.613
1776210000000,83.91,83.98,83.88,83.94,6703.351
1776210300000,83.94,84.06,83.76,83.78,31687.022
1776210600000,83.79,83.82,83.63,83.72,10326.386
1776210900000,83.73,83.76,83.71,83.72,3728.41
1776211200000,83.72,84.04,83.68,83.97,22667.263
1776211500000,83.96,84.06,83.89,83.94,12955.38
1776211800000,83.94,83.95,83.72,83.77,15976.294
1776212100000,83.77,83.78,83.56,83.59,11784.665
1776212400000,83.58,84.0,83.53,83.88,27679.136
1776212700000,83.87,83.97,83.85,83.94,8980.714
1776213000000,83.94,83.97,83.67,83.75,13547.361
1776213300000,83.75,83.79,83.61,83.62,11013.18
1776213600000,83.63,83.82,83.57,83.79,20029.04
1776213900000,83.79,83.91,83.58,83.61,31135.917
1776214200000,83.62,83.74,83.6,83.61,10512.505
1776214500000,83.61,83.82,83.6,83.78,5417.188
1776214800000,83.78,83.78,83.6,83.68,15472.069
1776215100000,83.68,83.79,83.63,83.72,8102.372
1776215400000,83.71,83.84,83.55,83.77,27975.902
1776215700000,83.77,83.86,83.72,83.8,9568.544
1776216000000,83.8,83.83,83.69,83.73,17793.13
1776216300000,83.74,83.86,83.73,83.83,5336.318
1776216600000,83.84,83.87,83.75,83.8,4134.835
1776216900000,83.8,83.89,83.68,83.86,6631.837
1776217200000,83.85,83.94,83.81,83.94,6002.534
1776217500000,83.93,83.93,83.82,83.9,3163.5
1776217800000,83.9,84.03,83.79,83.83,13962.647
1776218100000,83.84,83.95,83.8,83.91,14460.951
1776218400000,83.92,84.02,83.87,83.9,7345.462
1776218700000,83.91,83.91,83.8,83.81,4033.72
1776219000000,83.81,83.86,83.77,83.85,3007.147
1776219300000,83.85,83.87,83.78,83.79,7133.572
1776219600000,83.79,83.89,83.7,83.75,20065.05
1776219900000,83.75,83.79,83.61,83.65,11590.835
1776220200000,83.66,83.67,83.28,83.31,23765.862
1776220500000,83.3,83.35,83.13,83.22,22712.138
1776220800000,83.23,83.3,83.14,83.29,12235.861
1776221100000,83.29,83.29,83.15,83.16,5191.087
1776221400000,83.16,83.28,83.16,83.28,3766.67
1776221700000,83.28,83.43,83.27,83.4,8450.399
1776222000000,83.4,83.43,83.29,83.34,4279.439
1776222300000,83.34,83.38,83.31,83.37,3795.406
1776222600000,83.37,83.38,83.32,83.36,2000.455
1776222900000,83.36,83.38,83.3,83.38,2317.268
1776223200000,83.38,83.52,83.35,83.49,2985.952
1776223500000,83.48,83.5,83.4,83.41,3100.791
1776223800000,83.4,83.47,83.39,83.41,2385.129
1776224100000,83.4,83.42,83.3,83.38,4561.066
1776224400000,83.38,83.39,83.3,83.32,2787.968
1776224700000,83.31,83.41,83.31,83.39,3161.556
1776225000000,83.39,83.45,83.38,83.41,2826.28
1776225300000,83.42,83.51,83.41,83.45,5680.829
1776225600000,83.45,83.66,83.4,83.62,7908.613
1776225900000,83.62,83.66,83.52,83.55,4238.356
1776226200000,83.55,83.56,83.49,83.49,2211.387
1776226500000,83.49,83.61,83.46,83.47,4345.537
1776226800000,83.47,83.47,83.38,83.45,3521.343
1776227100000,83.46,83.47,83.4,83.41,1506.374
1776227400000,83.42,83.45,83.32,83.43,4572.593
1776227700000,83.44,83.61,83.44,83.52,5995.763
1776228000000,83.53,83.61,83.52,83.53,6203.382
1776228300000,83.53,83.6,83.46,83.59,4083.611
1776228600000,83.59,83.65,83.53,83.6,4766.265
1776228900000,83.59,83.62,83.53,83.61,4129.756
1776229200000,83.6,83.79,83.59,83.69,16187.631
1776229500000,83.69,83.69,83.5,83.54,4164.844
1776229800000,83.53,83.59,83.48,83.51,4538.076
1776230100000,83.51,83.55,83.48,83.51,1437.845
1776230400000,83.52,83.52,83.33,83.39,4715.385
1776230700000,83.39,83.46,83.28,83.35,8402.408
1776231000000,83.35,83.37,83.12,83.2,13460.181
1776231300000,83.19,83.24,83.08,83.09,11909.504
1776231600000,83.09,83.11,82.96,83.04,20689.43
1776231900000,83.05,83.16,82.98,83.04,21948.768
1776232200000,83.04,83.1,82.95,83.0,18341.561
1776232500000,83.01,83.16,83.0,83.14,4084.863
1776232800000,83.13,83.14,82.94,82.95,8903.977
1776233100000,82.95,83.04,82.94,82.96,4951.593
1776233400000,82.96,83.05,82.96,82.99,6243.528
1776233700000,82.99,83.03,82.96,82.99,4792.318
1776234000000,82.99,83.03,82.92,82.97,6217.345
1776234300000,82.97,83.02,82.93,82.97,3659.084
1776234600000,82.98,83.07,82.97,82.98,3686.278
1776234900000,82.99,83.04,82.92,82.97,7428.554
1776235200000,82.98,83.08,82.97,83.07,3380.988
1776235500000,83.08,83.13,83.05,83.1,2173.702
1776235800000,83.09,83.11,83.02,83.03,2314.344
1776236100000,83.03,83.03,82.86,83.01,12268.691
1776236400000,83.01,83.04,82.95,83.02,5057.172
1776236700000,83.02,83.02,82.94,83.02,4104.883
1776237000000,83.01,83.22,83.01,83.09,10459.804
1776237300000,83.09,83.09,82.67,82.78,35841.013
1776237600000,82.77,82.84,82.65,82.75,10290.587
1776237900000,82.75,82.83,82.66,82.82,6918.214
1776238200000,82.82,82.82,82.71,82.78,4712.906
1776238500000,82.79,82.87,82.76,82.8,5455.07
1776238800000,82.79,82.86,82.78,82.8,4468.838
1776239100000,82.79,82.93,82.66,82.93,10957.516
1776239400000,82.92,83.02,82.86,82.99,7693.665
1776239700000,82.99,82.99,82.83,82.92,8505.126
1776240000000,82.92,82.93,82.71,82.92,22330.908
1776240300000,82.91,83.0,82.8,82.85,4562.019
1776240600000,82.85,82.96,82.8,82.95,4600.012
1776240900000,82.95,82.98,82.86,82.94,6554.791
1776241200000,82.93,83.06,82.92,83.06,5013.864
1776241500000,83.06,83.13,83.03,83.12,4083.993
1776241800000,83.12,83.26,83.03,83.25,8228.387
1776242100000,83.25,83.29,83.13,83.13,4873.028
1776242400000,83.13,83.19,83.11,83.17,3330.061
1776242700000,83.17,83.17,83.02,83.07,5424.946
1776243000000,83.08,83.25,83.05,83.24,8034.863
1776243300000,83.24,83.26,83.13,83.14,4462.08
1776243600000,83.14,83.24,83.02,83.02,8767.523
1776243900000,83.03,83.11,83.0,83.03,4640.092
1776244200000,83.03,83.18,82.87,83.12,17116.3
1776244500000,83.11,83.19,83.1,83.19,3526.642
1776244800000,83.19,83.21,83.06,83.07,4026.288
1776245100000,83.06,83.11,82.96,83.0,4480.157
1776245400000,83.0,83.11,82.99,83.03,4335.331
1776245700000,83.03,83.12,83.0,83.01,4716.288
1776246000000,83.0,83.14,82.98,83.11,2613.886
1776246300000,83.1,83.16,83.06,83.14,2110.471
1776246600000,83.14,83.17,83.06,83.13,13799.105
1776246900000,83.14,83.21,83.1,83.16,3243.203
1776247200000,83.16,83.26,83.12,83.16,5654.889
1776247500000,83.16,83.41,83.15,83.37,4515.667
1776247800000,83.36,83.37,83.09,83.12,13694.084
1776248100000,83.12,83.14,82.94,83.12,10417.757
1776248400000,83.11,83.15,83.03,83.12,3569.335
1776248700000,83.12,83.18,83.02,83.06,6028.666
1776249000000,83.05,83.09,82.9,82.99,4641.915
1776249300000,82.98,83.07,82.92,83.02,3258.149
1776249600000,83.02,83.29,83.01,83.28,7033.331
1776249900000,83.29,83.66,83.29,83.38,16414.788
1776250200000,83.38,83.4,83.27,83.37,3496.767
1776250500000,83.37,83.38,83.05,83.15,14637.139
1776250800000,83.16,83.24,83.06,83.22,5083.717
1776251100000,83.22,83.26,83.07,83.2,11723.96
1776251400000,83.19,83.4,83.18,83.28,4784.891
1776251700000,83.27,83.28,83.19,83.24,2433.203
1776252000000,83.25,83.32,83.2,83.29,3061.25
1776252300000,83.29,83.32,83.18,83.21,5653.726
1776252600000,83.21,83.36,83.21,83.31,9558.299
1776252900000,83.31,83.4,83.29,83.38,2387.351
1776253200000,83.38,83.41,83.35,83.41,1384.995
1776253500000,83.41,83.68,83.39,83.49,28369.974
1776253800000,83.49,83.68,83.48,83.58,17722.473
1776254100000,83.59,83.62,83.54,83.61,6199.4
1776254400000,83.6,83.64,83.49,83.55,14041.093
1776254700000,83.54,83.57,83.4,83.49,7702.081
1776255000000,83.48,83.55,83.43,83.5,5765.169
1776255300000,83.51,83.55,83.38,83.52,6894.898
1776255600000,83.51,83.59,83.49,83.52,4272.976
1776255900000,83.52,83.56,83.44,83.49,4501.732
1776256200000,83.48,83.59,83.48,83.53,4436.823
1776256500000,83.53,83.87,83.52,83.85,17867.324
1776256800000,83.85,83.89,83.69,83.79,8012.482
1776257100000,83.79,83.81,83.71,83.79,6237.227
1776257400000,83.78,83.81,83.71,83.77,15904.267
1776257700000,83.76,83.79,83.7,83.72,4712.196
1776258000000,83.71,83.72,83.5,83.55,5087.849
1776258300000,83.54,83.75,83.53,83.66,6416.813
1776258600000,83.66,83.67,83.59,83.63,6140.387
1776258900000,83.62,83.66,83.59,83.6,4311.543
1776259200000,83.61,83.65,83.54,83.59,3488.135
1776259500000,83.6,83.81,83.6,83.73,6681.822
1776259800000,83.74,83.79,83.38,83.51,20850.176
1776260100000,83.51,83.62,83.37,83.6,22806.88
1776260400000,83.59,83.63,83.21,83.28,17778.697
1776260700000,83.28,83.43,83.24,83.38,9643.723
1776261000000,83.39,83.47,83.31,83.35,9611.268
1776261300000,83.36,83.69,83.36,83.63,7869.552
1776261600000,83.63,83.68,83.49,83.61,4600.759
1776261900000,83.61,83.66,83.41,83.49,8195.084
1776262200000,83.48,83.7,83.46,83.7,6891.703
1776262500000,83.71,84.31,83.65,84.04,39402.53
1776262800000,84.05,84.43,84.05,84.4,21728.607
1776263100000,84.4,84.49,84.25,84.25,15090.432
1776263400000,84.26,84.35,84.09,84.13,11635.778
1776263700000,84.14,84.26,83.86,83.89,18298.164
1776264000000,83.89,83.98,83.82,83.9,9397.731
1776264300000,83.91,84.3,83.91,84.26,10433.523
1776264600000,84.27,84.36,84.19,84.32,6283.384
1776264900000,84.33,84.44,84.24,84.3,5494.007
1776265200000,84.31,84.47,84.21,84.24,9191.679
1776265500000,84.23,84.27,83.92,84.0,10438.357
1776265800000,84.0,84.37,83.95,84.31,9320.138
1776266100000,84.3,84.36,84.11,84.12,11579.278
1776266400000,84.12,84.2,83.98,84.04,6746.543
1776266700000,84.04,84.12,83.89,83.98,10709.191
1776267000000,83.98,83.98,83.5,83.61,33518.048
1776267300000,83.6,83.9,83.59,83.83,12326.491
1776267600000,83.83,83.93,83.74,83.74,12741.702
1776267900000,83.74,84.09,83.69,83.96,15358.944
1776268200000,83.95,84.08,83.95,83.97,4925.588
1776268500000,83.98,84.03,83.84,84.0,5016.299
1776268800000,84.0,84.24,83.9,84.22,7513.888
1776269100000,84.23,84.3,84.14,84.29,5094.282
1776269400000,84.3,84.48,84.22,84.47,11384.254
1776269700000,84.48,84.65,84.36,84.61,28418.534
1776270000000,84.61,84.65,84.51,84.58,11190.355
1776270300000,84.58,84.7,84.51,84.53,7755.761
1776270600000,84.53,84.57,84.39,84.52,9363.502
1776270900000,84.52,84.69,84.41,84.42,8565.607
1776271200000,84.42,84.48,84.21,84.36,9087.901
1776271500000,84.36,84.48,84.2,84.48,6155.137
1776271800000,84.47,84.54,84.36,84.45,12769.508
1776272100000,84.45,84.65,84.39,84.54,11093.477
1776272400000,84.54,84.74,84.53,84.72,6687.72
1776272700000,84.72,84.96,84.71,84.95,17779.604
1776273000000,84.95,84.99,84.66,84.79,18591.868
1776273300000,84.78,84.81,84.6,84.63,7594.111
1776273600000,84.62,84.66,84.51,84.61,4020.582
1776273900000,84.62,85.14,84.62,84.98,24822.816
1776274200000,84.99,85.1,84.84,84.94,8749.363
1776274500000,84.94,85.0,84.69,84.7,4694.721
1776274800000,84.7,84.75,84.44,84.54,20288.726
1776275100000,84.53,84.57,84.47,84.55,5068.234
1776275400000,84.55,84.76,84.55,84.69,6896.709
1776275700000,84.68,84.73,84.64,84.69,4380.506
1776276000000,84.7,84.9,84.59,84.89,11366.953
1776276300000,84.88,84.96,84.79,84.8,10321.779
1776276600000,84.8,84.97,84.78,84.9,4316.412
1776276900000,84.91,85.04,84.89,84.95,19981.375
1776277200000,84.95,84.97,84.87,84.9,2725.524
1776277500000,84.9,84.94,84.77,84.8,3704.381
1776277800000,84.81,84.99,84.78,84.93,7742.962
1776278100000,84.93,84.96,84.85,84.92,2479.078
1776278400000,84.91,84.96,84.85,84.96,2371.336
1776278700000,84.96,84.99,84.89,84.98,3272.86
1776279000000,84.99,85.05,84.97,85.03,4487.43
1776279300000,85.03,85.06,84.99,85.03,5738.046
1776279600000,85.03,85.13,84.93,85.04,8677.423
1776279900000,85.03,85.24,85.03,85.16,8634.558
1776280200000,85.16,85.21,85.01,85.08,9748.043
1776280500000,85.09,85.16,84.98,85.08,6461.927
1776280800000,85.09,85.13,84.97,85.11,8784.066
1776281100000,85.11,85.21,85.07,85.16,4480.448
1776281400000,85.15,85.41,85.15,85.39,10865.292
1776281700000,85.39,85.83,85.35,85.53,36395.433
1776282000000,85.53,85.66,85.4,85.55,14366.301
1776282300000,85.54,85.64,85.43,85.48,12486.906
1776282600000,85.48,85.62,85.43,85.5,11456.616
1776282900000,85.5,85.58,85.42,85.51,18712.108
1776283200000,85.51,85.56,85.22,85.24,12014.568
1776283500000,85.24,85.25,84.98,85.08,21982.975
1776283800000,85.08,85.1,84.82,84.98,9586.561
1776284100000,84.99,84.99,84.69,84.8,27931.676
1776284400000,84.79,84.83,84.69,84.79,7763.268
1776284700000,84.79,84.81,84.63,84.8,11736.052
1776285000000,84.8,85.0,84.71,84.77,19292.915
1776285300000,84.77,84.9,84.72,84.72,3842.927
1776285600000,84.72,84.8,84.67,84.76,5953.024
1776285900000,84.75,84.87,84.75,84.79,4902.831
1776286200000,84.79,84.88,84.76,84.88,5794.228
1776286500000,84.87,84.92,84.77,84.79,5026.082
1776286800000,84.79,84.81,84.66,84.67,3420.698
1776287100000,84.66,84.69,84.46,84.5,18669.366
1776287400000,84.5,84.55,84.35,84.37,13419.071
1776287700000,84.37,84.37,84.18,84.25,8631.16
1776288000000,84.25,84.46,84.21,84.45,11139.983
1776288300000,84.44,84.49,84.37,84.46,5870.577
1776288600000,84.45,84.48,84.36,84.37,5384.725
1776288900000,84.36,84.69,84.36,84.68,8458.957
1776289200000,84.67,84.77,84.55,84.66,6663.137
1776289500000,84.66,84.76,84.66,84.71,3753.194
1776289800000,84.7,84.89,84.7,84.84,2310.729
1776290100000,84.83,84.88,84.74,84.78,4698.401
1776290400000,84.78,85.2,84.73,85.07,6967.947
1776290700000,85.06,85.4,84.99,85.38,16312.818
1776291000000,85.37,85.39,85.16,85.19,10096.235
1776291300000,85.19,85.2,84.97,85.01,5680.711
1776291600000,85.0,85.26,85.0,85.15,7542.548
1776291900000,85.14,85.2,85.05,85.11,4149.488
1776292200000,85.12,85.32,85.06,85.06,7725.859
1776292500000,85.06,85.59,84.99,85.4,12573.334
1776292800000,85.39,85.41,85.17,85.17,5677.636
1776293100000,85.17,85.31,85.14,85.22,5147.832
1776293400000,85.21,85.28,85.12,85.18,3228.956
1776293700000,85.18,85.18,84.98,85.02,8605.767
1776294000000,85.02,85.02,84.81,84.9,4731.608
1776294300000,84.9,85.0,84.78,84.86,4573.147
1776294600000,84.86,84.86,84.72,84.79,2876.476
1776294900000,84.79,84.8,84.62,84.68,9017.779
1776295200000,84.69,84.81,84.66,84.76,8654.207
1776295500000,84.77,84.85,84.73,84.83,5255.698
1776295800000,84.83,84.96,84.8,84.84,5058.618
1776296100000,84.85,84.92,84.77,84.8,6866.845
1776296400000,84.79,84.94,84.78,84.84,10691.363
1776296700000,84.85,84.94,84.81,84.9,1594.371
1776297000000,84.9,85.03,84.89,84.93,2544.279
1776297300000,84.92,84.94,84.87,84.9,6792.61
1776297600000,84.9,84.97,84.63,84.63,9272.834
1776297900000,84.64,84.78,84.64,84.73,2607.436
1776298200000,84.73,84.79,84.67,84.67,3053.147
1776298500000,84.67,84.76,84.63,84.63,3339.353
1776298800000,84.62,84.66,84.58,84.58,11514.736
1776299100000,84.58,84.68,84.48,84.68,6431.128
1776299400000,84.68,85.0,84.68,84.96,7445.079
1776299700000,84.96,84.97,84.88,84.91,2859.618
1776300000000,84.91,85.01,84.88,84.95,4984.541
1776300300000,84.94,84.94,84.83,84.89,2659.584
1776300600000,84.9,85.06,84.86,84.88,2271.591
1776300900000,84.87,84.97,84.86,84.92,3639.745
1776301200000,84.93,84.93,84.73,84.75,6728.233
1776301500000,84.75,84.77,84.45,84.73,15323.942
1776301800000,84.72,84.81,84.67,84.72,3495.867
1776302100000,84.73,84.8,84.66,84.79,5390.623
1776302400000,84.8,84.89,84.71,84.73,2944.753
1776302700000,84.73,84.8,84.68,84.74,2447.796
1776303000000,84.74,84.83,84.68,84.8,1705.157
1776303300000,84.81,84.83,84.72,84.72,2855.557
1776303600000,84.72,84.9,84.71,84.86,2121.256
1776303900000,84.86,84.93,84.8,84.9,1680.154
1776304200000,84.91,84.92,84.8,84.8,1244.67
1776304500000,84.8,84.85,84.67,84.85,2720.316
1776304800000,84.84,84.98,84.83,84.96,10138.066
1776305100000,84.97,85.03,84.84,84.85,4459.332
1776305400000,84.85,85.0,84.85,84.87,2672.321
1776305700000,84.86,84.93,84.71,84.75,5129.555
1776306000000,84.76,84.9,84.74,84.83,2022.755
1776306300000,84.84,85.16,84.82,85.15,7788.944
1776306600000,85.14,85.49,85.14,85.3,15761.909
1776306900000,85.29,85.44,85.28,85.44,5165.712
1776307200000,85.44,85.58,85.38,85.49,14337.24
1776307500000,85.49,85.55,85.12,85.19,8451.095
1776307800000,85.2,85.24,85.01,85.12,6952.303
1776308100000,85.11,85.2,85.07,85.1,4957.794
1776308400000,85.1,85.3,85.08,85.27,3680.345
1776308700000,85.27,85.39,85.18,85.18,5001.608
1776309000000,85.17,85.28,85.14,85.19,5253.608
1776309300000,85.2,85.4,85.2,85.39,7081.999
1776309600000,85.39,85.45,85.33,85.4,13376.417
1776309900000,85.41,85.5,85.29,85.29,5029.322
1776310200000,85.3,85.31,85.17,85.24,6818.037
1776310500000,85.24,85.32,85.22,85.28,3079.071
1776310800000,85.28,85.37,85.26,85.34,4189.867
1776311100000,85.34,85.39,85.3,85.35,7501.276
1776311400000,85.34,85.38,85.23,85.35,7315.66
1776311700000,85.35,85.39,85.25,85.28,5027.177
1776312000000,85.29,85.29,85.13,85.23,5372.872
1776312300000,85.23,85.4,85.18,85.28,3133.498
1776312600000,85.28,85.43,85.27,85.31,2681.794
1776312900000,85.31,85.42,85.28,85.39,6532.93
1776313200000,85.39,85.41,85.26,85.29,4171.975
1776313500000,85.29,85.39,85.28,85.34,2133.515
1776313800000,85.35,85.37,85.27,85.35,3318.528
1776314100000,85.35,85.46,85.34,85.46,2619.737
1776314400000,85.46,85.56,85.42,85.44,4535.566
1776314700000,85.44,85.44,84.99,85.12,17970.655
1776315000000,85.13,85.28,85.13,85.23,6651.011
1776315300000,85.23,85.27,85.18,85.24,2007.271
1776315600000,85.23,85.3,85.16,85.27,6431.55
1776315900000,85.27,85.29,85.07,85.09,9624.688
1776316200000,85.1,85.18,85.06,85.16,2684.265
1776316500000,85.15,85.25,85.1,85.23,2868.069
1776316800000,85.23,85.34,85.2,85.34,2163.59
1776317100000,85.34,85.45,85.32,85.4,2818.043
1776317400000,85.4,85.47,85.34,85.47,5930.963
1776317700000,85.46,85.52,85.39,85.44,2506.929
1776318000000,85.44,85.44,85.32,85.38,2839.323
1776318300000,85.38,85.44,85.36,85.37,4476.576
1776318600000,85.37,85.45,85.36,85.39,2343.106
1776318900000,85.38,85.41,85.33,85.4,2227.941
1776319200000,85.41,85.49,85.38,85.4,3096.595
1776319500000,85.4,85.54,85.37,85.47,5724.144
1776319800000,85.46,85.51,85.42,85.42,2448.36
1776320100000,85.42,85.5,85.38,85.47,4418.709
1776320400000,85.46,85.47,85.33,85.41,3657.954
1776320700000,85.41,85.41,85.33,85.37,2571.683
1776321000000,85.38,85.43,85.3,85.33,5242.599
1776321300000,85.34,85.42,85.34,85.37,1909.992
1776321600000,85.36,85.36,85.18,85.32,5696.047
1776321900000,85.33,85.4,85.29,85.38,1887.111
1776322200000,85.37,85.48,85.37,85.44,2826.209
1776322500000,85.43,85.49,85.41,85.47,2218.139
1776322800000,85.48,85.64,85.45,85.59,3181.15
1776323100000,85.58,85.71,85.49,85.54,42137.467
1776323400000,85.53,85.55,85.45,85.54,3309.614
1776323700000,85.54,85.61,85.5,85.57,5010.265
1776324000000,85.56,85.62,85.53,85.53,2904.105
1776324300000,85.54,85.54,85.44,85.49,2421.358
1776324600000,85.5,85.52,85.44,85.5,3044.795
1776324900000,85.5,85.5,85.39,85.43,2398.664
1776325200000,85.43,85.49,85.41,85.47,2505.898
1776325500000,85.47,85.48,85.28,85.4,6842.947
1776325800000,85.41,85.42,85.11,85.15,10654.218
1776326100000,85.15,85.28,85.12,85.21,8150.138
1776326400000,85.21,85.31,85.07,85.07,42491.418
1776326700000,85.07,85.17,85.01,85.02,8208.762
1776327000000,85.02,85.12,85.01,85.03,5473.246
1776327300000,85.03,85.18,85.03,85.15,2271.866
1776327600000,85.15,85.25,85.15,85.17,4600.754
1776327900000,85.17,85.19,85.1,85.15,3713.142
1776328200000,85.14,85.19,85.1,85.16,4034.463
1776328500000,85.16,85.17,85.08,85.11,3183.654
1776328800000,85.11,85.12,84.9,85.01,10433.951
1776329100000,85.0,85.2,84.97,85.18,8150.78
1776329400000,85.17,85.23,85.09,85.12,5991.594
1776329700000,85.13,85.15,85.01,85.03,3438.211
1776330000000,85.04,85.14,84.96,85.14,6658.649
1776330300000,85.14,85.14,85.06,85.12,4224.043
1776330600000,85.11,85.2,85.04,85.2,1940.409
1776330900000,85.19,85.42,85.19,85.39,8722.547
1776331200000,85.38,85.51,85.26,85.45,21177.041
1776331500000,85.46,85.5,85.34,85.38,9522.607
1776331800000,85.37,85.42,85.34,85.37,3657.717
1776332100000,85.36,85.43,85.33,85.37,2117.477
1776332400000,85.37,85.4,85.21,85.24,6915.023
1776332700000,85.24,85.3,85.21,85.26,4840.946
1776333000000,85.25,85.32,85.25,85.29,4316.833
1776333300000,85.3,85.39,85.15,85.2,37921.086
1776333600000,85.2,85.25,85.05,85.09,10209.847
1776333900000,85.08,85.1,84.9,85.07,11298.133
1776334200000,85.08,85.08,84.86,84.91,4383.69
1776334500000,84.91,84.94,84.64,84.64,13465.39
1776334800000,84.64,85.06,84.64,85.03,10064.904
1776335100000,85.04,85.19,85.02,85.08,12052.056
1776335400000,85.07,85.22,85.05,85.15,6841.315
1776335700000,85.16,85.22,85.12,85.21,5387.621
1776336000000,85.2,85.21,85.07,85.08,6007.419
1776336300000,85.07,85.09,84.94,84.98,9617.922
1776336600000,84.98,85.11,84.98,85.11,3970.514
1776336900000,85.11,85.2,85.03,85.04,4950.695
1776337200000,85.04,85.12,85.03,85.12,4096.558
1776337500000,85.12,85.12,84.97,84.98,5965.379
1776337800000,84.97,85.05,84.95,84.98,4391.955
1776338100000,84.98,85.02,84.94,84.95,2514.695
1776338400000,84.94,85.0,84.94,84.95,2394.441
1776338700000,84.96,85.05,84.95,85.04,1818.813
1776339000000,85.04,85.17,84.96,85.1,6243.927
1776339300000,85.11,85.14,85.0,85.04,5407.097
1776339600000,85.04,85.05,84.96,85.02,5186.289
1776339900000,85.02,85.02,84.96,84.99,1561.569
1776340200000,85.0,85.09,84.99,85.05,3958.814
1776340500000,85.04,85.09,85.03,85.07,1904.45
1776340800000,85.07,85.35,85.06,85.35,5618.574
1776341100000,85.35,85.35,85.17,85.26,3802.884
1776341400000,85.26,85.5,85.25,85.39,11397.482
1776341700000,85.4,85.48,85.34,85.39,5045.575
1776342000000,85.39,85.42,85.26,85.31,5336.823
1776342300000,85.31,85.38,85.26,85.3,3552.632
1776342600000,85.3,85.3,85.22,85.3,4624.907
1776342900000,85.31,85.35,85.22,85.26,2681.516
1776343200000,85.25,85.32,85.22,85.32,1647.42
1776343500000,85.32,85.33,85.25,85.28,3647.627
1776343800000,85.29,85.4,85.27,85.29,4740.883
1776344100000,85.29,85.39,85.22,85.38,4154.166
1776344400000,85.38,85.49,85.35,85.39,7616.055
1776344700000,85.39,85.71,85.38,85.66,14870.172
1776345000000,85.66,85.92,85.57,85.89,11944.739
1776345300000,85.88,86.24,85.84,86.13,32758.086
1776345600000,86.13,86.16,86.0,86.14,12100.353
1776345900000,86.13,86.28,86.05,86.15,18262.389
1776346200000,86.15,86.21,85.83,85.84,17299.715
1776346500000,85.85,85.88,85.56,85.6,16502.989
1776346800000,85.6,85.81,85.56,85.75,21786.669
1776347100000,85.74,85.74,85.48,85.59,18478.533
1776347400000,85.58,85.58,83.97,84.05,46558.832
1776347700000,84.05,84.8,83.8,84.79,70782.637
1776348000000,84.79,84.88,84.51,84.62,26389.395
1776348300000,84.62,84.9,84.46,84.89,21812.623
1776348600000,84.89,84.99,84.62,84.64,20885.066
1776348900000,84.64,84.75,84.06,84.26,28793.196
1776349200000,84.27,84.39,84.09,84.21,40484.794
1776349500000,84.21,84.47,84.15,84.41,15821.001
1776349800000,84.41,84.78,84.34,84.7,20959.806
1776350100000,84.71,84.84,84.66,84.72,12838.336
1776350400000,84.72,84.91,84.64,84.85,17488.926
1776350700000,84.85,85.4,84.8,85.34,23021.784
1776351000000,85.35,85.7,85.26,85.35,36274.789
1776351300000,85.34,85.41,85.2,85.39,9708.5
1776351600000,85.39,85.59,85.29,85.51,14708.979
1776351900000,85.51,86.18,85.45,86.0,37249.574
1776352200000,86.0,86.28,85.99,86.13,29913.669
1776352500000,86.13,86.3,86.0,86.22,25287.577
1776352800000,86.22,86.6,86.21,86.5,41369.187
1776353100000,86.5,86.6,86.24,86.24,33484.636
1776353400000,86.23,86.37,86.17,86.25,39818.232
1776353700000,86.25,87.13,86.14,86.76,83971.125
1776354000000,86.76,86.79,86.57,86.73,26546.172
1776354300000,86.72,86.91,86.4,86.47,26267.477
1776354600000,86.47,86.73,86.47,86.51,20406.453
1776354900000,86.5,86.75,86.5,86.62,58599.154
1776355200000,86.62,86.86,86.62,86.8,14020.147
1776355500000,86.79,87.09,86.63,86.67,25630.646
1776355800000,86.66,86.77,86.46,86.49,14036.227
1776356100000,86.49,86.89,86.49,86.76,10717.009
1776356400000,86.76,86.82,86.33,86.55,17097.309
1776356700000,86.54,86.8,86.51,86.62,21621.149
1776357000000,86.63,86.79,86.17,86.38,22856.163
1776357300000,86.39,86.64,86.21,86.52,20990.416
1776357600000,86.51,86.6,86.21,86.3,16096.831
1776357900000,86.3,86.37,86.14,86.16,10848.274
1776358200000,86.15,86.26,85.63,85.81,22442.724
1776358500000,85.82,86.0,85.77,85.94,6068.889
1776358800000,85.93,86.07,85.83,85.94,11183.156
1776359100000,85.94,86.0,85.79,85.97,8131.978
1776359400000,85.98,86.15,85.77,85.78,5293.471
1776359700000,85.79,86.02,85.69,85.98,23514.718
1776360000000,85.98,86.16,85.85,86.15,7545.202
1776360300000,86.14,86.19,85.93,86.06,9329.84
1776360600000,86.05,86.2,86.04,86.05,9400.769
1776360900000,86.05,86.14,85.92,86.11,23432.495
1776361200000,86.12,86.43,86.12,86.43,11975.337
1776361500000,86.42,86.44,86.26,86.43,6436.208
1776361800000,86.44,86.73,86.27,86.63,25137.203
1776362100000,86.63,86.78,86.47,86.64,20619.159
1776362400000,86.65,87.12,86.65,86.7,45561.69
1776362700000,86.7,86.91,86.5,86.58,15267.521
1776363000000,86.59,86.83,86.53,86.83,8859.904
1776363300000,86.82,87.57,86.81,87.55,79068.617
1776363600000,87.54,87.68,87.25,87.33,63120.06
1776363900000,87.33,87.41,87.13,87.19,26398.171
1776364200000,87.2,87.56,87.05,87.53,27810.768
1776364500000,87.54,87.8,87.41,87.68,38597.099
1776364800000,87.69,87.95,87.68,87.83,44616.008
1776365100000,87.84,88.77,87.83,88.39,120276.696
1776365400000,88.39,89.0,88.3,88.81,96592.191
1776365700000,88.82,89.09,88.79,89.01,65130.001
1776366000000,89.01,89.15,88.96,88.96,30233.599
1776366300000,88.96,89.02,88.66,89.0,51951.314
1776366600000,89.0,89.04,88.84,88.93,38628.438
1776366900000,88.93,89.04,88.83,89.0,17009.701
1776367200000,88.99,89.24,88.94,89.22,14230.582
1776367500000,89.21,89.33,89.04,89.19,17775.534
1776367800000,89.19,89.64,89.12,89.19,26674.825
1776368100000,89.18,89.61,89.11,89.61,23025.372
1776368400000,89.61,90.0,89.6,89.88,62043.443
1776368700000,89.87,90.0,89.78,89.98,25719.822
1776369000000,89.98,90.16,89.86,90.06,33232.785
1776369300000,90.07,90.15,89.92,90.1,24991.733
1776369600000,90.1,90.53,89.94,90.3,53748.576
1776369900000,90.3,90.44,89.92,90.0,22736.958
1776370200000,90.0,90.17,89.95,90.14,14744.039
1776370500000,90.13,90.24,89.84,89.87,14259.736
1776370800000,89.86,89.87,89.52,89.71,26370.414
1776371100000,89.7,89.88,89.62,89.87,15946.122
1776371400000,89.87,89.87,89.59,89.69,33296.615
1776371700000,89.69,89.69,89.43,89.44,16967.396
1776372000000,89.44,89.45,89.29,89.37,22657.731
1776372300000,89.38,89.69,89.24,89.56,18815.196
1776372600000,89.57,89.67,89.47,89.52,20216.604
1776372900000,89.53,89.66,89.5,89.59,7360.003
1776373200000,89.59,89.68,89.34,89.39,19291.942
1776373500000,89.4,89.54,89.32,89.51,9441.995
1776373800000,89.52,89.65,89.48,89.53,8708.625
1776374100000,89.53,89.77,89.45,89.64,18258.524
1776374400000,89.65,89.65,88.83,88.99,33288.187
1776374700000,88.99,89.0,88.81,88.91,19413.086
1776375000000,88.9,89.0,88.72,88.96,10012.906
1776375300000,88.97,89.09,88.84,88.89,19377.157
1776375600000,88.9,89.01,88.85,88.89,9842.143
1776375900000,88.89,89.19,88.89,89.13,7642.684
1776376200000,89.14,89.15,88.93,89.0,5673.91
1776376500000,88.99,89.0,88.86,88.93,4660.964
1776376800000,88.94,89.45,88.92,89.24,47673.353
1776377100000,89.24,89.46,89.2,89.2,9710.806
1776377400000,89.2,89.27,89.05,89.13,7791.39
1776377700000,89.13,89.13,88.88,88.9,8647.201
1776378000000,88.91,88.97,88.87,88.97,6124.253
1776378300000,88.97,89.27,88.97,89.14,8216.405
1776378600000,89.14,89.23,89.1,89.14,8279.221
1776378900000,89.14,89.18,89.03,89.08,4799.982
1776379200000,89.08,89.22,89.05,89.14,6851.936
1776379500000,89.15,89.24,89.11,89.21,3619.726
1776379800000,89.2,89.24,88.98,89.06,14294.053
1776380100000,89.06,89.08,88.96,89.0,4232.548
1776380400000,88.99,89.01,88.88,88.95,13355.603
1776380700000,88.96,89.02,88.93,88.95,5172.934
1776381000000,88.95,89.02,88.9,88.95,10016.026
1776381300000,88.96,88.96,88.84,88.91,4135.601
1776381600000,88.92,89.08,88.81,89.01,14156.608
1776381900000,89.0,89.01,88.91,88.92,2468.112
1776382200000,88.92,89.11,88.88,89.01,9328.783
1776382500000,89.02,89.22,88.98,89.11,5673.994
1776382800000,89.11,89.15,89.02,89.1,5528.102
1776383100000,89.1,89.1,88.97,89.0,4282.8
1776383400000,89.0,89.02,88.89,88.93,5471.15
1776383700000,88.92,89.08,88.89,89.05,9245.141
1776384000000,89.06,89.19,89.0,89.02,8486.458
1776384300000,89.03,89.03,88.83,88.87,7453.375
1776384600000,88.87,88.91,88.72,88.75,5870.765
1776384900000,88.75,88.89,88.69,88.89,5853.55
1776385200000,88.89,89.02,88.73,88.76,14127.473
1776385500000,88.77,88.89,88.58,88.67,15696.121
1776385800000,88.67,88.84,88.63,88.79,8404.898
1776386100000,88.78,88.84,88.73,88.84,2889.384
1776386400000,88.84,88.86,88.72,88.73,4285.028
1776386700000,88.73,88.82,88.69,88.79,6816.473
1776387000000,88.79,88.85,88.71,88.75,2750.689
1776387300000,88.75,88.86,88.74,88.82,2624.037
1776387600000,88.81,88.96,88.79,88.83,6457.23
1776387900000,88.84,89.01,88.82,88.93,3197.779
1776388200000,88.93,88.93,88.77,88.87,4324.153
1776388500000,88.87,88.95,88.81,88.81,3959.691
1776388800000,88.81,88.82,88.35,88.38,21074.817
1776389100000,88.37,88.52,88.29,88.37,14658.26
1776389400000,88.38,88.38,88.22,88.36,7281.342
1776389700000,88.36,88.42,88.35,88.39,4505.403
1776390000000,88.39,88.45,88.16,88.21,7987.024
1776390300000,88.21,88.27,88.0,88.06,11564.453
1776390600000,88.05,88.14,87.91,87.94,17669.613
1776390900000,87.94,88.38,87.94,88.24,9499.071
1776391200000,88.24,88.33,88.18,88.31,4605.404
1776391500000,88.32,88.36,87.98,88.06,3568.32
1776391800000,88.06,88.18,88.01,88.1,3178.685
1776392100000,88.11,88.11,87.86,87.87,6703.757
1776392400000,87.88,87.93,87.81,87.86,10840.753
1776392700000,87.85,87.94,87.65,87.68,16992.724
1776393000000,87.68,87.75,87.55,87.75,7905.136
1776393300000,87.76,87.92,87.74,87.85,28156.042
1776393600000,87.86,87.96,87.84,87.86,3977.61
1776393900000,87.86,87.95,87.7,87.71,12982.175
1776394200000,87.71,87.79,87.62,87.77,6129.16
1776394500000,87.77,87.87,87.77,87.86,2618.91
1776394800000,87.87,87.88,87.78,87.82,3340.785
1776395100000,87.81,87.94,87.75,87.86,3824.924
1776395400000,87.87,87.95,87.83,87.9,3541.802
1776395700000,87.91,87.97,87.78,87.8,1126.112
1776396000000,87.79,87.79,87.67,87.75,3765.617
1776396300000,87.76,87.77,87.63,87.68,8217.115
1776396600000,87.67,87.78,87.66,87.72,2263.435
1776396900000,87.72,87.8,87.65,87.68,7432.385
1776397200000,87.68,87.83,87.48,87.81,17815.088
1776397500000,87.8,87.88,87.71,87.81,6280.327
1776397800000,87.8,87.83,87.72,87.73,1233.821
1776398100000,87.73,87.75,87.69,87.72,2578.183
1776398400000,87.73,87.85,87.69,87.85,2422.035
1776398700000,87.85,87.95,87.79,87.86,5493.418
1776399000000,87.86,87.94,87.82,87.9,3067.873
1776399300000,87.91,88.16,87.89,88.14,4574.905
1776399600000,88.14,88.14,87.95,88.05,4269.753
1776399900000,88.04,88.08,88.0,88.07,2882.783
1776400200000,88.07,88.19,88.07,88.15,6123.213
1776400500000,88.16,88.19,88.11,88.19,4914.089
1776400800000,88.19,88.23,88.12,88.19,6450.658
1776401100000,88.19,88.28,88.02,88.05,16681.601
1776401400000,88.05,88.12,88.0,88.01,6296.44
1776401700000,88.01,88.02,87.93,88.0,6503.562
1776402000000,88.01,88.01,87.78,87.79,11471.374
1776402300000,87.79,87.83,87.56,87.57,5407.031
1776402600000,87.58,87.66,87.48,87.55,11996.733
1776402900000,87.56,87.58,87.48,87.57,10841.045
1776403200000,87.57,87.7,87.57,87.66,5712.217
1776403500000,87.65,87.72,87.54,87.59,11009.1
1776403800000,87.59,87.69,87.52,87.69,9487.528
1776404100000,87.68,87.7,87.57,87.57,3895.285
1776404400000,87.56,87.64,87.5,87.58,6730.891
1776404700000,87.57,87.69,87.54,87.59,4071.182
1776405000000,87.58,87.65,87.49,87.56,24791.726
1776405300000,87.56,87.56,87.41,87.41,6241.064
1776405600000,87.41,87.55,87.36,87.53,5163.815
1776405900000,87.52,87.7,87.48,87.5,6954.089
1776406200000,87.5,87.7,87.5,87.64,4442.012
1776406500000,87.63,87.78,87.63,87.68,5115.177
1776406800000,87.68,87.73,87.64,87.7,2764.804
1776407100000,87.7,87.76,87.65,87.76,3938.516
1776407400000,87.75,87.91,87.68,87.89,4424.643
1776407700000,87.88,87.89,87.75,87.86,5163.855
1776408000000,87.85,87.96,87.78,87.93,2872.758
1776408300000,87.92,87.93,87.87,87.92,1340.83
1776408600000,87.93,88.1,87.93,88.02,4377.211
1776408900000,88.01,88.04,87.95,88.0,4368.581
1776409200000,88.01,88.28,88.01,88.24,7010.294
1776409500000,88.24,88.47,88.22,88.47,11319.52
1776409800000,88.47,88.47,88.28,88.37,14507.635
1776410100000,88.36,88.36,88.16,88.25,7511.854
1776410400000,88.24,88.25,88.11,88.12,3345.671
1776410700000,88.13,88.17,88.11,88.16,3199.77
1776411000000,88.16,88.27,88.08,88.14,7014.975
1776411300000,88.15,88.2,88.09,88.2,3231.797
1776411600000,88.2,88.2,88.08,88.15,1727.638
1776411900000,88.16,88.17,87.99,88.01,15385.344
1776412200000,88.01,88.09,87.96,88.08,21552.435
1776412500000,88.07,88.14,87.97,88.12,22945.146
1776412800000,88.13,88.28,88.11,88.28,6027.702
1776413100000,88.27,88.47,88.23,88.27,10006.628
1776413400000,88.26,88.34,88.2,88.28,5547.011
1776413700000,88.29,88.46,88.22,88.37,9551.606
1776414000000,88.38,88.61,88.33,88.58,24408.571
1776414300000,88.57,88.66,88.38,88.41,16853.595
1776414600000,88.4,88.74,88.39,88.66,15490.624
1776414900000,88.66,88.74,88.47,88.54,9172.595
1776415200000,88.54,88.66,88.5,88.59,7760.436
1776415500000,88.59,88.9,88.47,88.73,36217.504
1776415800000,88.72,88.98,88.7,88.93,21452.778
1776416100000,88.93,89.08,88.89,88.93,12557.253
1776416400000,88.94,88.95,88.79,88.83,8666.397
1776416700000,88.82,88.86,88.71,88.79,10989.693
1776417000000,88.8,88.9,88.72,88.85,11965.602
1776417300000,88.84,88.94,88.68,88.69,6742.393
1776417600000,88.69,88.83,88.69,88.79,6625.476
1776417900000,88.8,89.53,88.8,89.44,23167.505
1776418200000,89.44,89.48,88.3,88.53,43359.517
1776418500000,88.52,88.57,88.31,88.42,17232.573
1776418800000,88.42,88.57,88.4,88.52,12912.696
1776419100000,88.53,88.61,88.39,88.55,7918.091
1776419400000,88.55,88.73,88.5,88.63,11064.515
1776419700000,88.63,88.72,88.61,88.72,10167.075
1776420000000,88.71,88.74,88.57,88.67,12246.79
1776420300000,88.66,88.73,88.52,88.53,7438.688
1776420600000,88.52,88.52,88.13,88.25,41814.495
1776420900000,88.24,88.31,88.16,88.23,42770.09
1776421200000,88.23,88.28,88.18,88.23,4007.032
1776421500000,88.22,88.25,87.82,87.84,22289.096
1776421800000,87.84,87.87,87.59,87.78,23214.716
1776422100000,87.77,87.9,87.66,87.68,11372.181
1776422400000,87.69,87.8,87.42,87.45,19887.847
1776422700000,87.45,87.62,87.34,87.6,21535.419
1776423000000,87.6,87.68,87.54,87.64,11432.639
1776423300000,87.64,87.71,87.58,87.67,7409.922
1776423600000,87.67,87.78,87.62,87.74,5467.004
1776423900000,87.73,87.83,87.66,87.82,5023.349
1776424200000,87.81,87.85,87.74,87.76,5219.306
1776424500000,87.75,88.01,87.75,87.91,7301.209
1776424800000,87.92,88.03,87.84,88.03,8953.533
1776425100000,88.03,88.09,87.94,88.0,9338.076
1776425400000,88.0,88.21,88.0,88.2,12286.586
1776425700000,88.2,88.2,88.1,88.1,4223.376
1776426000000,88.11,88.15,88.0,88.02,2637.744
1776426300000,88.02,88.14,87.9,88.12,9914.741
1776426600000,88.12,88.33,88.11,88.21,3939.121
1776426900000,88.21,88.25,88.16,88.21,6049.985
1776427200000,88.22,88.32,88.14,88.19,7188.218
1776427500000,88.2,88.26,88.1,88.24,10493.397
1776427800000,88.24,88.29,88.16,88.18,10074.642
1776428100000,88.19,88.26,88.1,88.23,6610.363
1776428400000,88.24,88.27,87.91,88.14,14901.769
1776428700000,88.13,88.43,87.93,88.2,17658.01
1776429000000,88.2,88.47,88.19,88.36,7751.118
1776429300000,88.36,88.36,88.11,88.12,5961.504
1776429600000,88.12,88.23,88.11,88.19,4342.741
1776429900000,88.2,88.73,88.15,88.72,28966.772
1776430200000,88.73,88.92,88.61,88.83,26520.633
1776430500000,88.83,88.91,88.71,88.89,13279.318
1776430800000,88.89,89.07,88.57,88.78,28454.964
1776431100000,88.78,89.4,88.72,89.4,35577.234
1776431400000,89.39,89.82,89.26,89.81,52303.012
1776431700000,89.81,90.07,89.66,90.06,84575.777
1776432000000,90.05,90.44,89.96,90.38,70876.836
1776432300000,90.37,90.51,88.97,89.55,308283.802
1776432600000,89.55,89.66,88.79,89.36,558660.208
1776432900000,89.36,89.63,89.28,89.42,41939.497
1776433200000,89.41,89.88,89.35,89.81,36422.651
1776433500000,89.81,89.95,89.31,89.72,43672.993
1776433800000,89.73,90.12,89.67,90.03,42431.165
1776434100000,90.03,90.19,89.84,90.12,56358.563
1776434400000,90.13,90.31,89.89,89.96,38242.307
1776434700000,89.97,90.04,89.75,89.81,19651.282
1776435000000,89.8,89.95,89.63,89.78,17921.44
1776435300000,89.78,89.93,89.68,89.92,35199.578
1776435600000,89.93,90.17,89.75,90.05,29406.129
1776435900000,90.05,90.23,89.76,89.79,22119.18
1776436200000,89.79,90.25,89.78,90.25,20666.796
1776436500000,90.24,90.37,90.04,90.31,29333.105
1776436800000,90.32,90.73,89.93,90.15,64066.318
1776437100000,90.15,90.25,90.03,90.23,25185.249
1776437400000,90.23,90.4,89.96,89.96,20312.535
1776437700000,89.97,90.22,89.78,90.03,21819.889
1776438000000,90.03,90.06,89.49,89.68,29862.279
1776438300000,89.68,89.99,89.59,89.97,23914.593
1776438600000,89.96,90.12,89.83,89.88,15696.94
1776438900000,89.87,90.19,89.84,89.96,14211.907
1776439200000,89.96,90.1,89.89,89.96,12522.148
1776439500000,89.95,89.99,89.63,89.84,22719.406
1776439800000,89.83,89.9,89.64,89.9,21858.018
1776440100000,89.89,90.03,89.81,89.82,19487.436
1776440400000,89.83,89.91,89.56,89.63,17755.554
1776440700000,89.62,89.96,89.62,89.62,32751.614
1776441000000,89.62,90.08,89.56,89.99,12534.223
1776441300000,89.98,90.08,89.93,89.95,9421.438
1776441600000,89.95,90.19,89.89,90.11,7626.806
1776441900000,90.12,90.32,90.08,90.09,17899.678
1776442200000,90.1,90.37,90.06,90.1,15265.598
1776442500000,90.1,90.19,89.91,90.18,15308.689
1776442800000,90.18,90.59,90.13,90.28,27127.008
1776443100000,90.28,90.4,90.26,90.3,9719.802
1776443400000,90.29,90.42,90.05,90.2,19955.135
1776443700000,90.19,90.35,90.14,90.19,9159.388
1776444000000,90.2,90.25,90.0,90.19,10247.735
1776444300000,90.19,90.27,90.15,90.21,9160.752
1776444600000,90.2,90.31,90.14,90.25,8507.215
1776444900000,90.24,90.43,90.24,90.42,9273.254
1776445200000,90.43,90.43,90.2,90.32,7667.921
1776445500000,90.32,90.32,89.87,89.95,21773.01
1776445800000,89.96,89.98,89.5,89.77,24310.292
1776446100000,89.77,89.99,89.76,89.86,6543.411
1776446400000,89.85,89.85,89.08,89.23,28481.041
1776446700000,89.23,89.44,89.08,89.4,16701.61
1776447000000,89.41,89.8,89.41,89.66,9517.009
1776447300000,89.65,89.69,89.48,89.58,5870.381
1776447600000,89.58,89.62,89.44,89.56,8193.556
1776447900000,89.56,89.89,89.55,89.77,12240.276
1776448200000,89.76,89.83,89.61,89.67,8058.146
1776448500000,89.67,89.74,89.64,89.74,3311.906
1776448800000,89.74,89.83,89.39,89.41,12924.294
1776449100000,89.41,89.44,89.01,89.09,19763.666
1776449400000,89.09,89.12,88.88,88.94,15181.128
1776449700000,88.93,89.24,88.89,89.1,8330.936
1776450000000,89.11,89.25,89.0,89.2,5353.523
1776450300000,89.19,89.32,89.0,89.03,17049.664
1776450600000,89.03,89.2,88.96,89.2,7411.001
1776450900000,89.2,89.23,89.14,89.2,6731.753
1776451200000,89.2,89.4,89.2,89.36,5112.733
1776451500000,89.36,89.38,89.23,89.24,3808.8
1776451800000,89.23,89.27,88.92,89.19,7371.754
1776452100000,89.18,89.21,89.05,89.17,3261.259
1776452400000,89.17,89.29,89.07,89.08,5073.519
1776452700000,89.07,89.14,88.92,89.09,10355.6
1776453000000,89.1,89.2,89.01,89.19,3354.192
1776453300000,89.18,89.42,89.18,89.36,8795.088
1776453600000,89.36,89.45,89.3,89.41,7058.037
1776453900000,89.41,89.44,89.19,89.25,3559.581
1776454200000,89.25,89.44,89.25,89.39,3583.642
1776454500000,89.39,89.49,89.26,89.46,2600.105
1776454800000,89.45,89.51,89.39,89.46,3871.147
1776455100000,89.46,89.46,89.13,89.31,6139.535
1776455400000,89.32,89.36,89.17,89.28,5844.46
1776455700000,89.28,89.35,89.2,89.23,4854.452
1776456000000,89.24,89.37,89.22,89.3,4861.949
1776456300000,89.31,89.33,89.23,89.28,6967.548
1776456600000,89.27,89.32,89.16,89.29,3721.472
1776456900000,89.28,89.29,89.21,89.26,2361.851
1776457200000,89.27,89.28,89.14,89.24,3414.076
1776457500000,89.24,89.24,89.06,89.11,6706.216
1776457800000,89.1,89.15,88.51,88.66,38761.987
1776458100000,88.67,88.78,88.62,88.78,3854.693
1776458400000,88.78,88.82,88.71,88.77,5313.161
1776458700000,88.77,88.98,88.66,88.95,7963.947
1776459000000,88.95,88.97,88.86,88.91,6109.126
1776459300000,88.91,89.02,88.9,89.0,3736.717
1776459600000,89.0,89.24,88.98,89.15,8485.274
1776459900000,89.16,89.17,89.02,89.12,6199.392
1776460200000,89.12,89.22,89.1,89.15,4734.055
1776460500000,89.14,89.19,89.06,89.17,3569.249
1776460800000,89.17,89.27,89.16,89.17,5419.809
1776461100000,89.16,89.2,89.08,89.14,2755.922
1776461400000,89.13,89.13,88.99,89.02,3558.718
1776461700000,89.01,89.11,88.8,88.82,11361.113
1776462000000,88.83,89.14,88.83,89.08,5722.954
1776462300000,89.08,89.15,89.04,89.14,3508.297
1776462600000,89.14,89.2,89.12,89.2,2352.209
1776462900000,89.2,89.21,89.12,89.13,3186.093
1776463200000,89.12,89.23,89.06,89.2,3645.56
1776463500000,89.21,89.28,89.2,89.26,2077.6
1776463800000,89.25,89.26,89.03,89.08,8890.822
1776464100000,89.09,89.16,88.94,89.03,11146.287
1776464400000,89.03,89.22,89.01,89.13,4763.99
1776464700000,89.13,89.23,89.11,89.18,2492.952
1776465000000,89.17,89.4,89.1,89.4,4476.248
1776465300000,89.4,89.42,89.3,89.34,8143.921
1776465600000,89.34,89.47,89.34,89.34,3428.884
1776465900000,89.34,89.37,89.29,89.35,4361.167
1776466200000,89.35,89.4,89.3,89.34,2292.44
1776466500000,89.35,89.36,89.2,89.22,2523.241
1776466800000,89.22,89.22,89.07,89.1,3173.053
1776467100000,89.1,89.14,88.97,88.99,5923.968
1776467400000,88.99,89.03,88.92,88.98,8256.644
1776467700000,88.99,89.01,88.5,88.57,12492.352
1776468000000,88.57,88.76,88.51,88.74,11279.005
1776468300000,88.74,88.87,88.74,88.79,6024.084
1776468600000,88.78,88.93,88.71,88.71,3815.131
1776468900000,88.72,88.83,88.72,88.73,6376.287
1776469200000,88.73,88.82,88.67,88.69,9708.654
1776469500000,88.7,88.85,88.66,88.84,2689.289
1776469800000,88.84,88.85,88.75,88.82,3287.81
1776470100000,88.83,88.89,88.76,88.76,2879.118
1776470400000,88.77,88.96,88.73,88.87,2965.872
1776470700000,88.88,88.94,88.75,88.77,8606.217
1776471000000,88.76,88.9,88.75,88.78,4374.257
1776471300000,88.77,88.98,88.77,88.92,3471.146
1776471600000,88.93,88.93,88.75,88.82,2667.836
1776471900000,88.83,88.95,88.82,88.95,1469.908
1776472200000,88.94,89.0,88.67,88.75,5377.219
1776472500000,88.76,88.87,88.66,88.75,8522.534
1776472800000,88.76,88.81,88.7,88.71,2415.857
1776473100000,88.72,88.94,88.7,88.93,2827.712
1776473400000,88.94,89.08,88.86,89.07,2274.63
1776473700000,89.08,89.14,88.92,88.96,3997.483
1776474000000,88.97,88.98,88.78,88.96,2447.455
1776474300000,88.96,89.04,88.91,88.92,3693.609
1776474600000,88.92,89.08,88.92,89.08,1965.726
1776474900000,89.08,89.13,89.04,89.13,5811.034
1776475200000,89.12,89.16,89.08,89.13,2787.823
1776475500000,89.14,89.15,89.06,89.11,1702.681
1776475800000,89.11,89.12,88.92,88.92,4228.205
1776476100000,88.92,88.93,88.76,88.79,7263.029
1776476400000,88.79,88.94,88.79,88.81,4797.26
1776476700000,88.81,88.98,88.75,88.77,4392.121
1776477000000,88.77,88.8,88.69,88.74,2740.489
1776477300000,88.74,88.87,88.73,88.86,2763.303
1776477600000,88.86,88.86,88.67,88.75,3695.753
1776477900000,88.74,88.89,88.74,88.84,2821.858
1776478200000,88.84,88.91,88.81,88.9,1324.981
1776478500000,88.91,89.0,88.9,88.98,3312.489
1776478800000,88.99,89.08,88.97,88.99,9387.696
1776479100000,88.98,89.05,88.96,89.02,1484.905
1776479400000,89.02,89.03,88.9,88.94,1929.583
1776479700000,88.93,89.1,88.9,89.04,1544.41
1776480000000,89.04,89.09,88.93,88.97,2261.7
1776480300000,88.96,88.99,88.91,88.95,1342.432
1776480600000,88.95,88.95,88.87,88.93,1935.726
1776480900000,88.93,88.96,88.89,88.94,1440.824
1776481200000,88.93,88.93,88.77,88.86,2190.767
1776481500000,88.86,88.88,88.8,88.88,1379.341
1776481800000,88.87,88.87,88.8,88.84,1228.291
1776482100000,88.85,88.88,88.77,88.87,1774.663
1776482400000,88.88,88.89,88.82,88.87,1344.245
1776482700000,88.88,88.88,88.72,88.74,2893.439
1776483000000,88.74,88.83,88.67,88.78,6446.01
1776483300000,88.78,88.84,88.74,88.76,4347.946
1776483600000,88.76,88.84,88.76,88.82,1691.161
1776483900000,88.81,88.85,88.71,88.76,9615.031
1776484200000,88.77,88.85,88.3,88.33,24960.512
1776484500000,88.33,88.4,88.23,88.33,13709.262
1776484800000,88.34,88.44,88.25,88.44,5808.463
1776485100000,88.44,88.55,88.43,88.51,4317.567
1776485400000,88.51,88.54,88.46,88.48,2124.617
1776485700000,88.49,88.53,88.43,88.52,6148.787
1776486000000,88.51,88.55,88.44,88.49,1699.841
1776486300000,88.49,88.5,88.33,88.4,7222.266
1776486600000,88.4,88.4,88.24,88.3,6303.921
1776486900000,88.3,88.47,88.3,88.43,4170.55
1776487200000,88.43,88.46,88.28,88.32,3234.503
1776487500000,88.32,88.47,88.31,88.39,7805.725
1776487800000,88.4,88.48,88.4,88.44,8555.388
1776488100000,88.45,88.48,88.35,88.36,14835.504
1776488400000,88.35,88.45,88.24,88.45,17220.588
1776488700000,88.45,88.56,88.45,88.56,2259.737
1776489000000,88.56,88.64,88.52,88.55,7910.625
1776489300000,88.54,88.55,88.41,88.41,25574.191
1776489600000,88.42,88.46,88.32,88.4,11916.658
1776489900000,88.4,88.41,88.32,88.32,5551.511
1776490200000,88.32,88.35,88.26,88.32,5475.029
1776490500000,88.32,88.32,88.16,88.28,36044.049
1776490800000,88.27,88.36,88.16,88.36,9741.111
1776491100000,88.35,88.38,88.31,88.38,2096.486
1776491400000,88.37,88.4,88.34,88.35,2085.782
1776491700000,88.35,88.41,88.34,88.4,1807.677
1776492000000,88.4,88.51,88.4,88.42,4963.116
1776492300000,88.42,88.49,88.38,88.46,2144.124
1776492600000,88.47,88.5,88.44,88.44,1465.651
1776492900000,88.44,88.46,88.4,88.44,2247.572
1776493200000,88.43,88.44,88.34,88.35,3710.028
1776493500000,88.35,88.49,88.3,88.49,9209.513
1776493800000,88.48,88.55,88.46,88.52,5825.016
1776494100000,88.51,88.56,88.45,88.46,7511.498
1776494400000,88.46,88.53,88.44,88.52,3578.13
1776494700000,88.53,88.61,88.51,88.6,7372.378
1776495000000,88.6,88.62,88.56,88.59,4031.534
1776495300000,88.6,88.6,88.48,88.5,4757.504
1776495600000,88.51,88.54,88.44,88.47,5233.244
1776495900000,88.47,88.47,88.4,88.4,6453.294
1776496200000,88.4,88.49,88.39,88.42,5961.797
1776496500000,88.41,88.45,88.37,88.41,2521.733
1776496800000,88.4,88.51,88.39,88.5,1538.786
1776497100000,88.5,88.51,88.45,88.49,4299.263
1776497400000,88.49,88.55,88.46,88.55,3318.995
1776497700000,88.54,88.54,88.45,88.45,2303.077
1776498000000,88.45,88.46,88.36,88.46,6989.056
1776498300000,88.46,88.47,88.39,88.39,4222.932
1776498600000,88.4,88.42,88.3,88.41,4388.02
1776498900000,88.4,88.48,88.37,88.45,2812.191
1776499200000,88.45,88.5,88.22,88.27,18424.982
1776499500000,88.28,88.34,88.24,88.32,1910.11
1776499800000,88.32,88.32,88.07,88.09,6129.567
1776500100000,88.09,88.12,87.66,88.0,40716.582
1776500400000,88.01,88.01,87.61,87.74,15541.329
1776500700000,87.73,87.78,87.65,87.68,9224.598
1776501000000,87.67,87.75,87.47,87.49,22850.212
1776501300000,87.49,87.51,87.15,87.28,45458.587
1776501600000,87.28,87.3,87.1,87.21,19989.802
1776501900000,87.2,87.37,87.15,87.3,16852.441
1776502200000,87.29,87.46,87.25,87.41,18452.866
1776502500000,87.41,87.62,87.38,87.56,17366.924
1776502800000,87.55,87.55,87.39,87.47,7597.563
1776503100000,87.48,87.52,87.18,87.21,16220.076
1776503400000,87.21,87.46,87.21,87.33,8151.313
1776503700000,87.33,87.55,87.14,87.35,23262.256
1776504000000,87.36,87.46,87.32,87.38,7569.009
1776504300000,87.38,87.52,87.38,87.51,5338.919
1776504600000,87.51,87.68,87.49,87.66,6294.9
1776504900000,87.65,87.67,87.51,87.57,6725.855
1776505200000,87.58,87.67,87.57,87.59,3262.32
1776505500000,87.6,87.67,87.55,87.65,3644.617
1776505800000,87.64,87.65,87.44,87.49,6391.018
1776506100000,87.49,87.62,87.47,87.62,4489.226
1776506400000,87.62,87.63,87.17,87.21,39229.75
1776506700000,87.21,87.28,86.97,87.05,36705.338
1776507000000,87.06,87.15,86.98,87.13,13939.058
1776507300000,87.14,87.24,87.1,87.2,6740.262
1776507600000,87.21,87.25,87.07,87.16,4351.641
1776507900000,87.17,87.22,87.12,87.18,4588.418
1776508200000,87.18,87.18,87.05,87.16,3732.249
1776508500000,87.16,87.19,87.12,87.17,2721.0
1776508800000,87.18,87.21,86.88,86.88,13315.716
1776509100000,86.89,86.99,86.81,86.9,13467.73
1776509400000,86.9,86.9,86.77,86.87,6786.628
1776509700000,86.87,86.97,86.87,86.97,6321.977
1776510000000,86.96,86.97,86.82,86.92,23713.695
1776510300000,86.93,86.95,86.62,86.78,19149.536
1776510600000,86.78,86.87,86.61,86.66,14330.678
1776510900000,86.65,86.82,86.62,86.78,10456.776
1776511200000,86.78,86.86,86.74,86.81,8180.061
1776511500000,86.8,86.81,86.73,86.8,6727.854
1776511800000,86.8,86.87,86.7,86.79,5313.733
1776512100000,86.79,86.8,86.44,86.45,17551.567
1776512400000,86.45,86.5,86.28,86.41,15975.569
1776512700000,86.42,86.46,86.33,86.4,10399.435
1776513000000,86.41,86.61,86.39,86.55,10853.519
1776513300000,86.55,86.68,86.46,86.53,4319.64
1776513600000,86.54,86.83,86.51,86.83,14335.859
1776513900000,86.83,86.86,86.74,86.76,8724.999
1776514200000,86.77,86.81,86.71,86.8,4624.97
1776514500000,86.79,86.84,86.7,86.75,17946.049
1776514800000,86.75,86.8,86.66,86.73,7287.78
1776515100000,86.74,86.76,86.71,86.71,2643.014
1776515400000,86.72,86.82,86.7,86.76,3245.936
1776515700000,86.76,86.77,86.62,86.63,4660.646
1776516000000,86.63,86.8,86.61,86.8,3669.639
1776516300000,86.8,86.89,86.76,86.88,12914.598
1776516600000,86.89,86.96,86.88,86.93,9462.663
1776516900000,86.93,86.96,86.85,86.91,9070.825
1776517200000,86.9,86.98,86.85,86.9,5656.99
1776517500000,86.9,86.94,86.82,86.84,5270.21
1776517800000,86.84,86.87,86.82,86.86,2867.069
1776518100000,86.87,86.87,86.71,86.79,13469.543
1776518400000,86.79,86.94,86.77,86.81,5028.621
1776518700000,86.81,86.84,86.67,86.72,3848.173
1776519000000,86.73,86.76,86.6,86.65,6316.022
1776519300000,86.64,86.68,86.51,86.51,8354.339
1776519600000,86.5,86.61,86.41,86.56,11748.59
1776519900000,86.57,86.72,86.51,86.71,9801.847
1776520200000,86.7,86.82,86.7,86.79,6052.94
1776520500000,86.79,86.79,86.73,86.74,2468.84
1776520800000,86.73,86.82,86.64,86.66,6246.293
1776521100000,86.66,86.73,86.6,86.65,5403.745
1776521400000,86.65,86.7,86.6,86.7,4626.124
1776521700000,86.69,86.74,86.67,86.69,1976.906
1776522000000,86.68,86.69,86.43,86.55,8689.072
1776522300000,86.56,86.77,86.53,86.75,3778.11
1776522600000,86.75,86.86,86.69,86.77,4934.725
1776522900000,86.77,86.83,86.73,86.81,4382.141
1776523200000,86.8,86.83,86.73,86.76,5708.625
1776523500000,86.76,86.8,86.73,86.76,2603.377
1776523800000,86.77,86.83,86.76,86.81,3764.693
1776524100000,86.81,86.86,86.76,86.82,5305.733
1776524400000,86.83,86.96,86.74,86.83,12187.92
1776524700000,86.84,86.85,86.75,86.78,3262.659
1776525000000,86.77,86.85,86.68,86.81,3955.282
1776525300000,86.81,86.83,86.73,86.75,2392.163
1776525600000,86.74,86.88,86.74,86.86,14793.769
1776525900000,86.87,86.92,86.78,86.81,3506.927
1776526200000,86.8,86.88,86.79,86.85,2114.088
1776526500000,86.85,86.85,86.77,86.8,2634.005
1776526800000,86.8,86.8,86.67,86.68,2886.03
1776527100000,86.68,86.72,86.64,86.67,1878.338
1776527400000,86.68,86.7,86.57,86.68,6628.122
1776527700000,86.69,86.77,86.69,86.75,2831.568
1776528000000,86.75,86.75,86.59,86.66,3878.951
1776528300000,86.66,86.82,86.66,86.82,2309.038
1776528600000,86.82,86.92,86.8,86.89,2698.185
1776528900000,86.89,86.89,86.43,86.76,25107.977
1776529200000,86.77,86.98,86.71,86.82,13863.887
1776529500000,86.83,86.89,86.77,86.8,2716.365
1776529800000,86.79,86.84,86.69,86.73,3487.498
1776530100000,86.74,86.78,86.71,86.72,1072.51
1776530400000,86.71,86.73,86.65,86.67,1457.261
1776530700000,86.66,86.74,86.63,86.63,2241.78
1776531000000,86.63,86.64,86.53,86.61,9336.27
1776531300000,86.61,86.71,86.61,86.7,6219.103
1776531600000,86.69,86.7,86.61,86.67,3592.745
1776531900000,86.67,86.69,86.56,86.65,3418.841
1776532200000,86.64,86.71,86.5,86.58,12304.064
1776532500000,86.59,86.68,86.58,86.66,4723.402
1776532800000,86.67,86.67,86.57,86.66,1311.336
1776533100000,86.65,86.74,86.62,86.71,2192.348
1776533400000,86.71,86.79,86.71,86.77,1684.215
1776533700000,86.77,86.8,86.75,86.78,2069.808
1776534000000,86.77,86.79,86.73,86.77,1733.398
1776534300000,86.77,86.83,86.77,86.83,1746.149
1776534600000,86.83,86.84,86.79,86.83,1993.234
1776534900000,86.83,86.83,86.74,86.74,2103.944
1776535200000,86.74,86.75,86.56,86.69,6973.603
1776535500000,86.68,86.75,86.64,86.75,2024.648
1776535800000,86.75,86.75,86.62,86.64,1590.688
1776536100000,86.63,86.64,86.49,86.51,7292.461
1776536400000,86.51,86.56,86.38,86.39,8906.221
1776536700000,86.39,86.45,86.34,86.36,2493.406
1776537000000,86.36,86.39,86.06,86.21,28361.267
1776537300000,86.2,86.2,85.91,85.96,23350.709
1776537600000,85.97,85.99,85.78,85.99,18058.272
1776537900000,86.0,86.17,85.93,86.05,8735.605
1776538200000,86.05,86.06,85.88,85.89,7999.941
1776538500000,85.89,85.96,85.8,85.95,6192.659
1776538800000,85.95,86.24,85.93,86.22,6398.223
1776539100000,86.22,86.28,86.16,86.19,4738.192
1776539400000,86.2,86.27,86.18,86.24,4734.836
1776539700000,86.24,86.29,86.2,86.21,4823.938
1776540000000,86.22,86.23,86.1,86.12,2390.444
1776540300000,86.12,86.23,86.12,86.19,1796.461
1776540600000,86.2,86.22,86.03,86.04,3251.784
1776540900000,86.05,86.09,85.96,86.03,3009.924
1776541200000,86.02,86.07,86.0,86.03,3185.224
1776541500000,86.02,86.16,86.0,86.14,2664.493
1776541800000,86.14,86.18,86.07,86.09,1856.079
1776542100000,86.1,86.18,86.09,86.13,4589.593
1776542400000,86.12,86.14,86.0,86.02,2822.506
1776542700000,86.03,86.17,86.03,86.16,1769.855
1776543000000,86.15,86.16,86.1,86.12,2096.455
1776543300000,86.13,86.22,86.07,86.08,3103.93
1776543600000,86.08,86.13,86.04,86.11,2000.814
1776543900000,86.11,86.12,86.06,86.11,3157.224
1776544200000,86.11,86.17,86.11,86.17,1868.298
1776544500000,86.17,86.18,86.07,86.15,2751.656
1776544800000,86.15,86.24,86.14,86.22,4070.606
1776545100000,86.22,86.3,86.18,86.24,1780.919
1776545400000,86.25,86.27,86.21,86.26,4000.823
1776545700000,86.25,86.25,86.15,86.18,5655.397
1776546000000,86.18,86.27,86.16,86.18,2711.914
1776546300000,86.18,86.22,86.14,86.2,1232.0
1776546600000,86.2,86.22,86.08,86.16,2371.991
1776546900000,86.16,86.19,86.06,86.06,2485.763
1776547200000,86.07,86.12,86.03,86.11,1711.854
1776547500000,86.11,86.25,86.11,86.23,8987.324
1776547800000,86.24,86.24,86.14,86.15,2107.84
1776548100000,86.14,86.2,86.13,86.16,1204.044
1776548400000,86.17,86.24,86.13,86.19,2992.948
1776548700000,86.19,86.26,86.18,86.21,1963.312
1776549000000,86.2,86.24,86.14,86.24,2620.643
1776549300000,86.24,86.26,86.19,86.23,3793.587
1776549600000,86.23,86.23,85.92,86.0,26366.584
1776549900000,86.0,86.04,85.93,85.97,2546.616
1776550200000,85.97,86.06,85.95,85.99,3226.207
1776550500000,85.99,86.09,85.98,86.04,4798.941
1776550800000,86.04,86.08,85.98,86.08,2989.984
1776551100000,86.08,86.18,86.07,86.18,3589.755
1776551400000,86.18,86.24,86.17,86.2,2618.347
1776551700000,86.2,86.25,86.1,86.13,6868.113
1776552000000,86.13,86.17,86.08,86.17,3624.002
1776552300000,86.17,86.34,86.16,86.32,13757.719
1776552600000,86.31,86.36,86.24,86.3,2966.267
1776552900000,86.3,86.33,86.26,86.3,2522.967
1776553200000,86.29,86.39,86.28,86.35,2926.304
1776553500000,86.35,86.46,86.31,86.34,5626.76
1776553800000,86.33,86.35,86.28,86.3,2903.669
1776554100000,86.3,86.35,86.29,86.32,3472.236
1776554400000,86.32,86.33,86.29,86.32,1662.842
1776554700000,86.32,86.33,86.26,86.26,2959.759
1776555000000,86.26,86.28,86.21,86.24,1366.689
1776555300000,86.24,86.25,86.18,86.2,2249.498
1776555600000,86.2,86.33,86.2,86.24,6046.049
1776555900000,86.24,86.26,86.2,86.25,3063.892
1776556200000,86.25,86.25,86.13,86.16,3927.349
1776556500000,86.15,86.18,86.13,86.16,2074.373
1776556800000,86.15,86.24,86.13,86.24,2458.301
1776557100000,86.24,86.38,86.22,86.38,3780.204
1776557400000,86.38,86.38,86.18,86.19,4962.176
1776557700000,86.19,86.19,86.03,86.14,4766.648
1776558000000,86.13,86.17,86.0,86.08,4570.925
1776558300000,86.09,86.1,86.03,86.08,2102.144
1776558600000,86.07,86.12,85.96,85.99,15182.269
1776558900000,85.99,85.99,85.86,85.9,6077.103
1776559200000,85.9,85.93,85.87,85.91,3254.352
1776559500000,85.91,86.14,85.89,86.11,4589.827
1776559800000,86.1,86.12,86.02,86.03,2380.258
1776560100000,86.03,86.03,85.95,86.01,3099.735
1776560400000,86.02,86.23,86.02,86.06,4629.418
1776560700000,86.05,86.09,85.96,85.96,7181.479
1776561000000,85.96,86.02,85.93,86.0,3523.319
1776561300000,86.0,86.01,85.88,85.88,2433.007
1776561600000,85.88,85.88,85.77,85.83,3466.533
1776561900000,85.82,85.83,85.69,85.75,5118.717
1776562200000,85.75,85.77,85.61,85.71,5052.454
1776562500000,85.71,85.73,85.6,85.62,5744.389
1776562800000,85.62,85.71,85.62,85.68,2651.011
1776563100000,85.67,85.74,85.67,85.73,3857.627
1776563400000,85.72,85.84,85.69,85.84,3593.454
1776563700000,85.84,85.88,85.75,85.76,1746.57
1776564000000,85.76,85.77,85.66,85.69,1953.694
1776564300000,85.69,85.75,85.68,85.73,5550.616
1776564600000,85.73,85.79,85.72,85.79,2490.035
1776564900000,85.79,85.86,85.72,85.74,2563.142
1776565200000,85.74,85.82,85.37,85.4,15674.047
1776565500000,85.39,85.42,85.24,85.34,15635.55
1776565800000,85.35,85.47,85.27,85.33,4330.039
1776566100000,85.33,85.45,85.28,85.43,4621.991
1776566400000,85.43,85.84,85.43,85.74,5754.186
1776566700000,85.74,85.79,85.56,85.56,12002.292
1776567000000,85.57,85.59,85.5,85.53,4703.419
1776567300000,85.54,85.62,85.5,85.53,8188.109
1776567600000,85.53,85.58,85.41,85.48,5349.34
1776567900000,85.48,85.5,85.3,85.45,6228.24
1776568200000,85.46,85.69,85.46,85.68,6015.226
1776568500000,85.68,85.71,85.58,85.58,2048.544
1776568800000,85.59,85.66,85.53,85.6,2419.331
1776569100000,85.59,85.71,85.59,85.71,2452.488
1776569400000,85.7,85.72,85.59,85.7,2014.809
1776569700000,85.7,85.78,85.66,85.69,3162.718
1776570000000,85.7,85.77,85.65,85.75,1185.922
1776570300000,85.75,85.79,85.72,85.74,1690.947
1776570600000,85.75,85.77,85.67,85.7,2084.569
1776570900000,85.7,85.72,85.58,85.6,6477.348
1776571200000,85.6,85.67,85.58,85.66,2917.217
1776571500000,85.67,85.74,85.67,85.67,1353.34
1776571800000,85.67,85.91,85.67,85.85,6189.446
1776572100000,85.85,85.96,85.81,85.88,5340.786
1776572400000,85.89,85.94,85.84,85.91,1446.861
1776572700000,85.91,85.93,85.84,85.88,4486.71
1776573000000,85.88,85.88,85.55,85.59,11883.642
1776573300000,85.59,85.63,85.44,85.47,10674.469
1776573600000,85.46,85.47,85.14,85.35,28136.881
1776573900000,85.35,85.49,85.3,85.48,4816.257
1776574200000,85.47,85.64,85.46,85.54,3844.154
1776574500000,85.54,85.58,85.51,85.58,1466.215
1776574800000,85.57,85.66,85.45,85.5,8033.511
1776575100000,85.5,85.53,85.43,85.46,4221.337
1776575400000,85.47,85.55,85.46,85.49,5443.953
1776575700000,85.48,85.56,85.44,85.47,7174.013
1776576000000,85.48,85.55,85.45,85.55,6075.227
1776576300000,85.55,85.56,85.46,85.54,4285.662
1776576600000,85.55,85.77,85.54,85.75,6864.726
1776576900000,85.76,85.8,85.69,85.71,5938.104
1776577200000,85.71,85.71,85.54,85.56,4740.515
1776577500000,85.55,85.61,85.4,85.57,9909.863
1776577800000,85.57,85.58,85.47,85.48,1998.729
1776578100000,85.47,85.51,85.44,85.48,1643.311
1776578400000,85.49,85.5,85.35,85.37,6129.623
1776578700000,85.38,85.48,85.35,85.38,3896.42
1776579000000,85.38,85.44,85.26,85.28,7555.911
1776579300000,85.28,85.33,85.14,85.32,12477.151
1776579600000,85.31,85.45,85.27,85.45,8487.221
1776579900000,85.45,85.46,85.35,85.36,2533.976
1776580200000,85.36,85.53,85.36,85.53,9784.629
1776580500000,85.53,85.66,85.46,85.51,19298.036
1776580800000,85.51,85.53,85.47,85.49,6340.64
1776581100000,85.5,85.54,85.48,85.54,2855.22
1776581400000,85.53,85.55,85.43,85.43,2713.466
1776581700000,85.44,85.45,85.39,85.45,1810.987
1776582000000,85.45,85.45,85.32,85.34,3344.704
1776582300000,85.34,85.36,85.09,85.12,9638.855
1776582600000,85.12,85.18,85.04,85.08,6333.122
1776582900000,85.07,85.08,84.76,84.77,32282.382
1776583200000,84.77,84.87,84.43,84.7,47548.355
1776583500000,84.71,84.72,84.52,84.59,28556.5
1776583800000,84.59,84.78,84.57,84.67,12313.013
1776584100000,84.67,84.7,84.43,84.56,19714.572
1776584400000,84.56,84.9,84.55,84.79,17723.332
1776584700000,84.79,84.82,84.72,84.78,5111.876
1776585000000,84.78,84.93,84.75,84.85,8869.66
1776585300000,84.86,84.96,84.83,84.88,6177.534
1776585600000,84.88,84.94,84.77,84.84,7356.213
1776585900000,84.84,84.91,84.77,84.83,16969.44
1776586200000,84.82,85.03,84.82,85.01,12954.26
1776586500000,85.01,85.14,84.91,84.96,17088.151
1776586800000,84.96,84.97,84.89,84.91,4090.124
1776587100000,84.92,84.95,84.84,84.84,4843.111
1776587400000,84.84,84.88,84.74,84.87,11043.062
1776587700000,84.86,84.96,84.85,84.86,4791.123
1776588000000,84.86,84.92,84.79,84.8,10458.81
1776588300000,84.81,84.83,84.73,84.75,10488.579
1776588600000,84.74,84.88,84.62,84.77,13532.094
1776588900000,84.78,84.81,84.74,84.8,6030.885
1776589200000,84.8,84.86,84.78,84.84,4021.065
1776589500000,84.85,84.89,84.79,84.84,4925.084
1776589800000,84.85,84.92,84.75,84.8,7163.891
1776590100000,84.8,84.82,84.74,84.79,5747.338
1776590400000,84.8,84.81,84.66,84.72,8286.277
1776590700000,84.71,84.86,84.59,84.86,9842.434
1776591000000,84.86,85.08,84.81,84.81,35586.105
1776591300000,84.82,84.85,84.75,84.75,3057.745
1776591600000,84.75,84.8,84.71,84.75,5691.777
1776591900000,84.75,84.75,84.62,84.69,3347.072
1776592200000,84.7,84.81,84.59,84.71,29963.623
1776592500000,84.7,84.72,84.57,84.59,14423.168
1776592800000,84.59,84.66,84.44,84.59,17804.074
1776593100000,84.59,84.61,84.54,84.6,4661.924
1776593400000,84.59,84.7,84.59,84.65,3422.517
1776593700000,84.65,84.65,84.57,84.62,3237.753
1776594000000,84.62,84.74,84.61,84.61,5237.997
1776594300000,84.61,84.7,84.55,84.66,9362.338
1776594600000,84.66,84.71,84.64,84.71,2379.528
1776594900000,84.71,84.72,84.65,84.67,2042.876
1776595200000,84.67,84.72,84.64,84.7,2476.89
1776595500000,84.7,84.81,84.7,84.79,2966.071
1776595800000,84.8,84.9,84.79,84.82,5864.494
1776596100000,84.82,84.84,84.77,84.79,3168.801
1776596400000,84.79,84.91,84.76,84.9,6346.531
1776596700000,84.9,85.44,84.86,85.42,20021.757
1776597000000,85.42,85.42,85.19,85.34,13707.347
1776597300000,85.33,85.47,85.24,85.3,18071.242
1776597600000,85.29,85.35,85.24,85.31,12683.439
1776597900000,85.31,85.35,85.25,85.26,7863.172
1776598200000,85.26,85.43,85.25,85.34,6600.267
1776598500000,85.35,85.43,85.3,85.41,5247.531
1776598800000,85.41,85.52,85.38,85.51,9208.98
1776599100000,85.51,85.55,85.46,85.53,6231.181
1776599400000,85.53,85.71,85.53,85.66,26563.332
1776599700000,85.66,85.68,85.54,85.6,9327.3
1776600000000,85.61,85.7,85.56,85.63,8788.743
1776600300000,85.63,85.75,85.58,85.75,15705.239
1776600600000,85.74,85.77,85.56,85.69,13173.103
1776600900000,85.69,85.85,85.69,85.76,12960.81
1776601200000,85.76,85.79,85.71,85.71,6598.321
1776601500000,85.72,85.73,85.64,85.67,6262.169
1776601800000,85.67,85.72,85.61,85.67,9083.386
1776602100000,85.66,85.71,85.59,85.61,4328.908
1776602400000,85.61,85.66,85.55,85.63,2789.249
1776602700000,85.63,85.66,85.59,85.6,3152.873
1776603000000,85.6,85.68,85.59,85.67,4391.626
1776603300000,85.67,85.96,85.67,85.79,8843.152
1776603600000,85.79,86.07,85.76,86.06,9217.415
1776603900000,86.07,86.32,86.03,86.32,18062.721
1776604200000,86.32,86.33,86.12,86.24,14197.132
1776604500000,86.24,86.85,86.24,86.7,26183.697
1776604800000,86.7,86.96,86.54,86.6,29750.597
1776605100000,86.6,86.77,86.56,86.59,6796.361
1776605400000,86.59,86.73,86.45,86.53,8838.963
1776605700000,86.53,86.54,86.25,86.45,12643.059
1776606000000,86.45,86.49,86.33,86.49,3820.708
1776606300000,86.5,86.51,86.31,86.35,11998.312
1776606600000,86.36,86.39,86.29,86.32,5748.24
1776606900000,86.32,86.4,86.24,86.33,4808.506
1776607200000,86.34,86.43,86.09,86.19,9285.678
1776607500000,86.18,86.19,85.98,86.08,11487.678
1776607800000,86.09,86.26,86.05,86.23,5471.021
1776608100000,86.23,86.46,86.2,86.43,8789.804
1776608400000,86.43,86.65,86.36,86.63,10504.398
1776608700000,86.63,87.09,86.63,87.04,38761.828
1776609000000,87.05,87.12,86.51,86.59,23735.036
1776609300000,86.6,86.7,86.46,86.67,9451.638
1776609600000,86.68,86.79,86.65,86.75,11215.42
1776609900000,86.75,86.98,86.71,86.87,15642.159
1776610200000,86.87,86.92,86.63,86.63,11021.997
1776610500000,86.63,86.7,86.5,86.53,9044.953
1776610800000,86.53,86.54,86.24,86.54,37868.247
1776611100000,86.54,86.54,86.37,86.4,5160.507
1776611400000,86.39,86.47,86.39,86.43,2377.053
1776611700000,86.43,86.67,86.4,86.53,4252.241
1776612000000,86.52,86.54,86.26,86.4,6945.528
1776612300000,86.4,86.41,86.31,86.37,2593.675
1776612600000,86.37,86.4,85.94,86.0,19572.235
1776612900000,86.0,86.01,85.59,85.95,32516.549
1776613200000,85.95,85.98,85.85,85.95,8825.619
1776613500000,85.94,86.09,85.86,86.08,5974.078
1776613800000,86.08,86.3,85.94,86.19,4852.241
1776614100000,86.19,86.36,86.19,86.36,9478.088
1776614400000,86.35,86.5,86.22,86.48,11183.848
1776614700000,86.47,86.5,86.23,86.23,6796.012
1776615000000,86.23,86.3,86.12,86.22,4309.884
1776615300000,86.22,86.32,86.11,86.12,4062.575
1776615600000,86.12,86.17,86.01,86.13,4779.388
1776615900000,86.13,86.29,86.03,86.05,2301.621
1776616200000,86.05,86.27,86.01,86.19,2954.174
1776616500000,86.2,86.24,86.11,86.16,2082.466
1776616800000,86.15,86.2,86.01,86.11,4813.283
1776617100000,86.1,86.24,86.08,86.21,3128.008
1776617400000,86.2,86.23,85.79,85.86,15730.525
1776617700000,85.86,85.97,85.72,85.86,10878.682
1776618000000,85.85,85.86,85.56,85.57,16572.285
1776618300000,85.58,85.6,85.34,85.5,30674.489
1776618600000,85.51,85.68,85.45,85.68,7898.214
1776618900000,85.69,85.81,85.63,85.78,4716.3
1776619200000,85.78,85.99,85.64,85.64,7063.163
1776619500000,85.64,85.69,85.57,85.65,3287.865
1776619800000,85.66,85.78,85.35,85.4,5124.301
1776620100000,85.4,85.59,85.32,85.59,7079.324
1776620400000,85.59,85.61,85.47,85.52,4637.012
1776620700000,85.52,85.58,85.36,85.36,6170.521
1776621000000,85.37,85.37,85.0,85.14,24225.03
1776621300000,85.13,85.24,85.08,85.13,3206.084
1776621600000,85.14,85.26,84.97,85.01,24017.768
1776621900000,85.01,85.2,84.97,85.19,8584.328
1776622200000,85.19,85.25,85.12,85.21,5178.47
1776622500000,85.21,85.23,85.07,85.07,4229.291
1776622800000,85.06,85.16,84.98,84.99,7822.113
1776623100000,84.99,85.3,84.95,85.14,10408.194
1776623400000,85.14,85.14,84.95,85.0,7128.789
1776623700000,84.99,85.1,84.97,85.08,2967.318
1776624000000,85.09,85.09,84.94,85.01,2987.843
1776624300000,85.01,85.13,84.88,85.13,10282.181
1776624600000,85.13,85.18,85.04,85.07,5060.948
1776624900000,85.08,85.11,85.01,85.11,3542.818
1776625200000,85.1,85.39,85.1,85.29,4943.813
1776625500000,85.29,85.41,85.29,85.37,4851.606
1776625800000,85.36,85.44,85.28,85.38,3464.03
1776626100000,85.38,85.54,85.33,85.53,24286.784
1776626400000,85.54,85.55,85.27,85.3,4773.318
1776626700000,85.3,85.48,85.25,85.4,3549.134
1776627000000,85.4,85.54,85.3,85.34,3442.535
1776627300000,85.34,85.39,85.28,85.39,3405.261
1776627600000,85.38,85.44,85.26,85.26,3400.99
1776627900000,85.26,85.35,85.26,85.29,1635.822
1776628200000,85.29,85.35,85.27,85.29,2653.325
1776628500000,85.3,85.35,85.21,85.33,3450.098
1776628800000,85.33,85.35,85.1,85.15,4830.005
1776629100000,85.15,85.19,85.08,85.16,5376.727
1776629400000,85.15,85.23,85.05,85.16,4201.195
1776629700000,85.17,85.18,84.86,85.0,9764.074
1776630000000,85.01,85.05,84.93,84.96,8624.21
1776630300000,84.96,85.07,84.94,85.03,13152.293
1776630600000,85.03,85.25,84.99,85.25,6038.692
1776630900000,85.25,85.25,85.12,85.12,2943.288
1776631200000,85.12,85.12,84.79,84.86,19854.355
1776631500000,84.86,84.96,84.72,84.91,8667.156
1776631800000,84.92,85.16,84.83,85.09,6193.859
1776632100000,85.09,85.09,84.94,84.94,9151.313
1776632400000,84.95,85.02,84.88,84.99,5534.599
1776632700000,85.0,85.11,84.98,85.1,5250.55
1776633000000,85.1,85.14,84.97,85.09,3538.134
1776633300000,85.09,85.12,84.92,85.01,4617.549
1776633600000,85.02,85.1,85.01,85.06,2408.162
1776633900000,85.06,85.16,85.03,85.11,2040.916
1776634200000,85.11,85.2,85.07,85.12,1166.527
1776634500000,85.12,85.24,85.12,85.14,2831.804
1776634800000,85.14,85.18,85.11,85.12,3187.624
1776635100000,85.12,85.22,85.0,85.01,2234.645
1776635400000,85.01,85.04,84.75,84.75,8847.136
1776635700000,84.74,84.8,84.61,84.7,9229.49
1776636000000,84.69,84.69,84.07,84.2,41736.515
1776636300000,84.21,84.62,84.19,84.36,16617.634
1776636600000,84.35,84.46,84.0,84.04,25460.155
1776636900000,84.04,84.04,83.64,83.69,42394.711
1776637200000,83.68,83.69,82.94,83.39,105715.539
1776637500000,83.4,83.54,83.15,83.41,16027.704
1776637800000,83.41,83.83,83.37,83.68,27287.483
1776638100000,83.68,83.77,83.61,83.74,15460.106
1776638400000,83.74,83.82,83.72,83.81,5287.39
1776638700000,83.82,83.85,83.7,83.79,7148.167
1776639000000,83.79,83.92,83.79,83.84,6828.005
1776639300000,83.85,83.91,83.77,83.77,5444.913
1776639600000,83.76,83.77,83.4,83.53,11970.479
1776639900000,83.53,83.59,83.43,83.57,5415.257
1776640200000,83.58,83.59,83.43,83.59,9415.537
1776640500000,83.58,83.59,83.32,83.53,30046.218
1776640800000,83.53,83.59,83.43,83.49,5899.128
1776641100000,83.5,83.6,83.48,83.57,6740.96
1776641400000,83.57,83.64,83.48,83.52,5373.867
1776641700000,83.52,83.67,83.47,83.57,9167.801
1776642000000,83.56,83.58,83.48,83.55,8862.709
1776642300000,83.55,83.57,83.5,83.57,3495.465
1776642600000,83.58,83.67,83.55,83.62,7121.964
1776642900000,83.63,83.63,83.45,83.47,6134.854
1776643200000,83.47,83.77,83.34,83.58,19322.612
1776643500000,83.57,83.73,83.4,83.67,18206.414
1776643800000,83.67,83.7,83.59,83.59,5415.464
1776644100000,83.59,83.79,83.5,83.52,15176.882
1776644400000,83.52,83.83,83.46,83.82,8980.87
1776644700000,83.82,83.95,83.77,83.93,11086.185
1776645000000,83.93,83.99,83.87,83.95,4033.875
1776645300000,83.96,83.98,83.75,83.76,24194.685
1776645600000,83.76,83.83,83.75,83.8,4233.023
1776645900000,83.8,84.0,83.8,83.99,4516.935
1776646200000,83.99,84.19,83.99,84.07,20548.296
1776646500000,84.07,84.08,83.98,84.0,5330.473
1776646800000,84.0,84.13,83.97,84.09,9042.153
1776647100000,84.09,84.16,84.02,84.1,8104.586
1776647400000,84.1,84.22,84.06,84.22,5992.84
1776647700000,84.22,84.22,84.05,84.09,8170.814
1776648000000,84.1,84.1,83.96,84.02,13897.381
1776648300000,84.03,84.14,84.03,84.13,3201.011
1776648600000,84.12,84.55,84.12,84.53,11433.449
1776648900000,84.53,84.53,84.41,84.46,4960.734
1776649200000,84.46,84.56,84.39,84.44,8039.455
1776649500000,84.45,84.52,84.43,84.5,3532.762
1776649800000,84.51,84.52,84.46,84.46,4669.548
1776650100000,84.47,84.48,84.31,84.35,5868.871
1776650400000,84.36,84.39,84.18,84.18,10249.707
1776650700000,84.18,84.2,84.09,84.2,5086.795
1776651000000,84.2,84.2,83.89,83.94,4753.288
1776651300000,83.94,84.1,83.72,83.96,11629.346
1776651600000,83.95,84.07,83.94,84.05,3639.958
1776651900000,84.06,84.09,84.0,84.08,3029.235
1776652200000,84.08,84.16,84.06,84.16,2907.75
1776652500000,84.15,84.23,84.03,84.1,6283.742
1776652800000,84.11,84.2,84.06,84.19,4124.291
1776653100000,84.19,84.28,84.13,84.28,2655.935
1776653400000,84.29,84.31,84.24,84.26,4331.777
1776653700000,84.26,84.31,84.2,84.21,3582.486
1776654000000,84.21,84.27,84.17,84.18,3391.618
1776654300000,84.18,84.22,84.13,84.2,2291.012
1776654600000,84.2,84.38,84.2,84.37,2211.402
1776654900000,84.38,84.45,84.26,84.28,2373.18
1776655200000,84.28,84.44,84.25,84.38,7173.067
1776655500000,84.38,84.39,84.34,84.34,3646.373
1776655800000,84.34,84.43,84.32,84.42,2403.224
1776656100000,84.41,84.47,84.38,84.45,2091.388
1776656400000,84.45,84.51,84.42,84.5,1447.036
1776656700000,84.49,84.53,84.46,84.47,2667.573
1776657000000,84.47,84.6,84.41,84.6,5156.257
1776657300000,84.6,84.62,84.56,84.59,3564.591
1776657600000,84.59,84.59,84.49,84.49,2305.904
1776657900000,84.49,84.51,84.42,84.45,1879.567
1776658200000,84.46,84.49,84.42,84.42,3279.982
1776658500000,84.43,84.46,84.34,84.34,3796.395
1776658800000,84.35,84.37,84.26,84.35,3673.261
1776659100000,84.34,84.41,84.32,84.4,2286.745
1776659400000,84.39,84.47,84.38,84.47,3865.036
1776659700000,84.47,84.47,84.41,84.42,2862.532
1776660000000,84.42,84.44,84.37,84.42,4839.436
1776660300000,84.41,84.6,84.41,84.56,11160.81
1776660600000,84.56,84.62,84.54,84.58,3123.018
1776660900000,84.58,84.6,84.53,84.58,2044.213
1776661200000,84.58,84.59,84.43,84.48,3806.044
1776661500000,84.48,84.5,84.29,84.35,5403.214
1776661800000,84.35,84.35,84.08,84.22,12299.091
1776662100000,84.21,84.21,84.03,84.07,6287.596
1776662400000,84.06,84.07,83.93,83.94,23874.362
1776662700000,83.94,84.01,83.84,83.91,4987.471
1776663000000,83.9,83.94,83.83,83.92,4072.848
1776663300000,83.92,84.01,83.87,83.88,5795.791
1776663600000,83.88,83.9,83.79,83.8,2333.924
1776663900000,83.8,83.88,83.75,83.8,3782.092
1776664200000,83.8,83.94,83.79,83.94,3784.767
1776664500000,83.94,83.96,83.86,83.87,4344.481
1776664800000,83.88,83.99,83.78,83.94,15577.138
1776665100000,83.94,84.04,83.82,83.97,14683.854
1776665400000,83.97,83.97,83.84,83.89,2788.397
1776665700000,83.88,84.02,83.84,84.02,2569.701
1776666000000,84.01,84.02,83.92,83.96,2687.993
1776666300000,83.96,84.03,83.92,83.98,2062.29
1776666600000,83.98,84.31,83.98,84.27,3158.202
1776666900000,84.27,84.28,84.17,84.25,1759.084
1776667200000,84.25,84.75,84.25,84.53,19796.377
1776667500000,84.52,84.56,84.42,84.47,7967.556
1776667800000,84.46,84.47,84.37,84.38,5567.146
1776668100000,84.37,84.54,84.32,84.46,8694.749
1776668400000,84.47,84.6,84.47,84.55,4799.538
1776668700000,84.55,84.57,84.44,84.53,4534.335
1776669000000,84.54,84.73,84.51,84.67,4797.758
1776669300000,84.67,84.79,84.58,84.78,7569.265
1776669600000,84.77,85.76,84.76,85.5,63130.55
1776669900000,85.49,85.55,85.28,85.36,16408.838
1776670200000,85.37,85.46,84.93,85.06,32844.536
1776670500000,85.05,85.06,84.75,84.84,8818.636
1776670800000,84.84,84.89,84.81,84.83,4700.743
1776671100000,84.84,84.96,84.73,84.76,7069.359
1776671400000,84.76,84.77,84.54,84.57,14185.247
1776671700000,84.56,84.74,84.53,84.73,3987.949
1776672000000,84.74,84.75,84.61,84.61,14290.229
1776672300000,84.62,84.71,84.57,84.61,6890.206
1776672600000,84.61,84.79,84.6,84.75,5084.918
1776672900000,84.76,85.08,84.72,85.07,7896.259
1776673200000,85.07,85.14,84.94,84.97,12667.038
1776673500000,84.96,84.97,84.76,84.9,3849.355
1776673800000,84.89,85.08,84.87,84.93,8219.406
1776674100000,84.92,84.95,84.71,84.74,3727.74
1776674400000,84.73,84.83,84.69,84.77,7037.037
1776674700000,84.78,84.83,84.68,84.75,6962.668
1776675000000,84.75,84.78,84.58,84.59,5214.493
1776675300000,84.6,84.73,84.58,84.69,3005.457
1776675600000,84.68,84.75,84.64,84.69,3435.522
1776675900000,84.69,85.08,84.69,84.84,10104.283
1776676200000,84.85,85.04,84.73,84.96,7293.231
1776676500000,84.96,85.07,84.91,84.98,3844.568
1776676800000,84.98,85.1,84.91,85.04,6401.973
1776677100000,85.03,85.06,84.9,84.94,2852.698
1776677400000,84.94,85.0,84.92,84.94,6467.167
1776677700000,84.93,85.2,84.92,85.17,7169.38
1776678000000,85.18,85.21,85.1,85.12,4938.036
1776678300000,85.13,85.26,85.07,85.09,6760.203
1776678600000,85.09,85.13,85.02,85.13,5981.455
1776678900000,85.14,85.19,85.0,85.08,3171.647
1776679200000,85.08,85.27,85.03,85.21,6611.891
1776679500000,85.22,85.31,85.15,85.23,5596.225
1776679800000,85.23,85.35,85.22,85.32,8683.167
1776680100000,85.32,85.4,85.32,85.37,12440.528
1776680400000,85.37,85.37,85.18,85.2,10713.714
1776680700000,85.2,85.25,85.19,85.22,3760.964
1776681000000,85.22,85.22,85.0,85.0,4889.965
1776681300000,84.99,85.01,84.88,84.99,3841.479
1776681600000,84.99,85.02,84.93,84.99,1929.082
1776681900000,84.98,85.0,84.94,84.95,2520.818
1776682200000,84.95,84.98,84.9,84.97,2434.747
1776682500000,84.98,84.98,84.82,84.86,8566.583
1776682800000,84.85,84.95,84.78,84.83,9943.086
1776683100000,84.83,85.0,84.83,84.99,2120.763
1776683400000,85.0,85.04,84.91,85.04,2345.644
1776683700000,85.04,85.14,85.04,85.07,4231.61
1776684000000,85.06,85.12,84.93,85.12,6072.962
1776684300000,85.12,85.17,85.06,85.06,5115.688
1776684600000,85.05,85.2,84.96,85.12,10296.425
1776684900000,85.11,85.19,85.05,85.14,7576.379
1776685200000,85.15,85.3,85.13,85.25,7893.663
1776685500000,85.24,85.37,85.13,85.15,15336.551
1776685800000,85.14,85.15,85.03,85.11,2533.433
1776686100000,85.11,85.15,85.02,85.07,6341.302
1776686400000,85.06,85.09,84.88,85.09,9236.242
1776686700000,85.09,85.3,85.07,85.21,6866.099
1776687000000,85.21,85.28,85.17,85.2,5149.801
1776687300000,85.19,85.29,85.14,85.27,3890.652
1776687600000,85.27,85.54,85.27,85.45,14387.909
1776687900000,85.45,85.54,85.35,85.36,12636.685
1776688200000,85.36,85.39,85.17,85.21,5724.567
1776688500000,85.2,85.22,84.94,85.01,6958.885
1776688800000,85.0,85.13,84.85,85.08,13392.263
1776689100000,85.09,85.2,85.09,85.18,5311.519
1776689400000,85.19,85.28,85.17,85.22,3976.736
1776689700000,85.23,85.33,85.16,85.32,7295.669
1776690000000,85.32,85.36,85.16,85.26,3309.676
1776690300000,85.26,85.54,85.18,85.42,23875.073
1776690600000,85.43,85.49,85.3,85.39,7654.862
1776690900000,85.38,85.45,85.14,85.2,7704.522
1776691200000,85.21,85.26,85.07,85.08,4224.128
1776691500000,85.08,85.21,85.07,85.2,12520.788
1776691800000,85.21,85.43,84.87,85.43,22553.566
1776692100000,85.42,85.52,85.21,85.24,11413.931
1776692400000,85.23,85.32,85.06,85.29,12295.722
1776692700000,85.28,85.4,85.08,85.14,5814.384
1776693000000,85.13,85.2,85.05,85.17,7081.75
1776693300000,85.17,85.45,85.13,85.31,7932.704
1776693600000,85.31,85.31,85.06,85.16,4656.814
1776693900000,85.17,85.28,84.96,85.19,8959.864
1776694200000,85.18,85.25,84.96,85.06,9925.296
1776694500000,85.05,85.36,85.03,85.31,39682.168
1776694800000,85.31,85.8,85.3,85.6,51120.819
1776695100000,85.6,85.81,85.36,85.46,18799.931
1776695400000,85.46,85.59,85.35,85.42,12322.717
1776695700000,85.42,85.49,85.33,85.38,6617.235
1776696000000,85.38,85.38,85.05,85.31,10659.52
1776696300000,85.3,85.37,85.16,85.36,3889.882
1776696600000,85.36,85.39,84.72,84.78,33072.583
1776696900000,84.78,84.8,84.54,84.8,12140.458
1776697200000,84.8,84.86,84.49,84.6,20673.248
1776697500000,84.59,84.72,84.42,84.66,15784.503
1776697800000,84.65,84.95,84.65,84.84,6751.852
1776698100000,84.84,85.14,84.8,85.14,14072.336
1776698400000,85.13,85.58,85.06,85.4,42257.017
1776698700000,85.4,85.77,85.4,85.75,36946.91
1776699000000,85.74,85.74,85.43,85.52,14115.062
1776699300000,85.53,85.62,85.45,85.52,5908.142
1776699600000,85.52,85.68,85.49,85.52,5361.86
1776699900000,85.51,85.6,85.42,85.44,5005.912
1776700200000,85.43,85.62,85.43,85.58,4600.769
1776700500000,85.58,85.88,85.58,85.86,19719.656
1776700800000,85.86,85.88,85.55,85.57,18372.428
1776701100000,85.57,85.68,85.49,85.58,7689.857
1776701400000,85.58,85.67,85.57,85.62,3883.88
1776701700000,85.62,85.62,85.48,85.58,3858.283
1776702000000,85.58,85.69,85.51,85.64,7092.208
1776702300000,85.63,85.63,85.45,85.55,3704.238
1776702600000,85.55,85.6,85.46,85.55,5998.653
1776702900000,85.55,85.56,85.43,85.55,4742.778
1776703200000,85.55,85.73,85.48,85.63,4783.274
1776703500000,85.62,85.65,85.37,85.4,3294.295
1776703800000,85.41,85.44,85.35,85.4,4164.697
1776704100000,85.41,85.42,85.26,85.31,3632.052
1776704400000,85.31,85.53,85.25,85.49,5330.064
1776704700000,85.48,85.7,85.44,85.63,6756.703
1776705000000,85.63,85.95,85.62,85.83,5339.985
1776705300000,85.82,86.12,85.72,86.12,14609.397
1776705600000,86.11,86.11,85.83,85.86,9863.267
1776705900000,85.87,85.92,85.8,85.84,2891.117
1776706200000,85.85,85.85,85.64,85.7,6016.635
1776706500000,85.7,85.86,85.66,85.79,3310.016
1776706800000,85.79,85.94,85.76,85.77,3549.088
1776707100000,85.77,85.99,85.74,85.98,7643.166
1776707400000,85.99,86.08,85.69,85.75,7282.216
1776707700000,85.75,85.76,85.64,85.69,6077.834
1776708000000,85.7,86.17,85.7,85.92,24212.189
1776708300000,85.92,86.16,85.91,86.15,12837.049
1776708600000,86.14,86.14,85.98,86.08,21991.264
1776708900000,86.08,86.15,86.06,86.13,8461.099
1776709200000,86.14,86.22,86.04,86.05,11255.23
1776709500000,86.05,86.1,85.98,85.98,5903.155
1776709800000,85.99,86.0,85.81,85.97,11054.878
1776710100000,85.98,85.99,85.83,85.87,8810.809
1776710400000,85.87,86.17,85.87,86.05,14219.347
1776710700000,86.04,86.04,85.73,85.79,14751.545
1776711000000,85.79,86.06,85.79,86.05,20294.343
1776711300000,86.05,86.14,86.0,86.07,16439.247
1776711600000,86.07,86.1,85.97,86.08,4928.921
1776711900000,86.07,86.11,86.02,86.07,12221.99
1776712200000,86.06,86.1,85.98,86.01,4131.217
1776712500000,86.02,86.02,85.85,85.86,5029.025
1776712800000,85.85,85.9,85.81,85.83,2559.934
1776713100000,85.83,85.91,85.77,85.89,4367.274
1776713400000,85.9,85.95,85.85,85.9,2889.531
1776713700000,85.9,85.96,85.87,85.92,1474.783
1776714000000,85.92,85.92,85.84,85.85,2361.033
1776714300000,85.85,85.88,85.82,85.85,1698.362
1776714600000,85.85,85.93,85.84,85.88,3021.707
1776714900000,85.88,86.01,85.8,85.8,9867.775
1776715200000,85.8,85.9,85.66,85.86,16801.584
1776715500000,85.86,85.92,85.75,85.8,4148.617
1776715800000,85.8,85.92,85.8,85.88,1467.596
1776716100000,85.88,86.0,85.86,85.99,5234.336
1776716400000,85.99,86.17,85.95,86.05,6625.159
1776716700000,86.04,86.08,85.9,85.9,2588.534
1776717000000,85.9,85.92,85.79,85.88,3026.88
1776717300000,85.87,85.9,85.8,85.82,1237.357
1776717600000,85.82,85.87,85.77,85.84,13632.64
1776717900000,85.85,85.98,85.76,85.98,20496.094
1776718200000,85.98,85.98,85.9,85.93,3353.18
1776718500000,85.92,85.99,85.91,85.95,5972.889
1776718800000,85.95,86.1,85.95,86.09,12071.738
1776719100000,86.09,86.21,85.91,85.91,9956.835
1776719400000,85.91,85.91,85.65,85.81,9131.291
1776719700000,85.81,85.87,85.66,85.74,3842.983
1776720000000,85.75,85.85,85.72,85.76,2976.871
1776720300000,85.76,85.76,85.69,85.74,2554.904
1776720600000,85.74,85.75,85.58,85.73,3990.173
1776720900000,85.73,85.8,85.68,85.7,4289.027
1776721200000,85.7,85.79,85.68,85.73,3271.4
1776721500000,85.72,85.78,85.66,85.72,3565.991
1776721800000,85.73,85.8,85.7,85.76,1725.997
1776722100000,85.76,85.86,85.74,85.79,1470.493
1776722400000,85.8,85.95,85.78,85.95,5605.866
1776722700000,85.95,86.07,85.9,85.93,3925.289
1776723000000,85.92,86.0,85.9,85.93,5215.114
1776723300000,85.93,85.96,85.68,85.71,9827.919
1776723600000,85.7,85.77,85.67,85.76,2772.033
1776723900000,85.76,85.79,85.71,85.75,1218.952
1776724200000,85.74,85.88,85.72,85.86,741.938
1776724500000,85.86,85.9,85.68,85.69,9483.48
1776724800000,85.69,85.74,85.6,85.72,4041.353
1776725100000,85.72,85.72,85.63,85.64,812.171
1776725400000,85.63,85.68,85.62,85.67,1202.228
1776725700000,85.67,85.71,85.64,85.7,2060.642
1776726000000,85.71,85.71,85.35,85.47,18400.04
1776726300000,85.47,85.47,85.39,85.43,2922.008
1776726600000,85.43,85.47,85.36,85.38,3189.136
1776726900000,85.38,85.41,85.29,85.32,8882.694
1776727200000,85.32,85.42,85.32,85.4,4266.34
1776727500000,85.39,85.39,85.22,85.27,5710.605
1776727800000,85.27,85.31,85.21,85.26,11594.409
1776728100000,85.27,85.35,85.25,85.31,8398.115
1776728400000,85.3,85.35,85.24,85.29,17489.844
1776728700000,85.29,85.33,85.22,85.32,5007.822
1776729000000,85.33,85.33,85.27,85.28,1986.015
1776729300000,85.28,85.32,85.24,85.28,3479.835
1776729600000,85.29,85.41,85.22,85.34,9337.535
1776729900000,85.34,85.39,85.28,85.3,7518.077
1776730200000,85.31,85.51,85.31,85.45,3917.525
1776730500000,85.44,85.53,85.39,85.5,5849.911
1776730800000,85.51,85.54,85.45,85.51,3261.626
1776731100000,85.5,85.51,85.37,85.51,2237.092
1776731400000,85.51,85.55,85.42,85.52,5918.236
1776731700000,85.52,85.57,85.49,85.52,3690.419
1776732000000,85.52,85.57,85.47,85.47,2262.334
1776732300000,85.48,85.77,85.48,85.64,9092.17
1776732600000,85.64,85.65,85.52,85.55,1772.109
1776732900000,85.55,85.69,85.53,85.66,5248.066
1776733200000,85.66,85.67,85.53,85.64,3462.752
1776733500000,85.65,85.82,85.63,85.73,4211.363
1776733800000,85.73,85.79,85.66,85.74,2070.541
1776734100000,85.73,85.73,85.61,85.65,1520.874
1776734400000,85.65,85.7,85.64,85.66,1012.766
1776734700000,85.66,85.7,85.58,85.69,3535.816
1776735000000,85.69,85.83,85.69,85.69,1727.241
1776735300000,85.7,85.7,85.53,85.55,3157.92
1776735600000,85.55,85.59,85.49,85.59,3994.618
1776735900000,85.59,85.59,85.48,85.56,4551.816
1776736200000,85.56,85.6,85.37,85.42,3036.543
1776736500000,85.42,85.44,85.35,85.43,2063.957
1776736800000,85.44,85.46,85.24,85.28,4755.642
1776737100000,85.29,85.34,85.24,85.27,3700.465
1776737400000,85.27,85.34,85.23,85.27,5183.988
1776737700000,85.27,85.35,85.26,85.29,6226.705
1776738000000,85.28,85.32,85.23,85.24,5335.521
1776738300000,85.24,85.36,85.17,85.26,4959.408
1776738600000,85.26,85.38,85.26,85.33,4342.712
1776738900000,85.34,85.39,85.31,85.33,5563.713
1776739200000,85.33,85.37,85.27,85.28,3187.556
1776739500000,85.28,85.29,85.2,85.22,5239.816
1776739800000,85.22,85.31,85.22,85.31,2639.289
1776740100000,85.31,85.32,85.26,85.27,2238.415
1776740400000,85.26,85.28,85.07,85.22,7392.923
1776740700000,85.23,85.24,85.12,85.13,4299.203
1776741000000,85.13,85.2,85.11,85.17,1787.504
1776741300000,85.17,85.22,85.07,85.07,7647.973
1776741600000,85.07,85.21,85.07,85.21,2549.653
1776741900000,85.21,85.37,85.19,85.33,7582.612
1776742200000,85.33,85.53,85.31,85.5,8650.07
1776742500000,85.51,85.55,85.05,85.08,40715.502
1776742800000,85.09,85.16,85.0,85.13,9858.377
1776743100000,85.13,85.26,85.13,85.24,3408.584
1776743400000,85.23,85.32,85.18,85.2,5572.65
1776743700000,85.2,85.21,85.1,85.17,8694.217
1776744000000,85.17,85.28,85.17,85.25,2272.619
1776744300000,85.25,85.26,85.18,85.18,3138.354
1776744600000,85.17,85.19,85.11,85.11,5500.251
1776744900000,85.11,85.2,85.06,85.07,7409.875
1776745200000,85.06,85.1,85.02,85.07,7559.864
1776745500000,85.07,85.2,85.03,85.11,7362.961
1776745800000,85.1,85.17,85.09,85.09,2662.775
1776746100000,85.09,85.23,85.09,85.16,4983.664
1776746400000,85.17,85.28,85.02,85.23,16117.105
1776746700000,85.23,85.29,85.16,85.28,3905.092
1776747000000,85.28,85.42,85.28,85.35,5421.273
1776747300000,85.36,85.47,85.36,85.44,3351.828
1776747600000,85.43,85.52,85.41,85.52,2869.9
1776747900000,85.51,85.83,85.51,85.76,7395.944
1776748200000,85.75,85.75,85.63,85.68,5105.394
1776748500000,85.67,85.67,85.56,85.59,7695.687
1776748800000,85.59,85.79,85.59,85.79,20619.148
1776749100000,85.78,85.8,85.57,85.68,22876.295
1776749400000,85.68,85.71,85.6,85.64,5626.532
1776749700000,85.64,85.7,85.62,85.65,5102.113
1776750000000,85.65,85.7,85.65,85.7,7438.743
1776750300000,85.69,85.7,85.61,85.67,5535.245
1776750600000,85.66,85.69,85.63,85.69,4968.234
1776750900000,85.7,85.71,85.66,85.67,5511.36
1776751200000,85.68,85.73,85.58,85.63,4344.101
1776751500000,85.63,85.64,85.59,85.61,18513.8
1776751800000,85.61,85.65,85.47,85.54,6777.451
1776752100000,85.54,85.57,85.45,85.46,2234.944
1776752400000,85.46,85.5,85.25,85.28,13249.383
1776752700000,85.28,85.32,85.19,85.32,7010.822
1776753000000,85.33,85.78,85.33,85.78,6560.468
1776753300000,85.78,85.95,85.7,85.73,15409.047
1776753600000,85.73,85.79,85.72,85.74,2282.226
1776753900000,85.73,85.79,85.7,85.74,2062.487
1776754200000,85.75,85.77,85.66,85.68,2774.015
1776754500000,85.69,85.73,85.67,85.67,1612.164
1776754800000,85.68,85.68,85.42,85.49,2369.787
1776755100000,85.48,85.55,85.47,85.55,4663.002
1776755400000,85.55,85.62,85.52,85.53,2243.664
1776755700000,85.52,85.6,85.41,85.6,1429.639
1776756000000,85.61,85.64,85.56,85.63,2399.741
1776756300000,85.64,85.96,85.64,85.75,13755.633
1776756600000,85.76,85.81,85.59,85.79,6154.354
1776756900000,85.79,85.86,85.72,85.78,11077.228
1776757200000,85.79,85.92,85.79,85.83,2906.752
1776757500000,85.83,85.85,85.72,85.84,7306.57
1776757800000,85.84,85.98,85.75,85.76,8130.284
1776758100000,85.77,85.79,85.7,85.71,3188.033
1776758400000,85.71,85.78,85.65,85.77,2109.39
1776758700000,85.77,85.86,85.7,85.77,3598.879
1776759000000,85.78,85.78,85.63,85.72,2680.925
1776759300000,85.72,85.8,85.7,85.79,3246.507
1776759600000,85.78,85.95,85.77,85.9,7052.439
1776759900000,85.91,85.94,85.85,85.91,11865.952
1776760200000,85.91,85.92,85.78,85.85,4475.966
1776760500000,85.85,85.91,85.77,85.89,6577.317
1776760800000,85.88,86.03,85.85,85.95,8687.757
1776761100000,85.95,86.38,85.9,86.05,26205.44
1776761400000,86.05,86.09,85.89,85.91,6793.893
1776761700000,85.91,85.92,85.78,85.81,8539.292
1776762000000,85.8,85.87,85.64,85.75,5422.102
1776762300000,85.74,85.79,85.67,85.73,1843.917
1776762600000,85.74,85.76,85.71,85.75,1387.777
1776762900000,85.75,85.89,85.74,85.83,7196.871
1776763200000,85.84,85.89,85.81,85.81,2456.913
1776763500000,85.81,85.82,85.52,85.61,12721.187
1776763800000,85.61,85.68,85.59,85.62,2360.029
1776764100000,85.62,85.7,85.58,85.7,3885.094
1776764400000,85.7,85.8,85.7,85.79,1572.774
1776764700000,85.79,85.82,85.73,85.78,1859.943
1776765000000,85.77,85.84,85.76,85.8,3253.161
1776765300000,85.8,85.91,85.8,85.89,4814.334
1776765600000,85.89,85.94,85.88,85.92,1937.269
1776765900000,85.91,86.07,85.91,86.04,4150.097
1776766200000,86.05,86.05,85.93,85.95,1905.964
1776766500000,85.95,86.03,85.89,85.94,3049.075
1776766800000,85.93,85.99,85.84,85.97,2329.008
1776767100000,85.96,85.98,85.9,85.95,2789.91
1776767400000,85.95,86.0,85.92,85.99,1761.112
1776767700000,86.0,86.0,85.95,85.95,1260.761
1776768000000,85.96,86.12,85.9,86.11,4278.711
1776768300000,86.11,86.19,86.08,86.18,11990.061
1776768600000,86.19,86.32,86.18,86.27,10732.806
1776768900000,86.26,86.29,86.15,86.16,8846.711
1776769200000,86.16,86.17,86.02,86.09,4058.568
1776769500000,86.09,86.11,85.91,86.0,6298.503
1776769800000,86.0,86.04,85.72,85.82,12505.346
1776770100000,85.82,85.98,85.77,85.98,3733.39
1776770400000,85.98,86.16,85.97,86.13,6350.795
1776770700000,86.13,86.14,86.02,86.06,1615.266
1776771000000,86.06,86.13,86.05,86.05,2977.757
1776771300000,86.05,86.07,86.0,86.02,2903.863
1776771600000,86.01,86.04,85.87,85.91,8766.185
1776771900000,85.9,85.91,85.83,85.85,4454.862
1776772200000,85.85,85.9,85.85,85.87,3223.039
1776772500000,85.86,85.9,85.83,85.85,4270.153
1776772800000,85.85,86.04,85.85,85.89,5402.565
1776773100000,85.88,85.98,85.87,85.95,2003.767
1776773400000,85.95,85.95,85.81,85.81,3687.073
1776773700000,85.81,85.85,85.76,85.78,5995.421
1776774000000,85.77,85.82,85.76,85.77,2610.872
1776774300000,85.76,85.84,85.75,85.83,3384.862
1776774600000,85.84,85.87,85.7,85.85,5685.98
1776774900000,85.85,85.9,85.45,85.48,15764.936
1776775200000,85.47,85.49,85.17,85.3,29207.487
1776775500000,85.31,85.34,85.18,85.24,8639.483
1776775800000,85.23,85.47,85.22,85.47,12029.434
1776776100000,85.47,85.58,85.45,85.52,6477.165
1776776400000,85.51,85.55,85.39,85.4,6959.557
1776776700000,85.4,85.51,85.36,85.43,9360.986
1776777000000,85.43,85.44,85.38,85.38,5637.845
1776777300000,85.39,85.49,85.36,85.48,3860.823
1776777600000,85.47,85.49,85.41,85.49,3465.918
1776777900000,85.49,85.59,85.43,85.45,3091.885
1776778200000,85.44,85.51,85.34,85.51,12244.549
1776778500000,85.5,85.53,85.34,85.35,5651.898
1776778800000,85.35,85.85,85.3,85.69,8647.508
1776779100000,85.68,85.78,85.61,85.7,5815.65
1776779400000,85.7,85.85,85.65,85.7,5777.95
1776779700000,85.7,85.85,85.69,85.81,3629.694
1776780000000,85.82,85.91,85.61,85.76,8209.547
1776780300000,85.76,85.81,85.61,85.79,9308.502
1776780600000,85.78,85.79,85.65,85.7,10263.247
1776780900000,85.7,86.25,85.7,85.92,19091.572
1776781200000,85.91,86.09,85.87,85.99,4940.79
1776781500000,86.0,86.12,85.98,86.03,7211.7
1776781800000,86.03,86.42,86.0,86.34,18507.703
1776782100000,86.34,86.62,86.28,86.56,21620.628
1776782400000,86.56,86.89,86.56,86.58,25803.612
1776782700000,86.58,86.6,86.21,86.34,17278.502
1776783000000,86.33,86.52,86.24,86.38,12402.982
1776783300000,86.37,86.37,85.73,85.76,18963.548
1776783600000,85.77,85.94,85.57,85.9,18556.193
1776783900000,85.89,85.94,85.71,85.9,4761.507
1776784200000,85.91,86.24,85.84,86.2,27153.931
1776784500000,86.2,86.28,86.03,86.22,9532.263
1776784800000,86.22,86.22,85.8,85.85,6539.266
1776785100000,85.84,85.84,85.55,85.7,7839.419
1776785400000,85.71,85.79,85.61,85.67,3205.836
1776785700000,85.66,85.82,85.4,85.82,6614.404
1776786000000,85.83,85.91,85.7,85.75,3593.173
1776786300000,85.75,85.92,85.71,85.85,2685.161
1776786600000,85.85,85.9,85.77,85.81,3742.844
1776786900000,85.81,86.08,85.77,86.05,6722.111
1776787200000,86.05,86.25,85.97,85.99,17374.85
1776787500000,85.98,86.13,85.93,86.13,11604.41
1776787800000,86.13,86.14,86.02,86.12,10836.612
1776788100000,86.12,86.16,85.99,86.03,9151.851
1776788400000,86.02,86.02,85.84,85.85,9244.531
1776788700000,85.86,86.11,85.86,85.91,6726.708
1776789000000,85.91,86.17,85.87,86.17,8293.404
1776789300000,86.17,86.3,85.95,86.01,10445.56
1776789600000,86.01,86.13,85.87,85.93,3108.518
1776789900000,85.94,86.13,85.93,86.11,3809.632
1776790200000,86.1,86.1,85.87,85.88,3764.826
1776790500000,85.89,85.89,85.66,85.69,3974.33
1776790800000,85.7,85.77,85.63,85.74,7508.198
1776791100000,85.73,85.74,85.53,85.64,8193.949
1776791400000,85.64,85.64,85.23,85.38,23303.97
1776791700000,85.39,85.41,84.78,84.8,21856.549
1776792000000,84.81,85.12,84.73,85.07,16963.906
1776792300000,85.07,85.2,84.92,85.04,9856.99
1776792600000,85.03,85.03,84.89,84.95,6481.581
1776792900000,84.96,85.41,84.88,85.3,21150.993
1776793200000,85.31,85.8,85.29,85.55,13871.581
1776793500000,85.55,85.61,85.42,85.48,10496.671
1776793800000,85.48,85.59,85.34,85.36,7825.616
1776794100000,85.37,85.37,85.28,85.31,5374.359
1776794400000,85.32,85.39,85.25,85.27,2539.896
1776794700000,85.26,85.35,85.23,85.29,5104.211
1776795000000,85.28,85.3,85.14,85.29,2950.847
1776795300000,85.3,85.39,85.07,85.12,23820.601
1776795600000,85.11,85.14,85.01,85.05,4425.233
1776795900000,85.06,85.12,84.82,84.91,6504.909
1776796200000,84.91,85.09,84.9,85.07,14566.216
1776796500000,85.07,85.07,84.9,84.98,7649.76
1776796800000,84.99,85.02,84.92,84.99,1236.886
1776797100000,85.0,85.05,84.86,84.86,2219.756
1776797400000,84.86,85.03,84.73,84.99,10575.251
1776797700000,84.99,85.26,84.94,85.25,7962.884
1776798000000,85.24,85.45,85.24,85.43,6666.089
1776798300000,85.44,85.54,85.42,85.43,3807.421
1776798600000,85.43,85.57,85.15,85.25,8768.526
1776798900000,85.25,85.35,85.15,85.31,6036.003
1776799200000,85.31,85.65,85.31,85.59,7050.487
1776799500000,85.58,85.72,85.5,85.51,4529.454
1776799800000,85.52,85.53,85.22,85.23,2577.015
1776800100000,85.22,85.22,84.63,84.78,11742.228
1776800400000,84.79,84.79,84.31,84.37,25032.941
1776800700000,84.36,84.54,84.35,84.54,9140.974
1776801000000,84.53,84.66,84.45,84.59,8126.583
1776801300000,84.58,84.66,84.52,84.57,7245.419
1776801600000,84.57,84.72,84.51,84.67,7301.69
1776801900000,84.67,85.14,84.43,85.04,29812.216
1776802200000,85.03,85.5,84.97,85.36,69459.679
1776802500000,85.36,85.55,85.3,85.43,9007.596
1776802800000,85.42,85.57,85.41,85.52,7360.583
1776803100000,85.52,85.7,85.44,85.46,11341.22
1776803400000,85.47,85.75,85.46,85.7,6721.288
1776803700000,85.7,85.75,85.59,85.66,3757.023
1776804000000,85.65,85.65,85.48,85.54,5139.376
1776804300000,85.54,85.54,85.37,85.51,4232.872
1776804600000,85.51,85.55,85.5,85.54,3893.594
1776804900000,85.54,85.67,85.4,85.42,19561.862
1776805200000,85.42,85.59,85.42,85.48,9756.814
1776805500000,85.48,85.5,85.34,85.36,6695.058
1776805800000,85.36,85.36,85.13,85.29,18883.865
1776806100000,85.28,85.31,85.19,85.23,2737.335
1776806400000,85.23,85.38,85.22,85.26,2526.458
1776806700000,85.27,85.3,85.12,85.13,1839.28
1776807000000,85.14,85.17,85.07,85.17,2691.163
1776807300000,85.17,85.25,85.09,85.13,2872.424
1776807600000,85.13,85.17,85.01,85.04,3120.528
1776807900000,85.03,85.21,85.03,85.16,2266.469
1776808200000,85.16,85.23,85.11,85.14,3261.907
1776808500000,85.14,85.2,85.1,85.16,1164.366
1776808800000,85.15,85.23,85.04,85.22,6891.883
1776809100000,85.21,85.38,85.07,85.11,9066.913
1776809400000,85.11,85.45,85.1,85.38,12332.113
1776809700000,85.37,85.39,85.02,85.02,5210.734
1776810000000,85.03,85.14,84.99,85.12,7273.954
1776810300000,85.11,85.16,85.06,85.12,2798.936
1776810600000,85.12,85.16,85.0,85.11,3477.433
1776810900000,85.12,85.2,85.1,85.12,1994.437
1776811200000,85.12,85.35,85.11,85.32,1815.444
1776811500000,85.31,85.34,85.21,85.21,2767.39
1776811800000,85.21,85.32,85.21,85.32,1556.152
1776812100000,85.32,85.39,85.32,85.36,4941.761
1776812400000,85.35,85.65,85.34,85.55,3974.319
1776812700000,85.56,85.72,85.55,85.67,5408.586
1776813000000,85.67,85.72,85.51,85.71,9958.3
1776813300000,85.72,85.86,85.66,85.67,12988.021
1776813600000,85.67,85.68,85.52,85.58,6202.166
1776813900000,85.58,85.58,85.49,85.54,5280.104
1776814200000,85.54,85.64,85.51,85.62,5216.822
1776814500000,85.63,85.73,85.6,85.72,3294.516
1776814800000,85.73,85.84,85.65,85.83,9150.107
1776815100000,85.82,86.13,85.82,85.96,16852.114
1776815400000,85.97,86.08,85.95,86.0,7576.531
1776815700000,86.0,86.04,85.98,86.03,7406.206
1776816000000,86.04,86.12,86.01,86.02,9167.435
1776816300000,86.02,86.19,86.01,86.18,4706.386
1776816600000,86.18,86.18,86.04,86.16,3698.003
1776816900000,86.16,86.4,86.01,86.39,15815.208
1776817200000,86.39,86.46,86.14,86.15,11106.869
1776817500000,86.15,86.35,86.09,86.3,11904.064
1776817800000,86.31,86.44,86.27,86.27,11597.159
1776818100000,86.27,86.27,86.1,86.24,7421.637
1776818400000,86.25,86.31,86.16,86.24,4184.656
1776818700000,86.25,86.46,86.23,86.37,14487.774
1776819000000,86.37,86.51,86.34,86.43,11435.179
1776819300000,86.43,86.49,86.36,86.48,22017.846
1776819600000,86.49,86.51,86.35,86.35,8269.844
1776819900000,86.34,86.41,86.3,86.32,5693.217
1776820200000,86.32,86.53,86.27,86.4,10397.984
1776820500000,86.4,86.42,86.11,86.13,7477.55
1776820800000,86.12,86.45,86.09,86.28,15275.834
1776821100000,86.29,86.38,86.19,86.21,6000.385
1776821400000,86.22,86.27,86.17,86.18,3171.192
1776821700000,86.18,86.35,86.17,86.35,2862.573
1776822000000,86.34,86.36,86.25,86.25,2428.531
1776822300000,86.25,86.29,86.18,86.29,2733.647
1776822600000,86.29,86.4,86.2,86.22,6119.833
1776822900000,86.22,86.34,86.21,86.27,1985.31
1776823200000,86.27,86.36,86.2,86.3,7642.242
1776823500000,86.29,86.35,86.21,86.34,4634.591
1776823800000,86.34,86.87,86.34,86.67,30507.825
1776824100000,86.68,87.21,86.68,86.94,42976.038
1776824400000,86.93,87.12,86.81,87.01,16499.352
1776824700000,87.02,87.34,87.02,87.24,16679.367
1776825000000,87.25,87.44,87.07,87.17,35470.823
1776825300000,87.17,87.29,87.1,87.12,25430.596
1776825600000,87.12,87.56,87.09,87.5,24960.88
1776825900000,87.49,87.57,87.26,87.3,14746.972
1776826200000,87.29,87.49,87.26,87.46,17959.657
1776826500000,87.46,87.5,87.34,87.42,15722.973
1776826800000,87.42,87.5,87.3,87.43,19504.057
1776827100000,87.43,87.65,87.39,87.65,19374.26
1776827400000,87.65,87.87,87.57,87.59,39250.986
1776827700000,87.6,87.6,87.42,87.47,8727.67
1776828000000,87.47,87.52,87.42,87.45,7334.494
1776828300000,87.46,87.54,87.35,87.39,6185.956
1776828600000,87.4,87.42,87.12,87.13,11744.919
1776828900000,87.12,87.18,87.12,87.16,2725.497
1776829200000,87.17,87.31,87.14,87.3,4412.924
1776829500000,87.3,87.39,87.19,87.25,3552.703
1776829800000,87.24,87.34,87.19,87.24,4605.933
1776830100000,87.23,87.34,87.23,87.24,4191.56
1776830400000,87.25,87.33,87.24,87.32,5774.015
1776830700000,87.32,87.33,87.22,87.26,4190.801
1776831000000,87.26,87.29,87.11,87.13,5395.015
1776831300000,87.13,87.17,87.06,87.1,5310.96
1776831600000,87.1,87.16,87.02,87.09,5350.854
1776831900000,87.09,87.15,87.07,87.12,4025.434
1776832200000,87.11,87.22,87.1,87.12,3263.818
1776832500000,87.13,87.29,87.11,87.27,5113.249
1776832800000,87.26,87.33,87.15,87.15,4914.091
1776833100000,87.15,87.16,87.07,87.07,3431.684
1776833400000,87.07,87.1,86.97,86.99,8473.919
1776833700000,86.99,87.08,86.97,87.08,3573.921
1776834000000,87.08,87.1,87.01,87.06,3484.023
1776834300000,87.07,87.23,87.06,87.21,12330.943
1776834600000,87.2,87.25,87.16,87.24,18116.237
1776834900000,87.23,87.82,87.19,87.75,38858.596
1776835200000,87.75,88.1,87.7,87.9,27974.442
1776835500000,87.9,88.18,87.88,88.05,35326.298
1776835800000,88.04,88.25,88.04,88.13,49114.877
1776836100000,88.12,88.31,87.91,87.91,19824.19
1776836400000,87.91,88.22,87.88,88.01,22858.543
1776836700000,88.02,88.17,87.98,88.13,12731.294
1776837000000,88.13,88.33,87.99,88.15,22023.562
1776837300000,88.14,88.22,87.98,88.02,13455.048
1776837600000,88.02,88.07,87.91,88.07,13413.384
1776837900000,88.07,88.09,88.0,88.02,6572.392
1776838200000,88.03,88.11,87.96,87.99,27421.469
1776838500000,87.99,88.06,87.93,87.99,9008.341
1776838800000,87.98,88.08,87.94,88.03,16965.657
1776839100000,88.03,88.14,88.01,88.13,14671.451
1776839400000,88.14,88.19,87.96,87.97,8827.7
1776839700000,87.96,87.96,87.86,87.91,13058.225
1776840000000,87.9,88.05,87.9,87.94,9087.211
1776840300000,87.93,87.93,87.82,87.82,5285.463
1776840600000,87.83,87.93,87.83,87.85,6950.069
1776840900000,87.86,87.99,87.79,87.96,11272.924
1776841200000,87.96,87.96,87.7,87.72,6986.45
1776841500000,87.71,87.95,87.71,87.91,14838.241
1776841800000,87.92,88.0,87.86,87.99,4608.274
1776842100000,87.98,88.0,87.86,87.97,9895.773
1776842400000,87.96,87.97,87.79,87.88,8656.722
1776842700000,87.88,87.9,87.8,87.87,8722.078
1776843000000,87.87,87.92,87.81,87.91,6023.072
1776843300000,87.9,87.99,87.87,87.89,6584.759
1776843600000,87.89,88.13,87.88,88.12,18276.629
1776843900000,88.12,88.2,88.09,88.1,16306.094
1776844200000,88.11,88.27,87.94,87.97,28956.393
1776844500000,87.98,88.09,87.94,88.05,8265.596
1776844800000,88.06,88.2,88.02,88.03,7542.65
1776845100000,88.03,88.1,87.98,87.98,8118.179
1776845400000,87.98,88.04,87.93,87.96,4741.547
1776845700000,87.95,87.97,87.9,87.91,3863.88
1776846000000,87.91,88.0,87.75,87.76,25188.584
1776846300000,87.75,87.83,87.69,87.7,17240.086
1776846600000,87.7,87.73,87.61,87.62,4477.335
1776846900000,87.62,87.81,87.6,87.67,14501.778
1776847200000,87.67,87.73,87.63,87.69,4875.285
1776847500000,87.69,87.79,87.69,87.78,6422.937
1776847800000,87.78,87.96,87.77,87.95,5391.23
1776848100000,87.96,88.29,87.89,88.01,27066.403
1776848400000,88.0,88.06,87.83,87.93,10519.852
1776848700000,87.94,88.76,87.9,88.73,57906.516
1776849000000,88.73,88.88,88.4,88.41,26565.874
1776849300000,88.4,88.57,88.37,88.43,13180.858
1776849600000,88.43,88.5,88.41,88.48,8894.213
1776849900000,88.49,88.59,88.47,88.53,6128.375
1776850200000,88.53,88.57,88.46,88.49,8700.678
1776850500000,88.49,88.51,88.4,88.5,11884.309
1776850800000,88.5,88.57,88.41,88.47,7914.378
1776851100000,88.46,88.47,88.38,88.4,4272.481
1776851400000,88.41,88.44,88.26,88.27,5094.861
1776851700000,88.27,88.34,88.22,88.3,6060.797
1776852000000,88.3,88.43,88.21,88.22,11372.464
1776852300000,88.22,88.29,88.16,88.17,4056.138
1776852600000,88.17,88.27,88.15,88.24,5601.415
1776852900000,88.24,88.25,88.13,88.21,4878.068
1776853200000,88.21,88.23,88.18,88.19,2753.45
1776853500000,88.2,88.29,88.17,88.22,5059.854
1776853800000,88.21,88.38,88.21,88.35,6111.066
1776854100000,88.36,88.38,88.31,88.32,2041.141
1776854400000,88.33,88.38,88.32,88.36,4183.107
1776854700000,88.37,88.41,88.33,88.36,5893.393
1776855000000,88.35,88.35,88.31,88.32,4389.809
1776855300000,88.31,88.35,88.26,88.33,3213.468
1776855600000,88.34,88.43,88.3,88.31,3945.089
1776855900000,88.32,88.38,88.18,88.2,3033.027
1776856200000,88.21,88.3,88.21,88.27,6582.081
1776856500000,88.27,88.5,88.26,88.3,8649.793
1776856800000,88.31,88.31,88.23,88.29,2922.676
1776857100000,88.28,88.29,88.25,88.27,2173.603
1776857400000,88.28,88.32,88.26,88.3,4142.88
1776857700000,88.3,88.43,88.18,88.2,6223.845
1776858000000,88.2,88.27,88.16,88.2,4833.38
1776858300000,88.2,88.31,88.19,88.3,4795.744
1776858600000,88.29,88.34,88.24,88.3,3039.541
1776858900000,88.3,88.33,88.24,88.31,1894.566
1776859200000,88.31,88.38,88.22,88.27,7267.708
1776859500000,88.27,88.34,88.22,88.33,4732.798
1776859800000,88.34,88.47,88.33,88.4,12834.509
1776860100000,88.41,88.48,88.34,88.4,8013.111
1776860400000,88.39,88.43,88.35,88.36,7455.8
1776860700000,88.36,88.44,88.3,88.32,10047.189
1776861000000,88.32,88.43,88.27,88.42,14439.662
1776861300000,88.43,88.43,88.34,88.38,14170.523
1776861600000,88.39,88.52,88.38,88.43,11193.238
1776861900000,88.44,88.65,88.43,88.55,18826.666
1776862200000,88.55,88.67,88.52,88.62,11596.408
1776862500000,88.62,88.65,88.56,88.58,7830.852
1776862800000,88.58,88.65,88.46,88.61,13023.579
1776863100000,88.6,88.9,88.55,88.61,22600.034
1776863400000,88.62,88.79,88.6,88.73,7957.921
1776863700000,88.73,88.82,88.67,88.75,13928.635
1776864000000,88.76,88.83,88.71,88.78,7547.533
1776864300000,88.77,88.77,88.71,88.73,3413.39
1776864600000,88.74,88.93,88.6,88.68,20326.456
1776864900000,88.67,88.7,88.44,88.66,13278.568
1776865200000,88.66,89.0,88.66,88.97,25045.896
1776865500000,88.98,89.18,88.93,89.03,44993.885
1776865800000,89.04,89.13,88.9,89.04,39619.057
1776866100000,89.04,89.1,88.99,89.1,14538.197
1776866400000,89.1,89.29,89.07,89.13,21226.505
1776866700000,89.12,89.17,88.77,89.07,40671.247
1776867000000,89.08,89.31,89.07,89.3,19252.02
1776867300000,89.3,89.32,88.89,88.9,15478.607
1776867600000,88.9,89.23,88.88,89.11,20631.775
1776867900000,89.11,89.24,89.04,89.04,14229.8
1776868200000,89.05,89.08,88.47,88.77,47006.693
1776868500000,88.77,88.9,88.75,88.85,13144.87
1776868800000,88.85,88.95,88.6,88.62,23344.763
1776869100000,88.63,88.77,88.56,88.75,16491.596
1776869400000,88.75,88.82,88.64,88.75,12903.721
1776869700000,88.74,88.88,88.62,88.75,10448.388
1776870000000,88.74,88.81,88.48,88.5,22951.572
1776870300000,88.5,88.59,88.4,88.51,8216.126
1776870600000,88.51,88.64,88.37,88.38,15494.363
1776870900000,88.38,88.45,88.29,88.39,22154.554
1776871200000,88.39,88.47,88.32,88.33,9444.466
1776871500000,88.33,88.34,87.99,88.13,59690.331
1776871800000,88.12,88.44,88.12,88.26,36171.94
1776872100000,88.26,88.49,88.14,88.47,13059.424
1776872400000,88.47,88.49,88.2,88.3,10126.183
1776872700000,88.3,88.44,88.29,88.35,6355.511
1776873000000,88.36,88.46,88.27,88.45,5616.557
1776873300000,88.44,88.48,88.18,88.18,10779.917
1776873600000,88.19,88.44,88.16,88.42,12511.751
1776873900000,88.42,88.46,88.18,88.23,12897.667
1776874200000,88.23,88.27,88.09,88.23,8460.463
1776874500000,88.24,88.27,88.05,88.07,14781.198
1776874800000,88.07,88.1,87.82,87.84,38972.05
1776875100000,87.85,87.98,87.82,87.89,10693.064
1776875400000,87.89,87.98,87.82,87.95,13740.898
1776875700000,87.95,87.97,87.89,87.95,10379.869
1776876000000,87.95,87.96,87.77,87.84,12414.739
1776876300000,87.83,87.86,87.72,87.86,11138.881
1776876600000,87.86,87.86,87.58,87.62,17383.648
1776876900000,87.62,87.67,87.53,87.65,13635.5
1776877200000,87.65,87.86,87.63,87.78,25290.066
1776877500000,87.78,87.85,87.73,87.85,6964.419
1776877800000,87.85,88.0,87.85,87.89,7462.905
1776878100000,87.89,87.93,87.74,87.93,13005.717
1776878400000,87.93,88.0,87.81,87.84,6267.678
1776878700000,87.85,87.98,87.78,87.87,3516.367
1776879000000,87.88,87.91,87.8,87.81,4311.037
1776879300000,87.8,87.93,87.78,87.91,5322.353
1776879600000,87.91,87.98,87.89,87.89,3253.384
1776879900000,87.88,88.0,87.72,87.88,11453.687
1776880200000,87.88,88.02,87.87,87.99,11640.384
1776880500000,87.99,88.0,87.82,87.83,3754.71
1776880800000,87.83,87.94,87.82,87.91,8382.509
1776881100000,87.91,87.98,87.85,87.96,4201.044
1776881400000,87.96,88.14,87.96,88.13,5613.797
1776881700000,88.13,88.16,88.07,88.13,5355.335
1776882000000,88.13,88.19,88.08,88.18,4794.474
1776882300000,88.19,88.2,88.14,88.17,2579.849
1776882600000,88.16,88.21,88.12,88.2,3722.445
1776882900000,88.19,88.23,88.18,88.22,2472.171
1776883200000,88.22,88.27,88.14,88.15,4663.753
1776883500000,88.15,88.36,88.14,88.36,5104.227
1776883800000,88.35,88.37,88.26,88.26,8504.032
1776884100000,88.27,88.27,87.8,87.81,23501.793
1776884400000,87.82,87.82,87.44,87.55,24054.016
1776884700000,87.54,87.6,87.43,87.59,8962.034
1776885000000,87.6,87.66,87.54,87.56,7992.373
1776885300000,87.55,87.76,87.48,87.71,10392.052
1776885600000,87.72,87.81,87.69,87.8,13542.976
1776885900000,87.79,87.83,87.66,87.68,10098.461
1776886200000,87.68,87.7,87.23,87.24,17644.007
1776886500000,87.24,87.3,87.09,87.29,16919.408
1776886800000,87.29,87.4,87.25,87.3,7787.855
1776887100000,87.3,87.34,87.24,87.34,6187.841
1776887400000,87.34,87.39,87.24,87.32,6588.919
1776887700000,87.32,87.47,87.29,87.37,12316.988
1776888000000,87.38,87.48,87.3,87.48,6029.91
1776888300000,87.48,87.49,87.35,87.35,3360.48
1776888600000,87.36,87.41,87.29,87.39,3095.405
1776888900000,87.38,87.4,87.2,87.21,7698.466
1776889200000,87.21,87.25,87.09,87.21,6228.977
1776889500000,87.2,87.3,87.2,87.29,2073.052
1776889800000,87.28,87.34,87.21,87.22,2292.25
1776890100000,87.22,87.24,87.1,87.24,7063.625
1776890400000,87.24,87.26,87.22,87.23,1745.631
1776890700000,87.24,87.24,87.15,87.16,3475.201
1776891000000,87.17,87.17,87.11,87.11,3812.581
1776891300000,87.12,87.17,87.09,87.14,4281.263
1776891600000,87.14,87.23,87.12,87.23,6286.12
1776891900000,87.22,87.26,87.21,87.26,3642.353
1776892200000,87.26,87.33,87.25,87.31,1422.852
1776892500000,87.31,87.33,87.27,87.29,2233.055
1776892800000,87.29,87.39,87.28,87.37,2966.974
1776893100000,87.37,87.45,87.37,87.44,1783.955
1776893400000,87.45,87.55,87.44,87.48,3751.916
1776893700000,87.48,87.5,87.37,87.49,4523.507
1776894000000,87.49,87.67,87.47,87.55,5744.061
1776894300000,87.56,87.62,87.54,87.59,1121.509
1776894600000,87.59,87.59,87.51,87.53,2123.153
1776894900000,87.53,87.64,87.51,87.6,2792.459
1776895200000,87.59,87.72,87.46,87.54,4622.366
1776895500000,87.53,87.62,87.5,87.6,4970.015
1776895800000,87.6,87.63,87.51,87.55,2839.996
1776896100000,87.55,87.57,87.35,87.39,4803.915
1776896400000,87.4,87.4,87.31,87.38,4938.418
1776896700000,87.37,87.37,87.3,87.32,1878.486
1776897000000,87.33,87.46,87.33,87.36,6404.235
1776897300000,87.36,87.4,87.3,87.37,1837.178
1776897600000,87.37,87.45,87.36,87.38,4505.77
1776897900000,87.37,87.42,87.3,87.34,2379.674
1776898200000,87.35,87.42,87.32,87.36,2405.352
1776898500000,87.36,87.44,87.33,87.43,1014.872
1776898800000,87.43,87.47,87.23,87.26,3572.293
1776899100000,87.27,87.32,87.21,87.32,3758.856
1776899400000,87.32,87.44,87.3,87.31,10414.478
1776899700000,87.31,87.34,87.25,87.26,1384.997
1776900000000,87.26,87.26,86.84,86.85,18545.696
1776900300000,86.86,87.02,86.84,87.02,15038.258
1776900600000,87.02,87.02,86.81,86.91,7285.863
1776900900000,86.91,86.99,86.84,86.88,4429.722
1776901200000,86.87,86.99,86.86,86.97,4843.454
1776901500000,86.97,87.02,86.94,86.96,4016.085
1776901800000,86.96,86.97,86.88,86.91,3133.196
1776902100000,86.9,86.95,86.82,86.87,7379.311
1776902400000,86.86,87.03,86.86,86.9,7628.359
1776902700000,86.9,86.9,86.7,86.7,11845.782
1776903000000,86.7,86.72,86.45,86.45,19150.608
1776903300000,86.45,87.08,85.97,87.02,48806.372
1776903600000,87.02,87.02,86.71,86.72,18673.685
1776903900000,86.73,86.98,86.68,86.94,12078.979
1776904200000,86.94,87.06,86.78,87.0,11843.76
1776904500000,87.0,87.18,86.91,87.06,14803.485
1776904800000,87.05,87.08,86.96,87.0,6195.769
1776905100000,87.0,87.07,86.7,86.83,13419.197
1776905400000,86.82,86.87,86.73,86.74,5535.223
1776905700000,86.74,86.86,86.73,86.86,2718.448
1776906000000,86.87,86.87,86.67,86.69,6865.24
1776906300000,86.69,86.87,86.67,86.68,4625.159
1776906600000,86.68,86.68,86.51,86.52,8024.614
1776906900000,86.52,86.55,86.34,86.36,6540.859
1776907200000,86.36,86.36,86.15,86.16,9907.076
1776907500000,86.16,86.44,86.16,86.19,12615.615
1776907800000,86.19,86.32,86.12,86.18,9321.846
1776908100000,86.18,86.33,86.18,86.26,12092.677
1776908400000,86.27,86.48,86.27,86.39,7591.921
1776908700000,86.38,86.44,86.23,86.43,6866.264
1776909000000,86.43,86.5,86.35,86.36,3364.163
1776909300000,86.37,86.45,86.36,86.44,3399.307
1776909600000,86.43,86.44,86.27,86.29,4927.598
1776909900000,86.29,86.36,86.23,86.3,6179.613
1776910200000,86.3,86.37,86.2,86.21,4228.638
1776910500000,86.2,86.32,86.1,86.21,7653.213
1776910800000,86.21,86.31,86.09,86.1,12221.83
1776911100000,86.1,86.21,85.96,86.06,12291.891
1776911400000,86.06,86.1,85.93,86.02,15702.923
1776911700000,86.02,86.11,85.73,85.85,16500.248
1776912000000,85.84,85.93,85.73,85.89,9882.367
1776912300000,85.89,85.97,85.82,85.91,4779.562
1776912600000,85.91,86.1,85.91,85.97,7074.075
1776912900000,85.97,86.0,85.9,85.95,4740.244
1776913200000,85.94,86.09,85.9,86.02,5626.082
1776913500000,86.02,86.02,85.88,85.89,3281.255
1776913800000,85.88,85.94,85.8,85.8,4580.174
1776914100000,85.8,85.88,85.72,85.74,6737.471
1776914400000,85.74,85.88,85.72,85.77,4655.961
1776914700000,85.76,85.84,85.76,85.82,4350.692
1776915000000,85.82,85.87,85.7,85.72,4946.91
1776915300000,85.72,85.78,85.54,85.68,10195.5
1776915600000,85.68,85.7,85.48,85.69,13798.242
1776915900000,85.69,85.73,85.57,85.61,7751.371
1776916200000,85.61,85.72,85.61,85.71,2744.361
1776916500000,85.72,85.8,85.63,85.79,4550.042
1776916800000,85.78,85.78,85.65,85.73,5376.871
1776917100000,85.72,85.77,85.65,85.77,6438.005
1776917400000,85.77,85.91,85.77,85.83,9024.431
1776917700000,85.82,85.84,85.75,85.78,7995.281
1776918000000,85.78,85.89,85.78,85.8,3114.849
1776918300000,85.79,85.82,85.74,85.8,4420.821
1776918600000,85.8,85.97,85.79,85.92,5735.048
1776918900000,85.92,85.98,85.89,85.94,3732.963
1776919200000,85.95,85.95,85.9,85.92,1831.16
1776919500000,85.92,86.0,85.9,85.94,9411.966
1776919800000,85.94,85.97,85.88,85.95,4104.335
1776920100000,85.96,85.99,85.9,85.96,3170.225
1776920400000,85.96,86.1,85.94,86.09,7655.034
1776920700000,86.09,86.13,85.89,85.99,17506.961
1776921000000,85.99,85.99,85.84,85.97,8001.831
1776921300000,85.97,86.01,85.9,86.01,4020.933
1776921600000,86.01,86.07,85.98,85.99,5907.569
1776921900000,86.0,86.0,85.91,85.97,3266.801
1776922200000,85.97,85.99,85.65,85.74,15562.469
1776922500000,85.73,85.74,85.51,85.59,15877.918
1776922800000,85.6,85.72,85.59,85.7,4367.472
1776923100000,85.7,85.84,85.69,85.84,2699.186
1776923400000,85.84,85.93,85.8,85.8,7881.532
1776923700000,85.81,85.91,85.8,85.87,5621.472
1776924000000,85.87,86.0,85.84,85.99,4343.204
1776924300000,86.0,86.13,85.99,86.02,7403.219
1776924600000,86.02,86.05,85.95,85.99,3985.075
1776924900000,86.0,86.13,85.99,86.02,6665.297
1776925200000,86.01,86.14,85.99,86.08,9532.685
1776925500000,86.09,86.15,86.08,86.13,7623.165
1776925800000,86.14,86.23,86.12,86.16,8025.212
1776926100000,86.16,86.16,86.02,86.02,5449.843
1776926400000,86.02,86.04,85.96,86.0,5949.124
1776926700000,86.01,86.12,86.0,86.01,3490.008
1776927000000,86.01,86.19,86.01,86.18,6053.268
1776927300000,86.18,86.21,86.12,86.18,6268.839
1776927600000,86.19,86.21,86.1,86.14,3787.336
1776927900000,86.13,86.15,86.08,86.08,2547.836
1776928200000,86.09,86.15,86.07,86.09,1787.558
1776928500000,86.09,86.11,86.01,86.04,3524.684
1776928800000,86.04,86.09,86.01,86.07,3660.961
1776929100000,86.07,86.12,86.02,86.08,3879.247
1776929400000,86.07,86.17,86.04,86.17,7571.571
1776929700000,86.17,86.18,86.02,86.15,7430.665
1776930000000,86.16,86.24,86.0,86.06,17465.22
1776930300000,86.06,86.09,86.01,86.07,4570.699
1776930600000,86.08,86.09,85.86,85.86,11968.415
1776930900000,85.86,85.93,85.86,85.9,2748.101
1776931200000,85.91,85.91,85.77,85.83,8318.439
1776931500000,85.82,85.88,85.75,85.88,4732.86
1776931800000,85.88,85.93,85.82,85.88,4056.568
1776932100000,85.88,85.9,85.86,85.88,4683.17
1776932400000,85.89,85.94,85.76,85.78,11415.523
1776932700000,85.79,85.87,85.64,85.81,27224.331
1776933000000,85.81,85.84,85.65,85.68,6120.403
1776933300000,85.69,85.73,85.63,85.65,5426.748
1776933600000,85.65,85.65,85.54,85.57,9581.016
1776933900000,85.58,85.68,85.57,85.67,4540.444
1776934200000,85.67,85.74,85.67,85.73,3094.869
1776934500000,85.73,85.76,85.68,85.69,6267.493
1776934800000,85.68,85.69,85.48,85.5,7328.868
1776935100000,85.49,85.59,85.25,85.43,18960.266
1776935400000,85.43,85.43,85.28,85.42,8634.335
1776935700000,85.42,85.63,85.42,85.61,5595.894
1776936000000,85.61,85.61,85.48,85.49,5962.072
1776936300000,85.49,85.57,85.48,85.57,5404.691
1776936600000,85.57,85.62,85.57,85.61,3274.301
1776936900000,85.61,85.63,85.58,85.61,2894.781
1776937200000,85.61,85.65,85.6,85.6,3631.891
1776937500000,85.6,85.62,85.38,85.48,8389.646
1776937800000,85.48,85.52,85.45,85.47,2601.858
1776938100000,85.48,85.53,85.48,85.51,3053.77
1776938400000,85.51,85.6,85.48,85.59,3163.331
1776938700000,85.59,85.59,85.3,85.39,20314.918
1776939000000,85.39,85.41,85.2,85.21,9154.607
1776939300000,85.22,85.32,85.22,85.29,6268.869
1776939600000,85.29,85.39,85.27,85.35,5327.891
1776939900000,85.34,85.4,85.34,85.36,4421.854
1776940200000,85.37,85.43,85.34,85.42,3399.793
1776940500000,85.42,85.44,85.35,85.43,2632.814
1776940800000,85.43,85.45,85.38,85.39,3626.466
1776941100000,85.39,85.48,85.36,85.39,3948.809
1776941400000,85.39,85.42,85.31,85.34,2902.948
1776941700000,85.34,85.43,85.28,85.41,8786.567
1776942000000,85.42,85.49,85.42,85.47,6406.379
1776942300000,85.47,85.48,85.38,85.44,4230.018
1776942600000,85.43,85.48,85.36,85.47,6644.881
1776942900000,85.47,85.52,85.44,85.5,4984.734
1776943200000,85.51,85.57,85.5,85.57,7955.398
1776943500000,85.57,85.67,85.55,85.61,6807.118
1776943800000,85.61,85.65,85.55,85.55,3979.945
1776944100000,85.55,85.76,85.55,85.64,11398.98
1776944400000,85.64,85.72,85.63,85.7,3312.446
1776944700000,85.7,85.87,85.68,85.75,18127.416
1776945000000,85.74,85.86,85.73,85.83,4276.961
1776945300000,85.82,85.9,85.81,85.81,5978.005
1776945600000,85.82,85.98,85.81,85.97,5908.79
1776945900000,85.98,86.1,85.93,85.96,8561.604
1776946200000,85.97,86.08,85.95,86.0,5832.073
1776946500000,86.01,86.04,85.94,86.02,5527.743
1776946800000,86.02,86.05,85.91,86.01,3619.35
1776947100000,86.01,86.07,85.96,86.01,2826.656
1776947400000,86.01,86.1,85.95,85.97,11550.082
1776947700000,85.97,86.01,85.96,85.97,3776.049
1776948000000,85.97,86.05,85.96,85.97,2588.864
1776948300000,85.97,86.05,85.69,85.79,22598.462
1776948600000,85.8,85.9,85.74,85.83,4809.239
1776948900000,85.83,85.97,85.83,85.97,3271.864
1776949200000,85.97,86.04,85.92,85.98,8237.453
1776949500000,85.97,85.98,85.89,85.95,6292.434
1776949800000,85.95,85.96,85.72,85.75,5786.096
1776950100000,85.76,85.84,85.63,85.73,5987.148
1776950400000,85.73,85.77,85.72,85.74,3069.468
1776950700000,85.74,85.75,85.65,85.72,2535.522
1776951000000,85.71,85.86,85.67,85.84,7172.402
1776951300000,85.83,85.89,85.72,85.81,5043.234
1776951600000,85.8,85.86,85.75,85.82,5129.005
1776951900000,85.81,86.0,85.74,85.95,16736.549
1776952200000,85.94,85.95,85.57,85.66,30046.279
1776952500000,85.66,85.81,85.64,85.77,26890.416
1776952800000,85.76,85.84,85.55,85.82,6330.567
1776953100000,85.82,85.82,85.58,85.69,14245.648
1776953400000,85.68,85.69,85.57,85.61,10739.477
1776953700000,85.6,85.73,85.57,85.59,8720.788
1776954000000,85.58,85.92,85.57,85.87,4697.608
1776954300000,85.87,86.1,85.82,85.83,17642.044
1776954600000,85.84,86.04,85.84,85.92,7456.23
1776954900000,85.92,86.09,85.88,85.95,8885.116
1776955200000,85.94,86.04,85.89,86.03,5758.168
1776955500000,86.03,86.15,86.02,86.06,14761.638
1776955800000,86.05,86.19,86.04,86.09,6743.481
1776956100000,86.09,86.18,86.02,86.06,9805.012
1776956400000,86.05,86.07,85.87,85.87,18002.85
1776956700000,85.87,85.92,85.81,85.88,5658.769
1776957000000,85.88,85.94,85.84,85.87,5621.645
1776957300000,85.88,86.41,85.82,86.29,23361.702
1776957600000,86.3,86.5,86.24,86.34,21060.466
1776957900000,86.34,86.34,86.09,86.09,11543.932
1776958200000,86.1,86.27,86.0,86.23,13546.445
1776958500000,86.22,86.31,86.17,86.28,15944.568
1776958800000,86.28,86.47,86.16,86.35,37249.478
1776959100000,86.35,86.55,86.16,86.54,16764.491
1776959400000,86.55,86.66,86.16,86.18,79004.425
1776959700000,86.17,86.35,86.16,86.35,20456.727
1776960000000,86.36,86.4,86.21,86.22,35613.378
1776960300000,86.21,86.42,86.2,86.3,9385.904
1776960600000,86.29,86.36,86.19,86.19,8006.924
1776960900000,86.19,86.26,86.08,86.26,14489.404
1776961200000,86.26,86.27,86.08,86.24,4361.672
1776961500000,86.24,86.27,86.1,86.11,5016.679
1776961800000,86.1,86.21,86.06,86.2,22944.799
1776962100000,86.2,86.24,86.08,86.08,5332.617
1776962400000,86.08,86.18,86.05,86.11,7938.785
1776962700000,86.11,86.15,86.01,86.02,8641.076
1776963000000,86.02,86.13,85.84,85.87,34225.009
1776963300000,85.86,85.96,85.78,85.81,6621.045
1776963600000,85.82,85.88,85.46,85.56,29396.2
1776963900000,85.55,85.56,85.31,85.34,16399.762
1776964200000,85.34,85.54,85.27,85.35,19521.2
1776964500000,85.35,85.36,84.9,85.01,57757.084
1776964800000,85.01,85.21,84.92,85.08,21656.507
1776965100000,85.09,85.29,85.0,85.03,15190.292
1776965400000,85.02,85.16,84.92,85.11,30428.603
1776965700000,85.11,85.21,84.64,84.72,43048.907
1776966000000,84.73,84.79,84.48,84.76,36866.743
1776966300000,84.75,84.88,84.53,84.83,32059.702
1776966600000,84.83,85.38,84.72,85.23,50254.038
1776966900000,85.22,85.45,85.16,85.34,29856.022
1776967200000,85.35,85.53,85.27,85.36,15853.284
1776967500000,85.35,85.61,85.28,85.47,13032.257
1776967800000,85.47,85.65,85.41,85.41,19849.589
1776968100000,85.42,85.54,85.39,85.39,9707.35
1776968400000,85.39,85.48,85.34,85.39,7490.207
1776968700000,85.39,85.4,85.26,85.35,9657.248
1776969000000,85.35,85.5,85.35,85.44,11430.868
1776969300000,85.43,85.68,85.42,85.59,13463.356
1776969600000,85.59,85.62,85.48,85.53,8832.931
1776969900000,85.53,85.58,85.42,85.45,15191.189
1776970200000,85.44,85.55,85.35,85.5,12094.971
1776970500000,85.49,85.49,85.23,85.26,21829.825
1776970800000,85.26,85.35,85.15,85.15,43032.712
1776971100000,85.15,85.35,85.15,85.27,13444.667
1776971400000,85.27,85.38,85.21,85.34,9454.55
1776971700000,85.33,85.53,85.33,85.44,20452.36
1776972000000,85.45,85.52,85.44,85.45,5731.321
1776972300000,85.46,85.58,85.35,85.35,12537.303
1776972600000,85.34,85.42,85.25,85.3,14249.089
1776972900000,85.3,85.38,85.2,85.27,10066.674
1776973200000,85.28,85.37,85.27,85.29,8041.176
1776973500000,85.3,85.55,85.3,85.51,10751.287
1776973800000,85.5,85.5,85.22,85.43,25073.05
1776974100000,85.42,85.51,85.3,85.3,15766.15
1776974400000,85.3,85.58,85.29,85.58,19052.519
1776974700000,85.59,85.64,85.56,85.59,11071.503
1776975000000,85.59,85.61,85.46,85.49,6464.579
1776975300000,85.5,85.62,85.43,85.6,8143.519
1776975600000,85.6,85.66,85.55,85.55,5577.783
1776975900000,85.56,85.57,85.48,85.52,4064.651
1776976200000,85.53,85.68,85.48,85.62,4687.544
1776976500000,85.62,85.83,85.57,85.8,11484.526
1776976800000,85.79,85.85,85.74,85.79,16417.098
1776977100000,85.79,85.84,85.74,85.79,8975.316
1776977400000,85.78,85.81,85.67,85.67,5834.524
1776977700000,85.67,85.7,85.58,85.61,5164.036
1776978000000,85.61,85.63,85.52,85.54,9349.25
1776978300000,85.53,85.63,85.53,85.61,7410.486
1776978600000,85.62,85.69,85.6,85.63,6996.619
1776978900000,85.64,85.66,85.59,85.66,2674.033
1776979200000,85.65,85.71,85.59,85.7,2847.78
1776979500000,85.7,85.8,85.69,85.79,3807.719
1776979800000,85.8,85.92,85.8,85.92,7291.221
1776980100000,85.91,85.96,85.9,85.92,6634.43
1776980400000,85.91,86.01,85.89,85.97,4730.402
1776980700000,85.97,86.0,85.95,85.99,2636.935
1776981000000,86.0,86.01,85.96,85.99,2454.122
1776981300000,86.0,86.0,85.79,85.79,6341.884
1776981600000,85.8,85.97,85.8,85.96,6038.766
1776981900000,85.96,86.08,85.91,85.92,9134.088
1776982200000,85.92,86.01,85.9,85.99,3260.496
1776982500000,85.99,86.17,85.96,86.13,21439.973
1776982800000,86.13,86.16,86.01,86.09,5256.374
1776983100000,86.1,86.25,86.04,86.16,18419.122
1776983400000,86.16,86.25,86.12,86.12,7191.827
1776983700000,86.12,86.19,86.12,86.13,3546.169
1776984000000,86.14,86.17,86.12,86.17,3014.833
1776984300000,86.17,86.2,86.14,86.16,4128.156
1776984600000,86.16,86.17,86.06,86.09,4340.007
1776984900000,86.1,86.1,85.91,85.97,14351.511
1776985200000,85.96,86.0,85.91,85.92,6129.07
1776985500000,85.93,85.95,85.83,85.84,5323.71
1776985800000,85.84,85.85,85.74,85.75,9105.795
1776986100000,85.76,85.87,85.58,85.85,13699.022
1776986400000,85.85,86.06,85.84,86.05,10602.569
1776986700000,86.05,86.09,85.95,85.96,6357.424
1776987000000,85.97,86.02,85.97,86.01,3068.028
1776987300000,86.0,86.05,85.99,86.04,1455.241
1776987600000,86.04,86.12,86.04,86.12,1133.735
1776987900000,86.12,86.2,86.1,86.11,2954.675
1776988200000,86.12,86.17,86.09,86.09,1268.373
1776988500000,86.1,86.15,86.09,86.12,2471.552
1776988800000,86.12,86.18,86.05,86.06,1899.736
1776989100000,86.05,86.18,86.04,86.15,3841.642
1776989400000,86.15,86.15,86.07,86.09,2771.657
1776989700000,86.09,86.31,86.05,86.3,11668.429
1776990000000,86.3,86.36,86.13,86.14,6842.372
1776990300000,86.14,86.27,86.13,86.21,3393.943
1776990600000,86.21,86.27,86.16,86.22,3012.428
1776990900000,86.21,86.33,86.21,86.23,15052.755
1776991200000,86.24,86.24,86.15,86.15,2189.967
1776991500000,86.15,86.27,86.15,86.26,1988.169
1776991800000,86.26,86.29,86.17,86.19,2302.606
1776992100000,86.19,86.2,86.12,86.19,3956.026
1776992400000,86.19,86.2,86.03,86.04,3592.632
1776992700000,86.04,86.04,85.87,85.94,6760.592
1776993000000,85.93,85.98,85.92,85.93,1979.189
1776993300000,85.93,85.95,85.9,85.92,2112.271
1776993600000,85.91,85.93,85.83,85.93,4049.275
1776993900000,85.93,85.97,85.87,85.93,3827.632
1776994200000,85.92,85.96,85.82,85.92,2413.006
1776994500000,85.92,86.0,85.87,85.97,2248.015
1776994800000,85.97,86.02,85.89,85.92,2205.742
1776995100000,85.92,86.23,85.91,86.23,2811.714
1776995400000,86.22,86.3,86.19,86.24,3899.871
1776995700000,86.23,86.32,86.23,86.28,7207.615
1776996000000,86.28,86.36,86.25,86.28,4792.128
1776996300000,86.27,86.27,86.15,86.17,1240.194
1776996600000,86.17,86.17,86.1,86.15,1239.728
1776996900000,86.15,86.19,86.12,86.18,2858.242
1776997200000,86.18,86.2,86.04,86.04,1792.64
1776997500000,86.04,86.05,86.01,86.02,814.877
1776997800000,86.03,86.09,86.02,86.08,2335.834
1776998100000,86.08,86.11,86.04,86.08,1281.795
1776998400000,86.07,86.11,86.04,86.1,1293.254
1776998700000,86.11,86.13,86.03,86.07,2011.483
1776999000000,86.08,86.11,85.78,85.85,8148.266
1776999300000,85.86,85.9,85.8,85.89,2219.535
1776999600000,85.89,85.92,85.84,85.88,4162.223
1776999900000,85.88,85.93,85.83,85.89,5888.946
1777000200000,85.9,85.94,85.84,85.89,3593.34
1777000500000,85.89,85.89,85.8,85.86,3575.843
1777000800000,85.85,85.87,85.58,85.6,23393.015
1777001100000,85.61,85.78,85.6,85.7,5204.283
1777001400000,85.69,85.7,85.4,85.4,15901.026
1777001700000,85.41,85.53,85.4,85.49,6232.525
1777002000000,85.48,85.5,85.45,85.5,5104.05
1777002300000,85.49,85.66,85.48,85.62,5449.494
1777002600000,85.61,85.65,85.58,85.63,3933.932
1777002900000,85.63,85.72,85.55,85.69,10174.35
1777003200000,85.69,85.69,85.58,85.58,3058.629
1777003500000,85.59,85.63,85.58,85.59,2042.707
1777003800000,85.59,85.63,85.57,85.61,2151.873
1777004100000,85.6,85.62,85.54,85.62,2732.595
1777004400000,85.62,85.71,85.56,85.58,3227.352
1777004700000,85.57,85.57,85.41,85.45,5432.979
1777005000000,85.45,85.52,85.4,85.42,3528.482
1777005300000,85.42,85.5,85.14,85.25,16976.155
1777005600000,85.24,85.32,85.19,85.32,4911.063
1777005900000,85.33,85.46,85.3,85.44,4821.101
1777006200000,85.43,85.45,85.35,85.37,2945.203
1777006500000,85.37,85.38,85.31,85.32,1750.768
1777006800000,85.31,85.34,85.22,85.23,2715.311
1777007100000,85.22,85.4,85.15,85.33,9737.156
1777007400000,85.34,85.4,85.31,85.34,3921.866
1777007700000,85.34,85.41,85.27,85.36,4959.873
1777008000000,85.35,85.42,85.16,85.23,8884.164
1777008300000,85.24,85.36,85.17,85.35,5840.845
1777008600000,85.36,85.45,85.28,85.29,7503.689
1777008900000,85.29,85.37,85.23,85.35,5803.134
1777009200000,85.36,85.49,85.36,85.45,4719.163
1777009500000,85.46,85.66,85.43,85.51,29539.686
1777009800000,85.51,85.64,85.49,85.58,4168.019
1777010100000,85.57,85.82,85.57,85.7,14243.233
1777010400000,85.7,85.73,85.59,85.65,1806.213
1777010700000,85.64,85.68,85.62,85.68,2043.333
1777011000000,85.68,85.69,85.62,85.69,1354.061
1777011300000,85.68,85.69,85.64,85.68,1002.048
1777011600000,85.68,85.7,85.62,85.63,1165.041
1777011900000,85.63,85.68,85.49,85.64,12637.729
1777012200000,85.65,85.67,85.4,85.5,5560.687
1777012500000,85.5,85.5,85.33,85.42,6070.036
1777012800000,85.43,85.5,85.42,85.44,1438.368
1777013100000,85.43,85.5,85.39,85.5,4738.644
1777013400000,85.51,85.54,85.5,85.52,3951.759
1777013700000,85.53,85.53,85.42,85.44,1566.843
1777014000000,85.44,85.52,85.42,85.5,1047.783
1777014300000,85.5,85.57,85.5,85.56,1745.953
1777014600000,85.57,85.62,85.5,85.5,1847.207
1777014900000,85.5,85.52,85.48,85.49,1870.047
1777015200000,85.48,85.49,85.41,85.41,1942.735
1777015500000,85.41,85.47,85.38,85.44,3189.383
1777015800000,85.45,85.46,85.38,85.45,6893.282
1777016100000,85.45,85.48,85.34,85.45,22676.575
1777016400000,85.44,85.45,85.38,85.42,9091.565
1777016700000,85.42,85.51,85.41,85.5,18633.045
1777017000000,85.51,85.56,85.41,85.49,9079.692
1777017300000,85.48,85.51,85.4,85.51,10394.312
1777017600000,85.5,85.51,85.36,85.36,8659.775
1777017900000,85.36,85.38,85.3,85.32,9232.373
1777018200000,85.32,85.36,85.29,85.36,5794.746
1777018500000,85.36,85.63,85.35,85.57,8946.81
1777018800000,85.57,85.73,85.54,85.62,12751.337
1777019100000,85.61,85.62,85.53,85.54,4490.563
1777019400000,85.54,85.54,85.37,85.38,4872.202
1777019700000,85.38,85.45,85.32,85.43,7402.512
1777020000000,85.43,85.45,85.33,85.4,8324.776
1777020300000,85.41,85.52,85.41,85.51,3302.587
1777020600000,85.52,85.52,85.43,85.48,6391.95
1777020900000,85.49,85.49,85.31,85.34,4688.404
1777021200000,85.35,85.38,85.25,85.29,5291.407
1777021500000,85.3,85.3,84.92,85.05,34952.717
1777021800000,85.05,85.14,84.97,85.12,5529.345
1777022100000,85.13,85.22,85.1,85.16,3440.35
1777022400000,85.15,85.16,85.05,85.13,7317.203
1777022700000,85.13,85.2,85.12,85.17,6118.664
1777023000000,85.17,85.25,85.16,85.25,2960.921
1777023300000,85.25,85.27,85.21,85.27,1610.431
1777023600000,85.27,85.34,85.26,85.34,2062.931
1777023900000,85.33,85.36,85.31,85.33,4702.404
1777024200000,85.33,85.35,85.18,85.35,7271.922
1777024500000,85.35,85.48,85.29,85.48,10429.032
1777024800000,85.47,85.47,85.18,85.37,14377.434
1777025100000,85.36,85.37,85.28,85.32,2833.548
1777025400000,85.33,85.35,85.28,85.33,1301.34
1777025700000,85.34,85.41,85.32,85.38,1613.191
1777026000000,85.38,85.54,85.38,85.51,9542.745
1777026300000,85.52,85.62,85.5,85.51,9121.127
1777026600000,85.51,85.56,85.5,85.55,2098.254
1777026900000,85.55,85.63,85.54,85.55,4616.396
1777027200000,85.55,85.58,85.54,85.54,2237.79
1777027500000,85.55,85.67,85.5,85.6,9949.287
1777027800000,85.59,85.66,85.58,85.65,2915.798
1777028100000,85.66,85.76,85.66,85.71,10570.355
1777028400000,85.72,85.98,85.71,85.89,29834.073
1777028700000,85.88,86.15,85.85,85.99,28538.464
1777029000000,85.99,86.12,85.99,86.07,5977.974
1777029300000,86.07,86.11,85.93,85.94,6801.652
1777029600000,85.94,86.25,85.93,86.2,28161.003
1777029900000,86.19,86.25,86.09,86.25,12889.845
1777030200000,86.25,86.28,86.18,86.23,7056.229
1777030500000,86.22,86.24,86.15,86.18,7599.649
1777030800000,86.19,86.22,86.15,86.18,5366.616
1777031100000,86.18,86.19,86.1,86.17,7720.179
1777031400000,86.17,86.22,86.14,86.15,3292.456
1777031700000,86.14,86.24,86.04,86.19,10656.028
1777032000000,86.2,86.46,86.15,86.35,19736.943
1777032300000,86.36,86.49,86.31,86.44,17010.688
1777032600000,86.45,86.77,86.36,86.71,34193.089
1777032900000,86.72,86.79,86.51,86.57,22255.911
1777033200000,86.57,86.58,86.36,86.55,11123.379
1777033500000,86.55,86.55,86.45,86.48,5492.966
1777033800000,86.47,86.48,86.3,86.33,9719.421
1777034100000,86.34,86.42,86.28,86.38,10443.061
1777034400000,86.39,86.41,86.24,86.27,6838.692
1777034700000,86.27,86.38,86.17,86.18,9932.494
1777035000000,86.18,86.19,86.06,86.14,9807.747
1777035300000,86.13,86.34,86.12,86.33,7312.611
1777035600000,86.34,86.47,86.32,86.45,6333.646
1777035900000,86.45,86.55,86.44,86.47,7009.408
1777036200000,86.47,86.6,86.44,86.45,16619.451
1777036500000,86.46,86.48,86.38,86.48,3633.74
1777036800000,86.48,86.5,86.33,86.35,2818.531
1777037100000,86.35,86.35,86.26,86.29,3658.038
1777037400000,86.29,86.33,86.1,86.25,9158.547
1777037700000,86.25,86.32,86.13,86.23,15401.068
1777038000000,86.23,86.27,86.09,86.16,5726.392
1777038300000,86.16,86.2,85.97,86.05,18447.123
1777038600000,86.04,86.09,85.95,85.98,14889.891
1777038900000,85.98,86.1,85.86,86.09,5949.021
1777039200000,86.08,86.08,85.87,85.96,9201.716
1777039500000,85.96,86.06,85.83,86.04,8875.609
1777039800000,86.04,86.15,85.88,85.91,6397.158
1777040100000,85.91,86.07,85.87,86.02,6657.309
1777040400000,86.01,86.07,85.85,85.85,7223.719
1777040700000,85.85,85.85,85.67,85.8,15538.586
1777041000000,85.8,86.08,85.78,86.07,6133.805
1777041300000,86.07,86.22,86.01,86.19,8641.299
1777041600000,86.19,86.23,86.11,86.18,4220.7
1777041900000,86.19,86.2,85.96,86.01,8130.564
1777042200000,86.02,86.05,85.89,85.93,4294.421
1777042500000,85.92,86.05,85.91,86.05,3971.745
1777042800000,86.05,86.06,85.87,85.87,11818.059
1777043100000,85.87,85.87,85.53,85.7,18576.286
1777043400000,85.7,85.86,85.7,85.78,4759.95
1777043700000,85.78,85.86,85.74,85.75,5687.164
1777044000000,85.75,86.02,85.74,85.96,10128.004
1777044300000,85.97,86.09,85.94,86.05,4182.524
1777044600000,86.05,86.23,86.05,86.12,4715.214
1777044900000,86.12,86.15,86.04,86.06,2947.917
1777045200000,86.05,86.46,86.05,86.38,15146.21
1777045500000,86.38,86.56,86.25,86.29,16070.724
1777045800000,86.28,86.45,86.27,86.39,3891.448
1777046100000,86.39,86.54,86.37,86.52,8855.277
1777046400000,86.52,86.58,86.38,86.41,9549.593
1777046700000,86.41,86.46,86.31,86.36,9963.551
1777047000000,86.36,86.45,86.28,86.28,5800.385
1777047300000,86.28,86.29,86.11,86.13,8672.487
1777047600000,86.13,86.23,86.1,86.22,6286.963
1777047900000,86.22,86.25,86.19,86.24,4239.769
1777048200000,86.23,86.43,86.23,86.43,4715.778
1777048500000,86.43,86.47,86.32,86.33,7618.386
1777048800000,86.33,86.35,86.09,86.29,6925.661
1777049100000,86.3,86.34,86.18,86.19,3863.421
1777049400000,86.19,86.31,86.19,86.29,4012.27
1777049700000,86.3,86.35,86.22,86.35,2826.018
1777050000000,86.34,86.39,86.29,86.34,3948.182
1777050300000,86.35,86.41,86.29,86.33,3303.813
1777050600000,86.34,86.55,86.34,86.51,6550.087
1777050900000,86.52,86.52,86.36,86.41,4829.948
1777051200000,86.41,86.43,86.33,86.37,3866.869
1777051500000,86.36,86.45,86.34,86.4,2087.747
1777051800000,86.41,86.41,86.12,86.18,5013.324
1777052100000,86.18,86.32,86.17,86.21,2941.967
1777052400000,86.22,86.4,86.22,86.38,2825.024
1777052700000,86.37,86.43,86.27,86.34,2712.972
1777053000000,86.34,86.56,86.31,86.45,10695.96
1777053300000,86.44,86.55,86.42,86.49,6993.963
1777053600000,86.49,86.54,86.4,86.41,3299.95
1777053900000,86.41,86.44,86.35,86.38,1077.944
1777054200000,86.38,86.41,86.21,86.21,2723.869
1777054500000,86.21,86.21,85.95,86.09,7676.88
1777054800000,86.09,86.25,86.06,86.25,2938.173
1777055100000,86.24,86.29,86.2,86.21,2529.258
1777055400000,86.21,86.39,86.19,86.37,3468.576
1777055700000,86.38,86.46,86.32,86.34,5061.41
1777056000000,86.34,86.39,86.33,86.39,1444.352
1777056300000,86.38,86.41,86.33,86.34,2855.081
1777056600000,86.34,86.4,86.33,86.38,1839.031
1777056900000,86.38,86.39,86.33,86.36,1217.746
1777057200000,86.37,86.53,86.36,86.36,3894.769
1777057500000,86.37,86.41,86.3,86.33,3416.163
1777057800000,86.34,86.36,86.26,86.29,1644.184
1777058100000,86.28,86.36,86.28,86.33,1490.341
1777058400000,86.33,86.39,86.28,86.29,870.384
1777058700000,86.28,86.36,86.28,86.31,1483.969
1777059000000,86.32,86.4,86.26,86.3,5191.947
1777059300000,86.3,86.34,86.25,86.33,8517.277
1777059600000,86.34,86.36,86.3,86.32,3597.941
1777059900000,86.31,86.33,86.26,86.28,1801.982
1777060200000,86.28,86.34,86.27,86.32,2141.706
1777060500000,86.33,86.42,86.29,86.33,9846.058
1777060800000,86.32,86.52,86.23,86.52,10369.004
1777061100000,86.52,86.55,86.39,86.43,5066.652
1777061400000,86.44,86.51,86.42,86.48,7756.174
1777061700000,86.47,86.47,86.32,86.34,2088.298
1777062000000,86.33,86.4,86.29,86.33,4449.028
1777062300000,86.32,86.35,86.22,86.28,9369.14
1777062600000,86.28,86.64,86.27,86.59,11677.778
1777062900000,86.59,86.9,86.59,86.79,40895.594
1777063200000,86.79,86.8,86.68,86.7,3215.868
1777063500000,86.7,86.82,86.7,86.78,3313.706
1777063800000,86.78,86.84,86.75,86.83,2057.36
1777064100000,86.83,86.89,86.78,86.85,3757.413
1777064400000,86.85,86.87,86.79,86.87,2845.033
1777064700000,86.87,86.91,86.82,86.91,3497.814
1777065000000,86.91,86.94,86.57,86.59,12527.947
1777065300000,86.59,86.61,86.52,86.61,7155.417
1777065600000,86.61,86.63,86.51,86.63,6015.689
1777065900000,86.63,86.65,86.52,86.57,3206.846
1777066200000,86.56,86.59,86.53,86.58,3237.392
1777066500000,86.59,86.59,86.36,86.46,8233.305
1777066800000,86.47,86.52,86.44,86.44,3570.063
1777067100000,86.44,86.5,86.39,86.5,2055.798
1777067400000,86.5,86.51,86.45,86.45,1199.754
1777067700000,86.46,86.51,86.43,86.46,1410.889
1777068000000,86.45,86.46,86.35,86.36,3388.2
1777068300000,86.37,86.43,86.35,86.35,1772.068
1777068600000,86.35,86.42,86.35,86.42,3352.589
1777068900000,86.42,86.42,86.36,86.42,3445.08
1777069200000,86.42,86.44,86.37,86.39,1920.423
1777069500000,86.4,86.4,86.35,86.35,2340.801
1777069800000,86.35,86.36,86.28,86.29,3201.676
1777070100000,86.28,86.34,86.1,86.17,6356.481
1777070400000,86.17,86.22,86.12,86.21,3582.47
1777070700000,86.22,86.32,86.2,86.25,4031.641
1777071000000,86.25,86.29,86.19,86.21,4307.211
1777071300000,86.22,86.24,86.1,86.17,5801.484
1777071600000,86.18,86.25,86.17,86.21,1595.914
1777071900000,86.21,86.21,86.17,86.21,1045.902
1777072200000,86.21,86.27,86.21,86.25,1184.793
1777072500000,86.24,86.24,86.21,86.24,1324.408
1777072800000,86.24,86.25,86.15,86.21,5564.466
1777073100000,86.21,86.22,86.18,86.21,2028.027
1777073400000,86.21,86.3,86.2,86.3,1593.274
1777073700000,86.29,86.29,86.24,86.24,1033.259
1777074000000,86.23,86.23,86.19,86.21,2369.999
1777074300000,86.21,86.21,86.18,86.21,1625.158
1777074600000,86.2,86.22,86.2,86.21,1158.423
1777074900000,86.21,86.23,86.18,86.18,2082.09
1777075200000,86.18,86.22,86.16,86.18,2451.487
1777075500000,86.18,86.19,86.17,86.17,523.891
1777075800000,86.17,86.17,86.09,86.11,4592.994
1777076100000,86.11,86.15,86.1,86.12,2170.53
1777076400000,86.12,86.14,86.11,86.11,814.802
1777076700000,86.1,86.11,86.03,86.04,1146.771
1777077000000,86.04,86.07,86.03,86.06,3356.025
1777077300000,86.07,86.19,86.06,86.17,5767.55
1777077600000,86.16,86.23,86.15,86.16,2595.477
1777077900000,86.15,86.23,86.14,86.22,3145.417
1777078200000,86.22,86.23,86.21,86.22,1118.366
1777078500000,86.21,86.26,86.21,86.23,1303.226
1777078800000,86.23,86.29,86.22,86.23,1291.779
1777079100000,86.24,86.24,86.15,86.19,2100.024
1777079400000,86.19,86.28,86.18,86.27,1649.189
1777079700000,86.27,86.34,86.26,86.27,1225.546
1777080000000,86.26,86.27,86.17,86.17,1414.32
1777080300000,86.17,86.19,86.13,86.18,5020.57
1777080600000,86.19,86.3,86.18,86.3,1960.089
1777080900000,86.29,86.32,86.24,86.27,1896.215
1777081200000,86.27,86.3,86.27,86.3,1847.525
1777081500000,86.3,86.36,86.3,86.33,1115.132
1777081800000,86.33,86.33,86.29,86.3,1074.494
1777082100000,86.3,86.3,86.26,86.27,3592.022
1777082400000,86.28,86.3,86.21,86.22,2939.133
1777082700000,86.23,86.3,86.2,86.29,3650.616
1777083000000,86.28,86.4,86.27,86.31,4379.237
1777083300000,86.31,86.31,86.25,86.25,1044.855
1777083600000,86.26,86.26,86.16,86.25,3415.19
1777083900000,86.24,86.33,86.24,86.29,1057.535
1777084200000,86.3,86.32,86.27,86.27,1729.081
1777084500000,86.28,86.29,86.26,86.28,1015.517
1777084800000,86.29,86.3,86.25,86.26,586.599
1777085100000,86.27,86.28,86.25,86.27,571.045
1777085400000,86.27,86.3,86.26,86.3,763.777
1777085700000,86.29,86.3,86.26,86.29,1017.003
1777086000000,86.28,86.33,86.27,86.33,925.112
1777086300000,86.33,86.4,86.27,86.3,2688.618
1777086600000,86.3,86.31,86.28,86.31,831.586
1777086900000,86.31,86.39,86.3,86.39,941.019
1777087200000,86.39,86.42,86.35,86.36,2502.091
1777087500000,86.36,86.36,86.3,86.34,701.646
1777087800000,86.34,86.36,86.33,86.35,831.561
1777088100000,86.35,86.4,86.34,86.37,1712.292
1777088400000,86.38,86.43,86.37,86.41,738.093
1777088700000,86.42,86.5,86.42,86.48,3972.773
1777089000000,86.48,86.49,86.46,86.47,1196.982
1777089300000,86.47,86.48,86.43,86.46,4454.026
1777089600000,86.46,86.51,86.42,86.44,3096.178
1777089900000,86.45,86.48,86.4,86.48,2810.439
1777090200000,86.49,86.5,86.46,86.46,1152.621
1777090500000,86.46,86.47,86.4,86.4,1940.532
1777090800000,86.4,86.41,86.36,86.38,2355.388
1777091100000,86.39,86.4,86.32,86.35,2283.284
1777091400000,86.35,86.36,86.34,86.35,995.335
1777091700000,86.35,86.35,86.3,86.31,563.067
1777092000000,86.31,86.32,86.29,86.31,1181.469
1777092300000,86.3,86.35,86.29,86.32,1192.918
1777092600000,86.32,86.35,86.32,86.34,1809.844
1777092900000,86.35,86.36,86.33,86.34,714.466
1777093200000,86.34,86.34,86.15,86.16,2220.008
1777093500000,86.16,86.22,86.15,86.22,5450.449
1777093800000,86.22,86.22,86.16,86.17,3981.392
1777094100000,86.17,86.18,86.14,86.17,4928.266
1777094400000,86.17,86.17,86.15,86.16,1969.288
1777094700000,86.16,86.16,86.13,86.13,2775.639
1777095000000,86.14,86.21,86.11,86.19,7914.611
1777095300000,86.18,86.19,86.18,86.19,743.418
1777095600000,86.19,86.25,86.18,86.21,3772.314
1777095900000,86.22,86.23,86.21,86.22,1507.955
1777096200000,86.22,86.22,86.19,86.2,863.166
1777096500000,86.2,86.2,86.19,86.2,2511.844
1777096800000,86.2,86.26,86.19,86.26,2536.921
1777097100000,86.25,86.33,86.22,86.32,3354.151
1777097400000,86.33,86.35,86.32,86.35,1543.203
1777097700000,86.35,86.35,86.29,86.29,2234.238
1777098000000,86.29,86.29,86.23,86.24,1085.953
1777098300000,86.24,86.25,86.21,86.25,1129.938
1777098600000,86.26,86.44,86.26,86.39,5640.065
1777098900000,86.38,86.43,86.34,86.42,3861.319
1777099200000,86.42,86.46,86.41,86.42,4033.153
1777099500000,86.42,86.51,86.41,86.51,3027.528
1777099800000,86.51,86.66,86.42,86.44,12031.128
1777100100000,86.45,86.5,86.44,86.45,1677.038
1777100400000,86.45,86.45,86.32,86.34,2776.857
1777100700000,86.35,86.35,86.3,86.31,1482.317
1777101000000,86.31,86.38,86.26,86.34,4363.553
1777101300000,86.35,86.39,86.33,86.39,676.201
1777101600000,86.38,86.39,86.3,86.31,3163.28
1777101900000,86.32,86.33,86.25,86.32,7319.552
1777102200000,86.31,86.51,86.28,86.51,15657.2
1777102500000,86.5,86.51,86.37,86.44,14035.001
1777102800000,86.43,86.43,86.38,86.39,1182.253
1777103100000,86.39,86.4,86.34,86.39,861.666
1777103400000,86.38,86.44,86.38,86.39,3840.294
1777103700000,86.39,86.45,86.35,86.36,3455.851
1777104000000,86.36,86.43,86.3,86.39,5850.705
1777104300000,86.39,86.45,86.39,86.45,1146.624
1777104600000,86.44,86.45,86.43,86.44,2007.505
1777104900000,86.44,86.48,86.43,86.44,3555.352
1777105200000,86.44,86.52,86.43,86.51,5165.939
1777105500000,86.5,86.59,86.5,86.59,11255.771
1777105800000,86.59,86.8,86.55,86.57,24466.604
1777106100000,86.57,86.72,86.56,86.7,9512.259
1777106400000,86.69,86.71,86.62,86.62,2849.141
1777106700000,86.63,86.63,86.57,86.61,3657.312
1777107000000,86.61,86.63,86.61,86.62,2263.644
1777107300000,86.62,86.63,86.59,86.63,2683.413
1777107600000,86.62,86.63,86.57,86.6,2572.398
1777107900000,86.61,86.65,86.6,86.65,1373.203
1777108200000,86.65,86.67,86.63,86.67,3639.393
1777108500000,86.66,86.69,86.64,86.66,3737.772
1777108800000,86.66,86.67,86.59,86.64,5895.676
1777109100000,86.65,86.67,86.58,86.58,1591.155
1777109400000,86.59,86.64,86.58,86.61,1460.547
1777109700000,86.6,86.8,86.6,86.75,4084.973
1777110000000,86.75,86.75,86.68,86.71,2385.453
1777110300000,86.72,86.75,86.68,86.73,3237.334
1777110600000,86.72,86.75,86.67,86.74,2562.623
1777110900000,86.73,86.76,86.57,86.58,2557.047
1777111200000,86.58,86.69,86.57,86.62,3688.447
1777111500000,86.61,86.64,86.59,86.62,1004.702
1777111800000,86.62,86.65,86.59,86.61,3538.45
1777112100000,86.62,86.67,86.61,86.62,1087.733
1777112400000,86.62,86.69,86.61,86.69,952.12
1777112700000,86.69,86.73,86.63,86.64,4160.614
1777113000000,86.63,86.73,86.63,86.7,1801.656
1777113300000,86.7,86.7,86.62,86.64,1491.834
1777113600000,86.64,86.64,86.58,86.63,1508.46
1777113900000,86.62,86.66,86.59,86.6,964.279
1777114200000,86.59,86.64,86.59,86.61,2697.487
1777114500000,86.61,86.64,86.59,86.63,617.467
1777114800000,86.63,86.64,86.48,86.51,6482.632
1777115100000,86.51,86.53,86.44,86.45,4549.095
1777115400000,86.45,86.47,86.43,86.44,2454.68
1777115700000,86.45,86.5,86.45,86.47,1551.149
1777116000000,86.48,86.49,86.35,86.39,3016.744
1777116300000,86.4,86.41,86.36,86.39,1784.264
1777116600000,86.39,86.48,86.34,86.43,5158.162
1777116900000,86.42,86.45,86.37,86.42,4447.005
1777117200000,86.42,86.43,86.35,86.35,2522.081
1777117500000,86.35,86.38,86.25,86.34,7819.357
1777117800000,86.35,86.39,86.33,86.34,3159.657
1777118100000,86.34,86.38,86.33,86.36,4625.949
1777118400000,86.36,86.37,86.23,86.3,4583.02
1777118700000,86.29,86.39,86.29,86.34,4137.299
1777119000000,86.35,86.37,86.33,86.35,2905.436
1777119300000,86.35,86.39,86.35,86.37,2434.007
1777119600000,86.38,86.43,86.37,86.43,2101.749
1777119900000,86.42,86.43,86.34,86.34,1673.857
1777120200000,86.34,86.43,86.27,86.41,4895.907
1777120500000,86.41,86.42,86.33,86.36,4502.732
1777120800000,86.36,86.36,86.29,86.33,2058.105
1777121100000,86.33,86.38,86.32,86.36,2619.834
1777121400000,86.36,86.41,86.35,86.4,2328.551
1777121700000,86.41,86.42,86.38,86.39,1647.448
1777122000000,86.39,86.42,86.38,86.42,1550.571
1777122300000,86.42,86.52,86.41,86.49,2364.591
1777122600000,86.49,86.53,86.49,86.53,900.665
1777122900000,86.53,86.53,86.49,86.51,1493.755
1777123200000,86.52,86.56,86.51,86.56,1126.654
1777123500000,86.56,86.58,86.54,86.56,2003.197
1777123800000,86.56,86.57,86.53,86.55,2578.91
1777124100000,86.56,86.62,86.55,86.61,2521.265
1777124400000,86.62,86.66,86.59,86.66,3262.65
1777124700000,86.66,86.67,86.58,86.61,7182.963
1777125000000,86.61,86.66,86.6,86.64,2430.849
1777125300000,86.64,86.65,86.6,86.61,6404.856
1777125600000,86.61,86.66,86.51,86.51,4247.051
1777125900000,86.51,86.62,86.5,86.61,2973.918
1777126200000,86.62,86.62,86.52,86.58,4761.174
1777126500000,86.59,86.6,86.51,86.51,2717.3
1777126800000,86.52,86.61,86.52,86.56,1918.291
1777127100000,86.57,86.65,86.57,86.63,3632.446
1777127400000,86.64,86.66,86.63,86.64,1737.468
1777127700000,86.63,86.65,86.6,86.64,1293.628
1777128000000,86.64,86.66,86.63,86.64,1679.188
1777128300000,86.63,86.66,86.63,86.64,791.849
1777128600000,86.64,86.64,86.55,86.57,2567.217
1777128900000,86.58,86.58,86.46,86.47,2196.821
1777129200000,86.46,86.48,86.42,86.48,2550.265
1777129500000,86.48,86.55,86.48,86.51,1382.339
1777129800000,86.51,86.59,86.51,86.58,1277.12
1777130100000,86.58,86.58,86.54,86.56,936.905
1777130400000,86.55,86.6,86.55,86.59,1001.963
1777130700000,86.6,86.64,86.59,86.61,2410.124
1777131000000,86.61,86.63,86.58,86.6,2340.866
1777131300000,86.6,86.62,86.57,86.57,1210.094
1777131600000,86.57,86.61,86.53,86.54,1511.4
1777131900000,86.54,86.54,86.35,86.35,3671.804
1777132200000,86.35,86.4,86.1,86.22,10640.608
1777132500000,86.23,86.28,86.18,86.22,5360.198
1777132800000,86.22,86.33,86.18,86.22,6466.526
1777133100000,86.22,86.29,86.15,86.26,2415.656
1777133400000,86.25,86.28,86.2,86.27,3212.105
1777133700000,86.28,86.31,86.21,86.22,1494.059
1777134000000,86.22,86.24,86.18,86.2,2185.016
1777134300000,86.2,86.21,86.06,86.14,7154.608
1777134600000,86.15,86.17,85.97,85.97,16959.035
1777134900000,85.98,85.99,85.61,85.84,25515.795
1777135200000,85.83,85.93,85.8,85.9,11895.415
1777135500000,85.89,85.96,85.87,85.9,5766.884
1777135800000,85.89,85.91,85.85,85.87,4956.707
1777136100000,85.87,85.92,85.85,85.88,2073.772
1777136400000,85.88,85.88,85.82,85.85,4421.082
1777136700000,85.85,85.85,85.75,85.8,5214.506
1777137000000,85.79,85.79,85.73,85.78,5527.557
1777137300000,85.78,85.79,85.71,85.75,7589.948
1777137600000,85.75,85.87,85.75,85.8,5805.728
1777137900000,85.81,85.86,85.68,85.68,4490.288
1777138200000,85.68,85.69,85.6,85.63,9875.705
1777138500000,85.64,85.72,85.63,85.72,4329.651
1777138800000,85.72,85.73,85.68,85.7,1465.416
1777139100000,85.69,85.74,85.68,85.7,2667.632
1777139400000,85.69,85.7,85.65,85.65,5581.946
1777139700000,85.66,85.68,85.55,85.57,8924.045
1777140000000,85.56,85.78,85.55,85.74,6832.12
1777140300000,85.74,85.75,85.67,85.72,6869.84
1777140600000,85.71,85.75,85.67,85.74,7800.052
1777140900000,85.73,85.77,85.72,85.73,8907.895
1777141200000,85.73,85.77,85.53,85.6,69474.077
1777141500000,85.6,85.7,85.59,85.69,6534.74
1777141800000,85.7,85.77,85.69,85.76,3919.119
1777142100000,85.76,85.81,85.75,85.75,8897.761
1777142400000,85.75,85.75,85.69,85.71,4117.975
1777142700000,85.7,85.82,85.7,85.76,3294.524
1777143000000,85.75,85.81,85.74,85.75,2095.55
1777143300000,85.75,85.77,85.68,85.7,3914.851
1777143600000,85.69,85.72,85.65,85.72,3789.491
1777143900000,85.72,85.72,85.64,85.68,2868.67
1777144200000,85.68,85.7,85.63,85.66,6560.577
1777144500000,85.66,85.67,85.61,85.65,4334.644
1777144800000,85.65,85.72,85.55,85.69,13362.398
1777145100000,85.69,85.7,85.58,85.61,3199.517
1777145400000,85.6,85.63,85.57,85.62,3380.074
1777145700000,85.62,85.65,85.6,85.63,2984.053
1777146000000,85.64,85.64,85.58,85.6,1865.881
1777146300000,85.59,85.62,85.58,85.62,1714.745
1777146600000,85.62,85.68,85.61,85.68,566.405
1777146900000,85.68,85.71,85.67,85.68,2457.074
1777147200000,85.68,85.72,85.61,85.62,1879.557
1777147500000,85.63,85.72,85.61,85.72,722.721
1777147800000,85.72,85.74,85.71,85.74,908.651
1777148100000,85.74,85.77,85.71,85.76,963.671
1777148400000,85.76,85.84,85.76,85.81,1212.981
1777148700000,85.81,85.81,85.76,85.81,1061.057
1777149000000,85.81,85.81,85.76,85.8,2049.562
1777149300000,85.8,85.86,85.79,85.82,940.02
1777149600000,85.81,85.85,85.81,85.83,767.425
1777149900000,85.84,85.88,85.83,85.84,4410.569
1777150200000,85.84,85.86,85.8,85.85,1555.304
1777150500000,85.85,85.92,85.84,85.9,2577.586
1777150800000,85.9,86.01,85.9,86.0,8805.275
1777151100000,86.0,86.05,85.98,86.03,4834.87
1777151400000,86.04,86.09,86.01,86.05,6546.668
1777151700000,86.05,86.07,86.04,86.05,7599.717
1777152000000,86.05,86.11,86.04,86.06,5510.084
1777152300000,86.06,86.07,85.95,85.97,4998.388
1777152600000,85.96,85.97,85.86,85.87,4266.501
1777152900000,85.88,85.92,85.84,85.85,7390.802
1777153200000,85.84,85.85,85.74,85.82,5340.829
1777153500000,85.82,85.89,85.78,85.86,1794.945
1777153800000,85.86,85.93,85.86,85.93,1258.888
1777154100000,85.93,85.96,85.88,85.91,1848.934
1777154400000,85.91,85.96,85.86,85.95,2397.515
1777154700000,85.95,86.02,85.95,86.01,1987.373
1777155000000,86.0,86.0,85.97,86.0,1007.922
1777155300000,85.99,86.0,85.97,85.98,977.797
1777155600000,85.98,86.03,85.97,86.03,1390.335
1777155900000,86.02,86.07,86.02,86.04,2316.769
1777156200000,86.05,86.18,86.05,86.17,6520.321
1777156500000,86.17,86.17,86.12,86.13,1506.286
1777156800000,86.13,86.15,86.1,86.15,1641.175
1777157100000,86.14,86.16,86.12,86.13,2411.14
1777157400000,86.13,86.13,86.08,86.11,1782.303
1777157700000,86.11,86.13,86.1,86.11,2697.863
1777158000000,86.11,86.12,86.05,86.11,3488.683
1777158300000,86.11,86.15,86.11,86.12,1152.738
1777158600000,86.13,86.13,86.11,86.12,1285.635
1777158900000,86.12,86.12,86.05,86.1,1755.07
1777159200000,86.11,86.11,86.05,86.1,643.308
1777159500000,86.1,86.1,86.04,86.07,1039.075
1777159800000,86.08,86.14,86.06,86.14,3324.665
1777160100000,86.14,86.15,86.11,86.11,1928.684
1777160400000,86.12,86.2,86.12,86.15,2048.678
1777160700000,86.15,86.18,86.14,86.15,814.377
1777161000000,86.15,86.16,86.14,86.15,2205.425
1777161300000,86.15,86.19,86.13,86.18,977.025
1777161600000,86.19,86.22,86.15,86.16,2985.215
1777161900000,86.16,86.17,86.05,86.12,2660.773
1777162200000,86.11,86.14,86.08,86.12,1650.701
1777162500000,86.12,86.14,86.08,86.09,2015.837
1777162800000,86.09,86.1,86.06,86.07,743.606
1777163100000,86.06,86.07,86.05,86.06,851.891
1777163400000,86.06,86.1,86.02,86.1,2607.373
1777163700000,86.1,86.12,86.08,86.1,979.643
1777164000000,86.11,86.13,86.09,86.12,1397.755
1777164300000,86.12,86.15,86.11,86.12,736.899
1777164600000,86.11,86.12,86.04,86.05,1204.425
1777164900000,86.04,86.05,85.93,86.03,3548.801
1777165200000,86.03,86.05,86.01,86.03,1378.034
1777165500000,86.04,86.08,86.02,86.05,2821.326
1777165800000,86.04,86.05,86.02,86.04,1060.022
1777166100000,86.04,86.07,86.01,86.01,900.255
1777166400000,86.01,86.05,86.0,86.01,1121.248
1777166700000,86.02,86.05,85.98,85.99,3362.708
1777167000000,85.99,86.04,85.98,86.04,1789.231
1777167300000,86.03,86.06,86.03,86.05,564.157
1777167600000,86.06,86.08,86.02,86.08,2765.581
1777167900000,86.07,86.07,86.01,86.04,1534.885
1777168200000,86.03,86.13,86.03,86.1,1628.283
1777168500000,86.09,86.09,85.97,85.97,1331.44
1777168800000,85.97,86.05,85.97,86.05,1267.741
1777169100000,86.04,86.09,86.04,86.09,2047.732
1777169400000,86.09,86.17,86.08,86.17,1053.409
1777169700000,86.17,86.26,86.17,86.18,3193.561
1777170000000,86.19,86.24,86.17,86.23,3917.605
1777170300000,86.24,86.29,86.24,86.27,3334.399
1777170600000,86.28,86.32,86.27,86.3,1280.236
1777170900000,86.29,86.3,86.21,86.29,4310.69
1777171200000,86.28,86.29,86.25,86.26,1348.274
1777171500000,86.26,86.26,86.18,86.2,1129.845
1777171800000,86.19,86.32,86.19,86.28,4011.265
1777172100000,86.28,86.4,86.23,86.4,14530.91
1777172400000,86.4,86.46,86.18,86.23,13973.503
1777172700000,86.23,86.27,86.22,86.26,1165.29
1777173000000,86.27,86.3,86.26,86.29,1243.764
1777173300000,86.3,86.34,86.29,86.29,12436.763
1777173600000,86.29,86.3,86.19,86.19,1766.88
1777173900000,86.19,86.19,86.03,86.04,11161.242
1777174200000,86.03,86.11,85.86,85.97,21012.964
1777174500000,85.97,85.97,85.84,85.89,7829.272
1777174800000,85.89,85.91,85.87,85.88,2347.23
1777175100000,85.88,85.93,85.86,85.91,753.611
1777175400000,85.91,85.94,85.9,85.93,1594.559
1777175700000,85.93,86.01,85.92,85.99,4242.824
1777176000000,85.99,86.04,85.92,86.0,9957.062
1777176300000,86.0,86.07,85.99,86.07,3611.241
1777176600000,86.07,86.15,86.06,86.09,2125.835
1777176900000,86.09,86.12,86.09,86.12,1549.009
1777177200000,86.12,86.12,86.1,86.12,554.29
1777177500000,86.11,86.13,86.08,86.13,3874.592
1777177800000,86.13,86.19,86.11,86.19,2047.028
1777178100000,86.19,86.24,86.18,86.22,3087.657
1777178400000,86.22,86.4,86.21,86.33,7395.284
1777178700000,86.33,86.69,86.33,86.59,18632.804
1777179000000,86.59,86.73,86.49,86.52,36347.47
1777179300000,86.53,86.55,86.44,86.45,5485.289
1777179600000,86.44,86.46,86.32,86.33,7522.746
1777179900000,86.32,86.46,86.15,86.45,11547.767
1777180200000,86.45,86.62,86.36,86.54,13799.388
1777180500000,86.55,86.65,86.51,86.65,21873.324
1777180800000,86.64,86.7,86.55,86.55,8099.703
1777181100000,86.55,86.68,86.53,86.57,10821.646
1777181400000,86.58,86.66,86.53,86.57,5479.771
1777181700000,86.58,86.58,86.43,86.45,15824.48
1777182000000,86.45,86.53,86.44,86.47,34671.865
1777182300000,86.47,86.48,86.39,86.46,2187.537
1777182600000,86.46,86.46,86.39,86.4,2144.458
1777182900000,86.4,86.46,86.38,86.45,8948.894
1777183200000,86.44,86.58,86.44,86.54,2770.511
1777183500000,86.55,86.55,86.48,86.49,1854.932
1777183800000,86.49,86.55,86.48,86.51,1638.433
1777184100000,86.52,86.53,86.44,86.44,1382.448
1777184400000,86.45,86.46,86.41,86.42,1648.992
1777184700000,86.42,86.43,86.38,86.4,1304.41
1777185000000,86.4,86.42,86.39,86.41,1148.719
1777185300000,86.41,86.48,86.41,86.47,758.9
1777185600000,86.48,86.59,86.48,86.52,3414.083
1777185900000,86.52,86.53,86.46,86.47,1449.728
1777186200000,86.47,86.5,86.4,86.49,4459.6
1777186500000,86.48,86.5,86.45,86.5,791.996
1777186800000,86.5,86.51,86.45,86.45,2028.071
1777187100000,86.46,86.49,86.45,86.47,2157.959
1777187400000,86.47,86.5,86.46,86.5,1266.02
1777187700000,86.5,86.55,86.5,86.52,2613.519
1777188000000,86.53,86.55,86.48,86.5,1743.137
1777188300000,86.5,86.52,86.49,86.51,829.248
1777188600000,86.51,86.52,86.46,86.47,2364.63
1777188900000,86.46,86.48,86.45,86.45,1286.301
1777189200000,86.45,86.46,86.44,86.45,1383.16
1777189500000,86.45,86.48,86.45,86.48,908.875
1777189800000,86.48,86.6,86.47,86.6,4617.995
1777190100000,86.6,86.63,86.58,86.62,1693.943
1777190400000,86.63,86.7,86.62,86.65,4864.94
1777190700000,86.65,86.67,86.57,86.59,2577.082
1777191000000,86.59,86.59,86.53,86.59,2691.225
1777191300000,86.58,86.59,86.53,86.54,1439.886
1777191600000,86.54,86.56,86.51,86.55,2133.14
1777191900000,86.55,86.58,86.55,86.58,1317.057
1777192200000,86.58,86.68,86.56,86.68,4449.688
1777192500000,86.67,86.76,86.65,86.65,9316.581
1777192800000,86.66,86.66,86.53,86.59,2936.355
1777193100000,86.59,86.59,86.55,86.55,1610.736
1777193400000,86.55,86.63,86.55,86.63,2895.608
1777193700000,86.63,86.63,86.56,86.57,1699.37
1777194000000,86.57,86.59,86.52,86.55,2555.293
1777194300000,86.55,86.57,86.49,86.5,3579.997
1777194600000,86.5,86.53,86.49,86.52,1285.604
1777194900000,86.53,86.54,86.5,86.51,1134.557
1777195200000,86.51,86.55,86.5,86.55,681.678
1777195500000,86.54,86.59,86.53,86.53,1756.068
1777195800000,86.53,86.55,86.51,86.52,1986.659
1777196100000,86.52,86.52,86.46,86.47,2765.356
1777196400000,86.46,86.52,86.46,86.5,2025.868
1777196700000,86.5,86.52,86.48,86.51,1000.505
1777197000000,86.51,86.55,86.5,86.53,839.892
1777197300000,86.54,86.56,86.51,86.55,2223.48
1777197600000,86.54,86.54,86.5,86.51,1677.75
1777197900000,86.51,86.6,86.51,86.56,1392.423
1777198200000,86.56,86.6,86.56,86.58,920.915
1777198500000,86.58,86.6,86.58,86.58,1242.85
1777198800000,86.59,86.6,86.57,86.59,3063.935
1777199100000,86.59,86.61,86.56,86.56,1819.443
1777199400000,86.56,86.57,86.55,86.55,982.367
1777199700000,86.56,86.58,86.53,86.54,973.806
1777200000000,86.53,86.54,86.47,86.47,5416.366
1777200300000,86.48,86.5,86.44,86.49,11957.256
1777200600000,86.5,86.5,86.42,86.44,2655.948
1777200900000,86.44,86.48,86.43,86.48,1114.811
1777201200000,86.47,86.56,86.47,86.51,3075.465
1777201500000,86.51,86.54,86.49,86.51,1407.14
1777201800000,86.52,86.58,86.49,86.52,2403.108
1777202100000,86.53,86.53,86.49,86.53,1331.029
1777202400000,86.53,86.61,86.47,86.6,3537.818
1777202700000,86.61,86.64,86.56,86.57,1245.454
1777203000000,86.57,86.59,86.49,86.55,4650.434
1777203300000,86.55,86.55,86.49,86.5,1935.517
1777203600000,86.5,86.54,86.48,86.49,3020.33
1777203900000,86.49,86.5,86.46,86.5,2096.776
1777204200000,86.5,86.53,86.5,86.52,1232.624
1777204500000,86.52,86.54,86.48,86.48,3818.997
1777204800000,86.49,86.49,86.4,86.4,5333.491
1777205100000,86.41,86.43,86.37,86.39,6191.617
1777205400000,86.39,86.39,86.25,86.27,4911.711
1777205700000,86.26,86.28,86.22,86.27,4623.879
1777206000000,86.27,86.29,86.2,86.23,7236.036
1777206300000,86.24,86.3,86.19,86.24,6292.764
1777206600000,86.24,86.24,86.2,86.2,1621.424
1777206900000,86.2,86.31,86.19,86.31,12519.772
1777207200000,86.3,86.31,86.16,86.16,3440.796
1777207500000,86.16,86.2,85.9,86.11,44950.684
1777207800000,86.11,86.13,86.07,86.09,5483.519
1777208100000,86.09,86.14,86.06,86.09,6459.784
1777208400000,86.09,86.1,86.01,86.04,6716.849
1777208700000,86.03,86.13,86.02,86.13,4380.919
1777209000000,86.13,86.15,86.1,86.11,3255.794
1777209300000,86.11,86.14,85.99,86.03,7997.467
1777209600000,86.03,86.08,86.02,86.05,4470.906
1777209900000,86.06,86.06,85.97,86.06,5550.08
1777210200000,86.05,86.22,86.05,86.21,6943.359
1777210500000,86.21,86.27,86.06,86.14,28082.505
1777210800000,86.14,86.16,86.07,86.09,6393.765
1777211100000,86.1,86.1,85.99,86.02,10604.443
1777211400000,86.02,86.2,85.97,86.11,9921.345
1777211700000,86.11,86.13,86.05,86.12,2686.183
1777212000000,86.12,86.12,86.06,86.11,1597.935
1777212300000,86.1,86.17,86.08,86.15,1383.183
1777212600000,86.16,86.16,86.11,86.15,1264.584
1777212900000,86.15,86.32,86.13,86.27,3788.661
1777213200000,86.26,86.48,86.26,86.35,13769.396
1777213500000,86.35,86.4,86.32,86.39,3593.405
1777213800000,86.4,86.41,86.31,86.4,2242.804
1777214100000,86.41,86.43,86.35,86.43,3371.225
1777214400000,86.43,86.5,86.38,86.39,11781.863
1777214700000,86.38,86.4,86.35,86.39,4045.449
1777215000000,86.4,86.5,86.4,86.46,8172.014
1777215300000,86.47,86.48,86.41,86.42,4986.527
1777215600000,86.42,86.49,86.42,86.44,5004.684
1777215900000,86.45,86.45,86.36,86.43,6483.231
1777216200000,86.44,86.45,86.43,86.45,4561.192
1777216500000,86.45,86.51,86.44,86.5,5797.664
1777216800000,86.5,86.54,86.45,86.46,10000.23
1777217100000,86.45,86.59,86.45,86.58,3765.717
1777217400000,86.58,86.59,86.49,86.5,2882.139
1777217700000,86.51,86.55,86.5,86.55,2671.645
1777218000000,86.54,86.54,86.5,86.51,1936.697
1777218300000,86.51,86.53,86.43,86.44,9990.945
1777218600000,86.43,86.55,86.43,86.55,1811.853
1777218900000,86.55,86.57,86.5,86.56,3307.934
1777219200000,86.55,86.58,86.51,86.56,4158.063
1777219500000,86.55,86.58,86.52,86.53,4536.368
1777219800000,86.53,86.55,86.47,86.47,2845.88
1777220100000,86.48,86.51,86.46,86.51,1816.469
1777220400000,86.5,86.54,86.48,86.53,1088.593
1777220700000,86.53,86.54,86.49,86.5,3299.448
1777221000000,86.51,86.6,86.49,86.56,4385.621
1777221300000,86.56,86.58,86.51,86.52,2194.666
1777221600000,86.52,86.55,86.45,86.46,6034.25
1777221900000,86.45,86.49,86.38,86.47,3045.832
1777222200000,86.47,86.5,86.47,86.49,1213.401
1777222500000,86.49,86.5,86.41,86.41,1721.114
1777222800000,86.42,86.42,86.27,86.38,3830.35
1777223100000,86.37,86.46,86.37,86.44,1381.548
1777223400000,86.45,86.48,86.44,86.46,738.227
1777223700000,86.47,86.5,86.45,86.48,2019.47
1777224000000,86.49,86.54,86.47,86.53,2732.148
1777224300000,86.53,86.59,86.52,86.53,2163.437
1777224600000,86.53,86.53,86.4,86.43,2768.039
1777224900000,86.44,86.44,86.4,86.42,956.607
1777225200000,86.41,86.48,86.41,86.47,874.379
1777225500000,86.47,86.56,86.45,86.53,1138.521
1777225800000,86.54,86.58,86.53,86.54,2242.215
1777226100000,86.54,86.56,86.53,86.53,1542.816
1777226400000,86.53,86.54,86.46,86.47,993.622
1777226700000,86.46,86.57,86.43,86.56,4090.856
1777227000000,86.55,86.74,86.49,86.69,17836.291
1777227300000,86.69,86.99,86.69,86.83,30870.222
1777227600000,86.83,86.89,86.8,86.87,2937.264
1777227900000,86.87,86.89,86.69,86.74,4543.396
1777228200000,86.74,86.79,86.7,86.7,3686.327
1777228500000,86.7,86.73,86.67,86.67,1709.339
1777228800000,86.68,86.75,86.67,86.75,1274.345
1777229100000,86.75,86.88,86.71,86.86,4434.136
1777229400000,86.85,86.88,86.84,86.84,4718.397
1777229700000,86.85,86.86,86.81,86.82,5296.732
1777230000000,86.82,86.85,86.78,86.8,2001.902
1777230300000,86.81,86.84,86.78,86.84,1148.232
1777230600000,86.85,86.95,86.83,86.91,8826.953
1777230900000,86.91,87.2,86.91,87.02,29610.835
1777231200000,87.03,87.06,86.85,86.85,4800.607
1777231500000,86.85,86.9,86.68,86.79,4501.902
1777231800000,86.8,86.8,86.7,86.79,4504.187
1777232100000,86.79,86.86,86.72,86.76,3687.142
1777232400000,86.76,86.84,86.76,86.82,2197.644
1777232700000,86.82,86.85,86.81,86.85,631.084
1777233000000,86.86,86.93,86.85,86.92,1694.697
1777233300000,86.93,86.97,86.88,86.88,1324.384
1777233600000,86.89,86.94,86.84,86.88,3390.117
1777233900000,86.88,86.92,86.85,86.85,1553.067
1777234200000,86.85,86.85,86.73,86.74,1510.583
1777234500000,86.75,86.8,86.74,86.77,1407.416
1777234800000,86.77,86.81,86.77,86.79,1726.14
1777235100000,86.79,86.85,86.78,86.79,4201.665
1777235400000,86.78,86.87,86.77,86.8,10487.151
1777235700000,86.8,86.83,86.6,86.8,8852.076
1777236000000,86.79,86.79,86.74,86.78,1377.577
1777236300000,86.78,86.84,86.75,86.8,1998.399
1777236600000,86.8,86.81,86.76,86.76,1021.024
1777236900000,86.75,86.76,86.68,86.68,2297.863
1777237200000,86.69,86.84,86.67,86.83,7434.259
1777237500000,86.84,86.88,86.82,86.88,2991.134
1777237800000,86.87,87.02,86.87,87.0,9977.736
1777238100000,87.01,87.14,86.8,86.82,21844.333
1777238400000,86.83,86.88,86.82,86.87,1533.382
1777238700000,86.87,86.96,86.81,86.81,14018.427
1777239000000,86.81,86.82,86.44,86.49,16876.501
1777239300000,86.48,86.54,86.41,86.47,8699.932
1777239600000,86.46,86.51,86.39,86.45,10656.882
1777239900000,86.45,86.45,86.19,86.36,15789.992
1777240200000,86.36,86.6,86.21,86.6,9303.447
1777240500000,86.6,86.98,86.56,86.83,30711.078
1777240800000,86.82,87.08,86.77,86.82,11824.857
1777241100000,86.82,87.06,86.74,86.99,8961.721
1777241400000,86.99,87.0,86.88,86.99,4292.861
1777241700000,86.99,87.32,86.98,87.13,19460.191
1777242000000,87.13,87.15,87.0,87.08,7568.562
1777242300000,87.08,87.08,86.85,86.88,6596.696
1777242600000,86.88,86.88,86.33,86.44,14002.707
1777242900000,86.43,86.56,86.37,86.52,17825.531
1777243200000,86.52,86.61,86.48,86.59,2583.402
1777243500000,86.6,86.85,86.59,86.82,5476.963
1777243800000,86.81,86.83,86.73,86.78,3826.86
1777244100000,86.77,86.77,86.69,86.73,2671.853
1777244400000,86.73,86.76,86.66,86.67,2738.491
1777244700000,86.66,86.71,86.61,86.65,2157.313
1777245000000,86.66,86.76,86.65,86.72,2692.534
1777245300000,86.71,86.74,86.64,86.66,1067.535
1777245600000,86.67,86.89,86.67,86.84,3640.642
1777245900000,86.84,86.89,86.63,86.64,2276.485
1777246200000,86.64,86.79,86.53,86.72,17539.161
1777246500000,86.71,86.81,86.67,86.76,3446.231
1777246800000,86.76,87.0,86.75,86.99,8373.78
1777247100000,86.99,87.17,86.95,87.05,8399.805
1777247400000,87.06,87.15,86.94,86.96,6243.105
1777247700000,86.96,86.97,86.91,86.93,1408.363
1777248000000,86.93,87.19,86.92,87.12,7028.476
1777248300000,87.11,87.16,86.99,87.01,7216.902
1777248600000,87.01,87.06,86.82,86.84,6489.138
1777248900000,86.84,86.87,86.77,86.86,4756.656
1777249200000,86.87,86.89,86.73,86.77,4551.316
1777249500000,86.77,86.78,86.62,86.72,9701.93
1777249800000,86.71,86.72,86.56,86.59,67045.032
1777250100000,86.58,86.8,86.53,86.79,21464.532
1777250400000,86.79,87.0,86.79,86.93,8551.688
1777250700000,86.93,87.13,86.93,86.99,6494.512
1777251000000,86.99,87.11,86.76,87.07,163777.299
1777251300000,87.07,87.4,86.97,87.35,142451.217
1777251600000,87.34,87.85,87.34,87.62,42939.425
1777251900000,87.62,87.73,87.43,87.44,10254.701
1777252200000,87.44,87.52,87.42,87.45,9811.82
1777252500000,87.45,87.63,87.31,87.32,37219.296
1777252800000,87.32,87.54,87.32,87.42,11646.461
1777253100000,87.42,87.48,87.25,87.42,8425.046
1777253400000,87.42,87.51,87.35,87.39,6341.373
1777253700000,87.4,87.68,87.38,87.61,6696.018
1777254000000,87.61,87.7,87.51,87.6,6870.357
1777254300000,87.59,87.87,87.59,87.83,21091.552
1777254600000,87.83,87.86,87.76,87.8,6273.132
1777254900000,87.79,87.82,87.67,87.82,5551.301
1777255200000,87.82,87.89,87.69,87.76,6133.757
1777255500000,87.75,87.76,87.59,87.63,9117.076
1777255800000,87.63,87.66,87.44,87.48,9046.077
1777256100000,87.48,87.62,87.44,87.5,7074.078
1777256400000,87.5,87.52,87.46,87.47,3376.022
1777256700000,87.47,87.56,87.36,87.55,6672.367
1777257000000,87.56,87.81,87.56,87.62,6837.862
1777257300000,87.61,87.72,87.61,87.65,5954.683
1777257600000,87.65,87.68,87.55,87.6,2821.799
1777257900000,87.6,87.69,87.59,87.68,3412.168
1777258200000,87.67,88.03,87.63,87.98,29882.266
1777258500000,87.99,88.08,87.8,87.81,17558.217
1777258800000,87.81,87.91,87.74,87.8,5982.363
1777259100000,87.81,87.85,87.74,87.85,3769.257
1777259400000,87.85,88.05,87.84,87.98,7197.567
1777259700000,87.97,88.04,87.84,87.95,8498.137
1777260000000,87.94,88.03,87.94,87.99,5088.515
1777260300000,87.98,88.0,87.91,88.0,13065.134
1777260600000,88.0,88.07,87.9,87.92,4755.965
1777260900000,87.92,87.94,87.82,87.85,5538.401
1777261200000,87.85,88.02,87.84,88.02,3807.606
1777261500000,88.02,88.02,87.85,87.93,5047.745
1777261800000,87.93,87.95,87.81,87.82,4187.387
1777262100000,87.81,87.83,87.69,87.72,4334.269
1777262400000,87.72,87.78,87.67,87.74,7318.19
1777262700000,87.73,87.74,87.62,87.7,3965.879
1777263000000,87.7,87.71,87.61,87.67,1747.926
1777263300000,87.66,87.69,87.56,87.62,4049.368
1777263600000,87.61,87.66,87.58,87.63,4467.986
1777263900000,87.63,87.8,87.63,87.8,3919.248
1777264200000,87.79,87.84,87.63,87.63,5017.072
1777264500000,87.63,87.77,87.63,87.69,3744.368
1777264800000,87.69,87.7,87.64,87.66,2227.423
1777265100000,87.65,87.68,87.56,87.57,3988.703
1777265400000,87.56,87.58,87.5,87.55,5796.38
1777265700000,87.55,87.55,87.41,87.51,4302.868
1777266000000,87.52,87.54,87.26,87.27,4896.091
1777266300000,87.26,87.26,86.95,87.07,37614.762
1777266600000,87.08,87.11,86.77,86.78,30058.134
1777266900000,86.79,86.8,86.26,86.47,59426.586
1777267200000,86.47,86.5,86.0,86.3,48287.038
1777267500000,86.31,86.32,86.14,86.16,16826.977
1777267800000,86.15,86.15,86.02,86.06,23698.211
1777268100000,86.07,86.07,85.81,86.02,37990.917
1777268400000,86.01,86.05,85.94,86.0,13283.581
1777268700000,86.0,86.0,85.8,85.87,28673.389
1777269000000,85.87,85.95,85.8,85.94,17678.974
1777269300000,85.94,86.02,85.89,85.95,15620.779
1777269600000,85.95,85.95,85.73,85.78,16827.979
1777269900000,85.77,85.93,85.68,85.93,14183.311
1777270200000,85.93,85.95,85.84,85.85,5386.48
1777270500000,85.84,86.01,85.8,86.01,10062.734
1777270800000,86.0,86.06,85.99,86.03,12065.97
1777271100000,86.03,86.03,85.91,85.91,11276.416
1777271400000,85.9,85.9,85.42,85.59,40121.534
1777271700000,85.59,85.65,85.5,85.59,7013.239
1777272000000,85.6,85.69,85.57,85.68,8362.944
1777272300000,85.68,85.76,85.62,85.7,7765.123
1777272600000,85.71,85.79,85.65,85.78,5220.431
1777272900000,85.78,85.82,85.71,85.72,4802.699
1777273200000,85.72,85.79,85.69,85.7,3462.981
1777273500000,85.7,85.7,85.6,85.62,3531.438
1777273800000,85.61,85.63,85.57,85.6,10292.462
1777274100000,85.61,85.66,85.46,85.6,17822.391
1777274400000,85.6,85.61,85.5,85.53,16797.771
1777274700000,85.53,85.65,85.47,85.56,22852.058
1777275000000,85.56,85.56,85.44,85.49,6483.209
1777275300000,85.49,85.49,85.35,85.42,13442.159
1777275600000,85.41,85.47,85.38,85.47,4013.718
1777275900000,85.46,85.5,85.43,85.48,11998.903
1777276200000,85.47,85.56,85.47,85.48,9856.868
1777276500000,85.48,85.53,85.26,85.27,10935.534
1777276800000,85.27,85.36,85.17,85.35,27284.466
1777277100000,85.34,85.38,85.28,85.3,11354.776
1777277400000,85.31,85.38,85.29,85.37,13152.147
1777277700000,85.37,85.42,85.36,85.37,6783.663
1777278000000,85.38,85.38,85.27,85.34,9016.696
1777278300000,85.35,85.37,85.1,85.11,19156.198
1777278600000,85.11,85.24,85.05,85.23,10735.012
1777278900000,85.23,85.3,85.21,85.26,6533.26
1777279200000,85.25,85.27,85.18,85.24,7582.092
1777279500000,85.23,85.36,85.23,85.35,5651.357
1777279800000,85.35,85.41,85.31,85.38,11041.766
1777280100000,85.38,85.53,85.37,85.51,15799.919
1777280400000,85.51,85.56,85.5,85.56,5638.98
1777280700000,85.56,85.6,85.53,85.53,7689.647
1777281000000,85.53,85.61,85.51,85.61,7557.109
1777281300000,85.61,85.63,85.5,85.52,9061.712
1777281600000,85.52,85.57,85.22,85.25,21227.366
1777281900000,85.24,85.35,85.15,85.33,22519.068
1777282200000,85.33,85.52,85.31,85.48,11820.96
1777282500000,85.48,85.48,85.35,85.36,8759.686
1777282800000,85.37,85.49,85.35,85.45,5400.838
1777283100000,85.45,85.53,85.44,85.47,4927.343
1777283400000,85.46,85.6,85.41,85.59,6175.257
1777283700000,85.59,85.63,85.48,85.49,11059.273
1777284000000,85.48,85.52,85.41,85.41,4220.964
1777284300000,85.42,85.46,85.33,85.46,6060.876
1777284600000,85.46,85.49,85.44,85.47,2078.747
1777284900000,85.47,85.58,85.32,85.35,32702.536
1777285200000,85.35,85.37,85.22,85.25,10777.072
1777285500000,85.24,85.25,85.16,85.21,12688.973
1777285800000,85.21,85.41,85.18,85.19,33452.49
1777286100000,85.2,85.22,85.15,85.15,9410.283
1777286400000,85.16,85.22,85.15,85.21,15499.581
1777286700000,85.21,85.23,85.17,85.22,3513.778
1777287000000,85.23,85.28,85.2,85.2,4065.941
1777287300000,85.21,85.22,85.18,85.18,2654.396
1777287600000,85.19,85.2,85.08,85.1,8584.693
1777287900000,85.1,85.16,85.07,85.09,4723.027
1777288200000,85.09,85.16,85.07,85.12,6320.495
1777288500000,85.12,85.18,85.11,85.17,3038.776
1777288800000,85.17,85.24,85.17,85.24,4319.501
1777289100000,85.24,85.28,85.21,85.21,2458.401
1777289400000,85.22,85.27,85.21,85.22,3390.953
1777289700000,85.21,85.23,85.15,85.2,4595.758
1777290000000,85.2,85.27,85.19,85.23,2810.038
1777290300000,85.23,85.24,85.22,85.23,1840.147
1777290600000,85.23,85.25,85.22,85.22,3031.753
1777290900000,85.23,85.27,85.22,85.26,2491.943
1777291200000,85.26,85.26,85.13,85.15,5511.278
1777291500000,85.15,85.17,85.12,85.15,3998.146
1777291800000,85.15,85.22,85.13,85.14,5219.264
1777292100000,85.15,85.21,85.14,85.16,3396.037
1777292400000,85.17,85.18,85.08,85.09,8561.141
1777292700000,85.1,85.13,85.05,85.08,10434.912
1777293000000,85.08,85.1,85.05,85.05,4108.351
1777293300000,85.05,85.13,84.91,84.95,26476.312
1777293600000,84.95,85.1,84.95,85.07,5227.045
1777293900000,85.06,85.19,85.01,85.17,7487.21
1777294200000,85.17,85.23,85.08,85.1,9809.067
1777294500000,85.09,85.12,85.05,85.09,4595.756
1777294800000,85.09,85.18,85.04,85.1,7376.253
1777295100000,85.11,85.14,85.07,85.14,4559.026
1777295400000,85.14,85.19,85.1,85.13,5917.827
1777295700000,85.13,85.22,85.1,85.19,5918.609
1777296000000,85.2,85.25,85.19,85.24,3836.125
1777296300000,85.23,85.23,85.12,85.2,4288.925
1777296600000,85.21,85.27,85.1,85.17,6516.367
1777296900000,85.17,85.31,85.14,85.29,6073.825
1777297200000,85.29,85.38,85.14,85.24,8325.203
1777297500000,85.23,85.26,84.8,84.82,26955.684
1777297800000,84.82,85.13,84.72,85.13,18130.23
1777298100000,85.13,85.22,85.09,85.13,9606.792
1777298400000,85.13,85.21,85.07,85.1,5040.497
1777298700000,85.09,85.26,85.02,85.04,24230.828
1777299000000,85.04,85.18,85.0,85.18,7329.313
1777299300000,85.17,85.28,85.12,85.26,3693.02
1777299600000,85.26,85.36,85.19,85.34,4975.022
1777299900000,85.35,85.36,85.24,85.28,3403.971
1777300200000,85.28,85.38,85.18,85.37,5419.848
1777300500000,85.37,85.83,85.35,85.7,26359.406
1777300800000,85.7,85.74,85.38,85.57,22142.159
1777301100000,85.56,85.64,85.41,85.61,10794.826
1777301400000,85.61,85.63,85.24,85.35,7548.461
1777301700000,85.34,85.35,85.18,85.23,7994.112
1777302000000,85.23,85.24,84.51,84.64,37785.753
1777302300000,84.65,84.93,84.59,84.81,17516.424
1777302600000,84.81,84.9,84.71,84.76,7527.44
1777302900000,84.76,84.76,84.17,84.2,39457.947
1777303200000,84.21,84.3,83.63,83.86,65833.262
1777303500000,83.87,84.17,83.72,84.17,31661.847
1777303800000,84.18,84.33,84.13,84.28,28760.255
1777304100000,84.27,84.3,84.21,84.29,8290.311
1777304400000,84.29,84.31,84.19,84.2,10518.789
1777304700000,84.2,84.22,84.0,84.0,14783.329
1777305000000,84.0,84.16,83.93,84.16,11531.468
1777305300000,84.17,84.18,84.08,84.17,6572.638
1777305600000,84.17,84.17,84.04,84.15,9750.286
1777305900000,84.15,84.21,84.08,84.2,20740.386
1777306200000,84.2,84.26,84.12,84.25,10760.108
1777306500000,84.25,84.4,84.24,84.34,9711.514
1777306800000,84.34,84.36,84.27,84.28,6249.476
1777307100000,84.27,84.33,84.22,84.23,2945.848
1777307400000,84.23,84.3,84.22,84.23,6822.519
1777307700000,84.22,84.31,84.12,84.26,4208.815
1777308000000,84.26,84.3,84.22,84.28,3613.152
1777308300000,84.28,84.35,84.26,84.31,4529.594
1777308600000,84.31,84.37,84.29,84.31,3201.263
1777308900000,84.31,84.31,84.19,84.29,4840.363
1777309200000,84.28,84.45,84.28,84.42,6773.853
1777309500000,84.41,84.42,84.29,84.34,3025.779
1777309800000,84.34,84.4,84.3,84.35,2890.912
1777310100000,84.35,84.41,84.27,84.34,2973.704
1777310400000,84.34,84.5,84.3,84.49,8091.764
1777310700000,84.49,84.69,84.48,84.55,9387.61
1777311000000,84.54,84.68,84.53,84.65,6041.416
1777311300000,84.64,84.69,84.5,84.53,11099.581
1777311600000,84.54,84.58,84.41,84.54,9466.32
1777311900000,84.55,84.6,84.52,84.53,3658.937
1777312200000,84.54,84.56,84.47,84.53,3895.899
1777312500000,84.53,84.56,84.47,84.47,2341.28
1777312800000,84.47,84.58,84.42,84.51,5098.256
1777313100000,84.51,84.54,84.42,84.43,3403.574
1777313400000,84.43,84.6,84.42,84.59,4494.243
1777313700000,84.59,84.7,84.58,84.6,4748.426
1777314000000,84.6,84.67,84.57,84.61,3025.38
1777314300000,84.6,84.6,84.43,84.47,4193.605
1777314600000,84.47,84.55,84.43,84.51,1792.042
1777314900000,84.51,84.56,84.49,84.55,1118.359
1777315200000,84.55,84.61,84.53,84.61,2447.648
1777315500000,84.61,84.66,84.55,84.62,1953.607
1777315800000,84.62,84.65,84.6,84.63,1623.104
1777316100000,84.62,84.66,84.57,84.57,1154.372
1777316400000,84.57,84.66,84.44,84.48,4593.379
1777316700000,84.48,84.49,84.41,84.47,2081.514
1777317000000,84.47,84.51,84.4,84.48,3846.056
1777317300000,84.48,84.5,84.39,84.39,6317.095
1777317600000,84.39,84.41,84.18,84.19,21312.09
1777317900000,84.19,84.2,84.04,84.05,12026.589
1777318200000,84.06,84.1,83.83,84.09,22479.056
1777318500000,84.09,84.17,84.08,84.14,4219.041
1777318800000,84.14,84.2,84.13,84.2,4205.011
1777319100000,84.2,84.24,84.17,84.23,2703.49
1777319400000,84.24,84.25,84.16,84.18,6595.799
1777319700000,84.18,84.21,84.04,84.19,12848.197
1777320000000,84.18,84.27,84.14,84.27,5363.966
1777320300000,84.26,84.33,84.18,84.22,4838.113
1777320600000,84.22,84.26,84.17,84.19,2624.989
1777320900000,84.19,84.27,84.18,84.26,1279.777
1777321200000,84.25,84.28,84.22,84.27,2489.416
1777321500000,84.28,84.29,84.24,84.28,5476.608
1777321800000,84.29,84.3,84.25,84.26,2979.612
1777322100000,84.26,84.35,84.25,84.29,3647.192
1777322400000,84.29,84.31,84.23,84.29,2930.28
1777322700000,84.29,84.3,84.21,84.21,4737.879
1777323000000,84.22,84.26,84.21,84.21,1796.161
1777323300000,84.22,84.34,84.2,84.29,7434.613
1777323600000,84.28,84.28,84.14,84.16,2349.971
1777323900000,84.16,84.2,84.15,84.19,4403.075
1777324200000,84.2,84.24,84.11,84.22,3467.847
1777324500000,84.22,84.28,84.19,84.21,2409.685
1777324800000,84.2,84.26,84.2,84.21,1439.129
1777325100000,84.21,84.35,84.2,84.32,3085.736
1777325400000,84.33,84.43,84.32,84.43,4387.038
1777325700000,84.42,84.47,84.41,84.43,2844.379
1777326000000,84.44,84.51,84.4,84.46,5666.944
1777326300000,84.46,84.46,84.34,84.39,2823.966
1777326600000,84.4,84.4,84.31,84.31,1725.206
1777326900000,84.32,84.34,84.26,84.27,2373.674
1777327200000,84.27,84.3,84.19,84.24,4727.337
1777327500000,84.24,84.39,84.2,84.34,5633.587
1777327800000,84.34,84.38,84.32,84.36,3124.566
1777328100000,84.36,84.41,84.35,84.35,3134.762
1777328400000,84.36,84.37,84.33,84.36,2521.482
1777328700000,84.36,84.49,84.35,84.49,3271.563
1777329000000,84.49,84.6,84.45,84.45,4486.895
1777329300000,84.46,84.51,84.44,84.49,1733.756
1777329600000,84.49,84.51,84.45,84.49,2120.034
1777329900000,84.49,84.61,84.49,84.58,3202.635
1777330200000,84.58,84.58,84.52,84.55,1443.997
1777330500000,84.56,84.57,84.51,84.54,7782.616
1777330800000,84.53,84.56,84.5,84.52,1610.01
1777331100000,84.52,84.52,84.46,84.46,1466.347
1777331400000,84.47,84.5,84.46,84.47,1431.418
1777331700000,84.48,84.7,84.47,84.59,15581.645
1777332000000,84.58,84.65,84.58,84.59,7110.962
1777332300000,84.59,84.65,84.59,84.64,2757.578
1777332600000,84.64,84.71,84.63,84.7,4263.098
1777332900000,84.7,84.72,84.68,84.71,5803.769
1777333200000,84.7,84.77,84.69,84.75,4502.047
1777333500000,84.75,84.77,84.67,84.71,9997.371
1777333800000,84.71,84.88,84.67,84.87,4898.995
1777334100000,84.88,84.9,84.78,84.82,5472.529
1777334400000,84.82,84.82,84.69,84.7,4811.024
1777334700000,84.69,84.82,84.68,84.81,2999.106
1777335000000,84.81,84.83,84.69,84.73,3498.868
1777335300000,84.73,84.8,84.69,84.69,2252.882
1777335600000,84.7,84.72,84.61,84.62,4123.758
1777335900000,84.63,84.65,84.59,84.62,1821.581
1777336200000,84.63,84.69,84.59,84.61,2784.025
1777336500000,84.61,84.8,84.61,84.75,2804.101
1777336800000,84.76,84.87,84.75,84.84,2894.019
1777337100000,84.83,84.93,84.81,84.87,3162.917
1777337400000,84.88,84.88,84.75,84.83,3674.673
1777337700000,84.84,84.89,84.81,84.83,3635.162
1777338000000,84.82,84.83,84.74,84.81,2369.86
1777338300000,84.81,84.87,84.77,84.78,3375.526
1777338600000,84.79,84.82,84.78,84.81,1375.881
1777338900000,84.8,84.81,84.67,84.68,2223.446
1777339200000,84.68,84.75,84.66,84.66,1800.781
1777339500000,84.66,84.67,84.57,84.62,3846.673
1777339800000,84.62,84.62,84.42,84.43,3612.801
1777340100000,84.43,84.55,84.42,84.54,4077.675
1777340400000,84.55,84.57,84.44,84.46,3086.833
1777340700000,84.47,84.53,84.41,84.46,3555.78
1777341000000,84.46,84.48,84.42,84.46,1315.358
1777341300000,84.46,84.47,84.39,84.4,2715.57
1777341600000,84.4,84.49,84.35,84.45,10756.54
1777341900000,84.45,84.48,84.39,84.4,2477.378
1777342200000,84.41,84.48,84.41,84.45,1329.349
1777342500000,84.46,84.6,84.37,84.57,17349.882
1777342800000,84.58,84.64,84.47,84.5,8511.605
1777343100000,84.49,84.5,84.35,84.36,2578.794
1777343400000,84.35,84.36,84.23,84.29,4930.427
1777343700000,84.29,84.29,84.01,84.01,9771.446
1777344000000,84.01,84.07,83.94,83.94,7546.946
1777344300000,83.95,84.03,83.9,84.01,3639.73
1777344600000,84.02,84.19,84.02,84.16,5596.649
1777344900000,84.16,84.19,84.08,84.18,3444.568
1777345200000,84.17,84.18,84.07,84.09,2854.784
1777345500000,84.09,84.14,84.02,84.09,2721.385
1777345800000,84.1,84.14,84.09,84.13,2034.954
1777346100000,84.13,84.15,84.1,84.1,2422.145
1777346400000,84.11,84.14,84.03,84.04,2926.022
1777346700000,84.04,84.1,84.03,84.07,4642.92
1777347000000,84.07,84.13,84.03,84.11,3147.954
1777347300000,84.11,84.11,84.02,84.09,4243.895
1777347600000,84.08,84.08,84.03,84.06,1237.268
1777347900000,84.05,84.14,84.05,84.13,2692.944
1777348200000,84.12,84.16,84.09,84.16,2366.759
1777348500000,84.15,84.2,84.15,84.17,1034.553
1777348800000,84.18,84.21,84.16,84.16,1631.338
1777349100000,84.16,84.18,84.12,84.17,904.423
1777349400000,84.16,84.25,84.15,84.25,2177.399
1777349700000,84.25,84.43,83.96,83.97,159621.579
1777350000000,83.97,84.06,83.79,83.93,103975.405
1777350300000,83.92,83.95,83.81,83.91,12081.115
1777350600000,83.9,83.96,83.86,83.96,7319.409
1777350900000,83.95,83.96,83.89,83.96,7065.741
1777351200000,83.96,84.04,83.94,83.99,7022.117
1777351500000,83.98,84.1,83.98,84.1,2979.639
1777351800000,84.09,84.14,84.06,84.13,2265.049
1777352100000,84.12,84.13,84.05,84.06,2382.988
1777352400000,84.06,84.16,84.04,84.16,6247.746
1777352700000,84.16,84.27,84.14,84.18,9538.643
1777353000000,84.19,84.22,84.16,84.2,3434.217
1777353300000,84.21,84.21,84.13,84.2,2705.647
1777353600000,84.21,84.28,84.18,84.27,4045.286
1777353900000,84.28,84.43,84.26,84.38,8552.85
1777354200000,84.38,84.43,84.34,84.38,4786.429
1777354500000,84.37,84.38,84.28,84.3,3524.464
1777354800000,84.29,84.29,84.18,84.23,7248.116
1777355100000,84.23,84.3,84.23,84.29,5315.826
1777355400000,84.28,84.38,84.02,84.11,26664.93
1777355700000,84.12,84.24,84.08,84.2,9859.106
1777356000000,84.21,84.25,84.17,84.24,1637.457
1777356300000,84.25,84.31,84.24,84.27,2736.942
1777356600000,84.27,84.31,84.24,84.26,2006.894
1777356900000,84.27,84.27,84.17,84.18,2103.499
1777357200000,84.18,84.2,84.06,84.06,3040.177
1777357500000,84.06,84.22,84.03,84.22,3223.771
1777357800000,84.22,84.26,84.12,84.16,2635.262
1777358100000,84.16,84.17,83.95,84.01,7925.559
1777358400000,84.01,84.02,83.68,83.73,16756.643
1777358700000,83.73,83.99,83.68,83.98,12134.588
1777359000000,83.98,84.11,83.96,83.98,7782.909
1777359300000,83.98,84.01,83.93,83.95,2074.378
1777359600000,83.95,83.98,83.9,83.94,4111.987
1777359900000,83.94,83.97,83.87,83.88,7224.852
1777360200000,83.88,83.9,83.81,83.84,4301.816
1777360500000,83.84,83.85,83.65,83.7,11898.953
1777360800000,83.69,83.85,83.67,83.8,3477.234
1777361100000,83.81,83.82,83.75,83.82,3390.511
1777361400000,83.82,83.93,83.79,83.87,3103.168
1777361700000,83.86,84.0,83.86,83.97,7414.544
1777362000000,83.96,84.03,83.96,83.98,5049.906
1777362300000,83.99,84.01,83.95,83.98,2132.973
1777362600000,83.98,84.05,83.97,84.02,7534.983
1777362900000,84.02,84.06,83.99,84.02,3300.553
1777363200000,84.01,84.02,83.91,83.91,3241.097
1777363500000,83.91,83.96,83.88,83.92,1913.528
1777363800000,83.91,83.98,83.9,83.96,1907.006
1777364100000,83.95,84.15,83.94,84.08,2767.055
1777364400000,84.08,84.12,84.06,84.06,1982.356
1777364700000,84.06,84.16,84.03,84.15,5152.785
1777365000000,84.16,84.19,84.11,84.16,4393.801
1777365300000,84.15,84.15,84.03,84.04,2265.61
1777365600000,84.04,84.05,83.82,83.82,6343.581
1777365900000,83.82,83.88,83.76,83.85,6249.579
1777366200000,83.84,83.88,83.76,83.86,3794.987
1777366500000,83.87,83.96,83.86,83.95,1857.869
1777366800000,83.95,83.97,83.83,83.87,2617.947
1777367100000,83.88,83.94,83.86,83.94,1537.946
1777367400000,83.94,83.94,83.88,83.91,2019.428
1777367700000,83.9,83.97,83.86,83.96,2615.561
1777368000000,83.97,83.97,83.85,83.86,3232.029
1777368300000,83.86,83.92,83.83,83.92,3926.752
1777368600000,83.91,83.91,83.76,83.79,3752.962
1777368900000,83.79,83.82,83.72,83.78,4769.448
1777369200000,83.79,83.79,83.72,83.73,2590.846
1777369500000,83.74,83.75,83.63,83.64,4559.587
1777369800000,83.63,83.68,83.42,83.68,21291.233
1777370100000,83.67,83.7,83.59,83.64,2156.901
1777370400000,83.64,83.79,83.63,83.74,2075.034
1777370700000,83.74,83.75,83.67,83.71,2266.347
1777371000000,83.71,83.72,83.67,83.69,1389.538
1777371300000,83.69,83.76,83.64,83.76,2344.695
1777371600000,83.76,83.78,83.71,83.72,5030.244
1777371900000,83.73,83.75,83.72,83.72,2315.671
1777372200000,83.72,83.81,83.72,83.79,3011.176
1777372500000,83.78,83.78,83.74,83.74,1989.111
1777372800000,83.74,83.8,83.74,83.78,2056.645
1777373100000,83.79,83.81,83.76,83.81,1648.122
1777373400000,83.8,83.82,83.77,83.8,1644.682
1777373700000,83.8,83.82,83.75,83.82,1632.844
1777374000000,83.82,83.85,83.7,83.74,2835.316
1777374300000,83.74,83.76,83.65,83.71,1977.58
1777374600000,83.71,83.72,83.62,83.65,3350.168
1777374900000,83.65,83.68,83.51,83.57,4920.634
1777375200000,83.57,83.69,83.56,83.69,5575.872
1777375500000,83.68,83.71,83.56,83.63,3211.446
1777375800000,83.63,83.65,83.56,83.6,3298.723
1777376100000,83.61,83.62,83.46,83.48,6360.173
1777376400000,83.48,83.58,83.46,83.57,4800.077
1777376700000,83.58,83.58,83.3,83.31,12653.771
1777377000000,83.31,83.39,83.3,83.37,7456.314
1777377300000,83.37,83.44,83.35,83.42,4851.18
1777377600000,83.42,83.46,83.33,83.41,8095.982
1777377900000,83.41,83.5,83.4,83.41,2978.708
1777378200000,83.41,83.51,83.38,83.45,7956.973
1777378500000,83.45,83.47,83.32,83.35,7039.91
1777378800000,83.35,83.59,83.34,83.36,25998.241
1777379100000,83.35,83.35,83.29,83.34,4751.092
1777379400000,83.33,83.41,83.25,83.41,7788.944
1777379700000,83.41,83.49,83.37,83.49,3395.85
1777380000000,83.49,83.65,83.48,83.64,5136.999
1777380300000,83.64,83.73,83.61,83.72,7677.686
1777380600000,83.73,83.74,83.65,83.66,2401.403
1777380900000,83.65,83.7,83.62,83.69,2727.398
1777381200000,83.68,83.69,83.57,83.62,3391.053
1777381500000,83.61,83.61,83.37,83.38,9373.461
1777381800000,83.38,83.45,83.2,83.34,13355.868
1777382100000,83.35,83.36,83.25,83.33,5099.771
1777382400000,83.33,83.41,83.33,83.35,3352.64
1777382700000,83.36,83.55,83.31,83.47,8217.481
1777383000000,83.47,83.5,83.32,83.46,10949.868
1777383300000,83.46,83.71,83.45,83.7,6827.721
1777383600000,83.7,83.8,83.59,83.76,5069.285
1777383900000,83.75,84.0,83.73,83.78,12166.741
1777384200000,83.77,83.77,83.52,83.54,4407.5
1777384500000,83.55,83.6,83.43,83.55,4045.998
1777384800000,83.54,83.54,83.28,83.37,5805.631
1777385100000,83.36,83.5,83.36,83.37,3264.018
1777385400000,83.37,83.39,83.33,83.37,3079.444
1777385700000,83.38,83.45,83.26,83.38,11797.398
1777386000000,83.39,83.45,83.19,83.23,7610.746
1777386300000,83.24,83.26,83.0,83.16,22118.71
1777386600000,83.16,83.31,83.15,83.17,11132.713
1777386900000,83.18,83.18,82.98,83.1,16942.824
1777387200000,83.1,83.22,83.05,83.2,10809.63
1777387500000,83.21,83.24,83.06,83.17,7687.572
1777387800000,83.16,83.25,83.06,83.2,11944.502
1777388100000,83.2,83.41,83.17,83.4,21306.944
1777388400000,83.41,83.49,83.36,83.41,10782.415
1777388700000,83.4,83.43,83.24,83.39,5783.43
1777389000000,83.39,83.43,83.34,83.38,2760.245
1777389300000,83.37,83.45,83.33,83.42,5515.919
1777389600000,83.42,83.49,83.39,83.46,6619.562
1777389900000,83.46,83.49,83.36,83.4,5412.576
1777390200000,83.39,83.39,83.22,83.26,4366.619
1777390500000,83.25,83.38,83.24,83.33,4418.685
1777390800000,83.34,83.46,83.26,83.29,6043.089
1777391100000,83.28,83.38,83.26,83.35,3671.356
1777391400000,83.36,83.51,83.36,83.5,4428.266
1777391700000,83.5,83.5,83.39,83.46,5575.79
1777392000000,83.46,83.53,83.41,83.53,4849.082
1777392300000,83.52,83.53,83.45,83.5,2574.19
1777392600000,83.51,83.57,83.44,83.54,4597.398
1777392900000,83.55,83.55,83.45,83.51,3439.172
1777393200000,83.52,83.66,83.51,83.53,7232.446
1777393500000,83.54,83.57,83.52,83.52,1988.779
1777393800000,83.52,83.57,83.43,83.43,4442.663
1777394100000,83.43,83.44,83.35,83.38,4810.673
1777394400000,83.39,83.45,83.32,83.35,3141.283
1777394700000,83.35,83.44,83.35,83.36,6145.963
1777395000000,83.35,83.69,83.35,83.63,9433.709
1777395300000,83.62,83.66,83.57,83.59,5063.342
1777395600000,83.58,83.65,83.55,83.58,4743.022
1777395900000,83.57,83.59,83.49,83.57,3567.838
1777396200000,83.56,83.56,83.47,83.5,2472.06
1777396500000,83.51,83.52,83.37,83.39,3178.856
1777396800000,83.38,83.52,83.38,83.51,2042.329
1777397100000,83.5,83.55,83.45,83.52,3246.476
1777397400000,83.53,83.67,83.53,83.66,2032.382
1777397700000,83.67,83.81,83.67,83.67,8264.696
1777398000000,83.68,83.74,83.67,83.72,2162.019
1777398300000,83.71,83.74,83.66,83.67,5387.715
1777398600000,83.66,83.69,83.57,83.58,4126.535
1777398900000,83.57,83.65,83.57,83.61,2982.452
1777399200000,83.61,83.7,83.59,83.7,1709.742
1777399500000,83.69,83.75,83.61,83.66,3613.656
1777399800000,83.66,83.7,83.65,83.66,1751.749
1777400100000,83.67,83.77,83.66,83.74,5254.775
1777400400000,83.74,83.79,83.71,83.79,3539.552
1777400700000,83.79,83.83,83.75,83.81,4059.693
1777401000000,83.81,83.83,83.69,83.69,3722.665
1777401300000,83.68,83.74,83.66,83.7,3792.244
1777401600000,83.7,83.7,83.62,83.62,1766.878
1777401900000,83.62,83.65,83.6,83.65,3923.465
1777402200000,83.65,83.72,83.64,83.71,1918.862
1777402500000,83.71,83.81,83.7,83.81,3925.578
1777402800000,83.81,83.82,83.75,83.76,2027.397
1777403100000,83.77,83.83,83.76,83.81,1334.402
1777403400000,83.81,83.81,83.71,83.74,1802.833
1777403700000,83.74,83.78,83.7,83.77,2872.387
1777404000000,83.77,83.81,83.73,83.76,3363.632
1777404300000,83.76,83.8,83.75,83.79,780.321
1777404600000,83.79,83.83,83.78,83.81,1509.837
1777404900000,83.8,83.87,83.8,83.87,2067.62
1777405200000,83.88,83.95,83.83,83.95,2855.037
1777405500000,83.94,84.02,83.91,83.93,5370.859
1777405800000,83.94,84.0,83.88,83.98,6693.404
1777406100000,83.98,84.02,83.88,83.89,3739.041
1777406400000,83.89,83.98,83.87,83.98,4321.493
1777406700000,83.98,83.99,83.84,83.88,2037.952
1777407000000,83.88,83.92,83.87,83.91,1385.436
1777407300000,83.91,83.92,83.87,83.88,2306.427
1777407600000,83.88,83.9,83.87,83.88,1407.139
1777407900000,83.88,83.9,83.83,83.84,1207.784
1777408200000,83.84,83.92,83.78,83.89,4760.832
1777408500000,83.88,83.89,83.82,83.85,2013.36
1777408800000,83.85,83.85,83.81,83.82,2134.488
1777409100000,83.82,83.86,83.81,83.85,1253.982
1777409400000,83.86,83.86,83.83,83.84,1793.876
1777409700000,83.83,83.84,83.79,83.79,3317.211
1777410000000,83.78,83.95,83.78,83.93,8991.698
1777410300000,83.93,83.94,83.81,83.82,3486.006
1777410600000,83.83,83.83,83.73,83.8,3830.905
1777410900000,83.8,83.82,83.77,83.8,2322.267
1777411200000,83.79,83.8,83.76,83.77,1688.432
1777411500000,83.77,83.78,83.71,83.72,1505.539
1777411800000,83.71,83.76,83.71,83.75,1054.774
1777412100000,83.74,83.81,83.73,83.75,3223.327
1777412400000,83.74,83.79,83.7,83.74,3752.375
1777412700000,83.74,83.83,83.7,83.82,2923.016
1777413000000,83.82,83.84,83.62,83.69,4152.245
1777413300000,83.69,83.8,83.68,83.73,2301.866
1777413600000,83.73,83.78,83.72,83.76,4136.604
1777413900000,83.77,83.92,83.76,83.89,6318.504
1777414200000,83.89,83.9,83.69,83.72,4086.16
1777414500000,83.71,83.78,83.71,83.77,4457.483
1777414800000,83.77,83.78,83.72,83.73,1598.214
1777415100000,83.73,83.74,83.66,83.68,8186.026
1777415400000,83.69,83.99,83.58,83.78,30198.066
1777415700000,83.79,83.83,83.71,83.72,3677.79
1777416000000,83.72,83.72,83.67,83.7,2304.93
1777416300000,83.69,83.72,83.68,83.72,1402.795
1777416600000,83.72,83.72,83.67,83.68,813.293
1777416900000,83.68,83.73,83.68,83.72,512.53
1777417200000,83.72,83.83,83.65,83.78,16770.851
1777417500000,83.78,83.83,83.76,83.8,4883.166
1777417800000,83.8,83.83,83.77,83.8,1310.161
1777418100000,83.8,83.84,83.8,83.81,1142.796
1777418400000,83.81,83.84,83.81,83.83,1053.274
1777418700000,83.84,83.85,83.76,83.81,2269.485
1777419000000,83.81,83.86,83.8,83.84,3557.826
1777419300000,83.84,83.95,83.8,83.93,11811.062
1777419600000,83.92,83.99,83.85,83.89,9409.27
1777419900000,83.9,84.0,83.9,84.0,4423.696
1777420200000,83.99,84.15,83.99,84.15,8546.49
1777420500000,84.15,84.15,83.91,84.06,21884.7
1777420800000,84.06,84.13,84.03,84.1,8892.304
1777421100000,84.1,84.19,84.01,84.04,19292.373
1777421400000,84.05,84.06,83.95,84.05,4728.375
1777421700000,84.05,84.05,83.93,84.01,4899.502
1777422000000,84.01,84.01,83.92,83.94,5483.874
1777422300000,83.94,83.94,83.87,83.87,2833.7
1777422600000,83.88,83.94,83.85,83.85,2071.978
1777422900000,83.86,83.88,83.85,83.87,3700.496
1777423200000,83.88,83.96,83.87,83.92,3905.628
1777423500000,83.91,83.93,83.86,83.87,12459.074
1777423800000,83.86,84.12,83.82,84.12,35498.278
1777424100000,84.12,84.17,84.06,84.07,2851.987
1777424400000,84.06,84.11,83.98,84.09,2269.897
1777424700000,84.09,84.09,83.82,83.85,3328.074
1777425000000,83.85,83.95,83.85,83.91,2192.758
1777425300000,83.9,83.96,83.84,83.89,5391.946
1777425600000,83.89,83.91,83.85,83.89,1087.798
1777425900000,83.89,83.9,83.85,83.85,1535.284
1777426200000,83.85,83.87,83.81,83.87,2546.485
1777426500000,83.86,83.94,83.86,83.89,2233.888
1777426800000,83.9,84.0,83.89,83.99,1312.449
1777427100000,84.0,84.21,83.95,84.19,5516.102
1777427400000,84.19,84.22,84.09,84.09,4427.207
1777427700000,84.09,84.12,84.06,84.1,1823.41
1777428000000,84.1,84.21,84.09,84.12,3401.742
1777428300000,84.12,84.22,84.12,84.17,2522.46
1777428600000,84.17,84.19,84.12,84.12,1182.02
1777428900000,84.12,84.19,84.1,84.17,2065.154
1777429200000,84.17,84.17,84.08,84.09,1416.519
1777429500000,84.09,84.14,84.06,84.07,2228.395
1777429800000,84.06,84.08,83.93,83.98,5473.162
1777430100000,83.98,83.99,83.96,83.98,1757.342
1777430400000,83.99,84.01,83.97,83.97,1478.199
1777430700000,83.96,84.03,83.95,84.03,1071.457
1777431000000,84.02,84.08,84.02,84.05,2790.313
1777431300000,84.05,84.06,84.02,84.06,710.866
1777431600000,84.05,84.12,84.05,84.07,7536.386
1777431900000,84.07,84.19,84.06,84.19,6824.138
1777432200000,84.19,84.26,84.19,84.24,1777.377
1777432500000,84.24,84.56,84.21,84.51,13984.88
1777432800000,84.51,84.6,84.51,84.53,9416.605
1777433100000,84.53,84.58,84.5,84.54,2786.496
1777433400000,84.54,84.56,84.4,84.4,5149.481
1777433700000,84.41,84.69,84.4,84.63,9240.969
1777434000000,84.62,84.74,84.55,84.65,5941.431
1777434300000,84.66,84.71,84.54,84.67,6126.495
1777434600000,84.67,84.67,84.56,84.59,1574.508
1777434900000,84.59,84.6,84.56,84.59,949.174
1777435200000,84.6,84.62,84.45,84.48,7928.072
1777435500000,84.49,84.59,84.47,84.59,8991.529
1777435800000,84.58,84.59,84.56,84.56,2683.1
1777436100000,84.57,84.62,84.56,84.61,3654.08
1777436400000,84.61,84.72,84.58,84.64,4543.82
1777436700000,84.65,84.66,84.59,84.62,2839.196
1777437000000,84.63,84.82,84.6,84.79,8377.617
1777437300000,84.79,84.85,84.75,84.79,6751.874
1777437600000,84.8,85.06,84.79,84.89,13983.923
1777437900000,84.89,84.95,84.87,84.91,4357.895
1777438200000,84.91,84.99,84.91,84.94,6399.84
1777438500000,84.95,85.03,84.92,84.95,9049.542
1777438800000,84.96,85.0,84.71,84.77,20035.415
1777439100000,84.77,84.88,84.72,84.83,13805.849
1777439400000,84.83,84.88,84.82,84.84,2159.801
1777439700000,84.84,84.84,84.76,84.83,4004.731
1777440000000,84.82,84.87,84.81,84.86,2446.05
1777440300000,84.86,84.91,84.84,84.9,2288.056
1777440600000,84.9,84.91,84.84,84.85,2986.609
1777440900000,84.84,84.88,84.84,84.87,2962.446
1777441200000,84.87,84.88,84.84,84.85,2146.132
1777441500000,84.86,84.96,84.85,84.92,4768.277
1777441800000,84.92,84.96,84.88,84.9,4730.877
1777442100000,84.9,84.91,84.83,84.85,4417.425
1777442400000,84.84,84.91,84.82,84.88,4586.191
1777442700000,84.88,85.0,84.85,84.88,11919.035
1777443000000,84.88,84.93,84.8,84.81,11373.299
1777443300000,84.81,84.86,84.8,84.85,2068.325
1777443600000,84.86,84.87,84.8,84.8,3107.486
1777443900000,84.81,84.84,84.77,84.83,8546.855
1777444200000,84.83,84.86,84.75,84.77,3167.416
1777444500000,84.78,84.79,84.69,84.75,7791.742
1777444800000,84.75,84.84,84.74,84.74,3191.728
1777445100000,84.75,84.79,84.71,84.72,4064.788
1777445400000,84.72,84.72,84.55,84.56,7827.597
1777445700000,84.57,84.63,84.54,84.63,6660.196
1777446000000,84.63,84.71,84.6,84.67,8145.582
1777446300000,84.67,84.7,84.66,84.66,1018.905
1777446600000,84.65,84.71,84.62,84.7,2311.096
1777446900000,84.7,84.71,84.62,84.63,5615.582
1777447200000,84.63,84.64,84.6,84.64,6895.512
1777447500000,84.64,84.71,84.62,84.65,2151.285
1777447800000,84.64,84.86,84.64,84.77,4175.793
1777448100000,84.77,84.85,84.75,84.76,5627.213
1777448400000,84.76,84.85,84.75,84.8,4559.01
1777448700000,84.8,84.81,84.69,84.75,8914.936
1777449000000,84.75,84.77,84.69,84.71,2350.742
1777449300000,84.72,84.72,84.67,84.71,3709.115
1777449600000,84.71,84.75,84.65,84.66,3295.406
1777449900000,84.66,84.67,84.52,84.55,6762.373
1777450200000,84.55,84.64,84.54,84.61,3868.526
1777450500000,84.6,84.66,84.55,84.66,1933.098
1777450800000,84.66,84.71,84.61,84.65,3481.514
1777451100000,84.65,84.69,84.63,84.63,2051.062
1777451400000,84.62,84.63,84.43,84.45,4160.104
1777451700000,84.45,84.49,84.43,84.48,3724.632
1777452000000,84.47,84.49,84.36,84.47,9045.874
1777452300000,84.47,84.5,84.43,84.45,2616.865
1777452600000,84.45,84.49,84.44,84.48,1882.635
1777452900000,84.48,84.52,84.47,84.52,1703.785
1777453200000,84.51,84.54,84.47,84.51,2614.26
1777453500000,84.52,84.55,84.48,84.51,1620.664
1777453800000,84.51,84.62,84.47,84.61,3376.888
1777454100000,84.62,84.7,84.59,84.7,2744.794
1777454400000,84.7,84.8,84.69,84.76,3483.151
1777454700000,84.75,84.76,84.69,84.73,5302.845
1777455000000,84.72,84.86,84.7,84.83,4915.98
1777455300000,84.83,84.91,84.82,84.87,3940.139
1777455600000,84.87,84.87,84.79,84.85,4285.252
1777455900000,84.84,85.56,84.8,85.37,41883.47
1777456200000,85.37,85.5,85.19,85.4,94175.43
1777456500000,85.41,85.46,83.2,85.29,113544.074
1777456800000,85.3,85.42,85.27,85.35,14221.173
1777457100000,85.35,85.45,85.32,85.42,12153.787
1777457400000,85.41,85.45,85.34,85.44,3955.112
1777457700000,85.44,85.5,85.41,85.47,16364.9
1777458000000,85.48,85.52,85.39,85.42,7623.742
1777458300000,85.42,85.53,85.41,85.53,7133.742
1777458600000,85.53,85.55,85.4,85.43,23909.966
1777458900000,85.42,85.43,85.29,85.32,7332.697
1777459200000,85.32,85.33,85.13,85.16,6412.584
1777459500000,85.15,85.4,85.15,85.34,13761.502
1777459800000,85.35,85.36,85.29,85.3,3594.091
1777460100000,85.29,85.3,85.13,85.14,7210.675
1777460400000,85.14,85.16,84.93,85.16,15499.211
1777460700000,85.16,85.16,85.0,85.02,14234.132
1777461000000,85.02,85.04,84.97,85.03,9966.762
1777461300000,85.03,85.09,85.01,85.02,8651.788
1777461600000,85.02,85.02,84.94,84.96,2845.094
1777461900000,84.96,85.03,84.9,84.9,20043.394
1777462200000,84.91,84.97,84.88,84.96,11390.189
1777462500000,84.97,85.03,84.95,84.96,8259.308
1777462800000,84.96,84.98,84.9,84.92,11924.856
1777463100000,84.91,84.92,84.81,84.81,10952.094
1777463400000,84.82,84.96,84.8,84.94,5720.666
1777463700000,84.95,84.96,84.91,84.91,7543.406
1777464000000,84.91,84.92,84.63,84.65,16930.765
1777464300000,84.65,84.7,84.58,84.58,8429.082
1777464600000,84.58,84.59,84.31,84.34,17014.295
1777464900000,84.34,84.48,84.26,84.43,11555.327
1777465200000,84.44,84.44,83.93,84.24,53395.731
1777465500000,84.23,84.23,84.06,84.15,8097.09
1777465800000,84.15,84.16,83.95,84.03,13177.016
1777466100000,84.03,84.11,84.0,84.1,4670.616
1777466400000,84.1,84.3,84.09,84.16,14742.272
1777466700000,84.15,84.21,84.11,84.15,4963.695
1777467000000,84.14,84.3,84.14,84.23,6224.194
1777467300000,84.24,84.25,84.2,84.24,5387.593
1777467600000,84.24,84.28,84.16,84.16,4977.803
1777467900000,84.16,84.21,84.13,84.16,4785.915
1777468200000,84.16,84.26,84.14,84.25,3246.446
1777468500000,84.25,84.28,84.16,84.16,3703.698
1777468800000,84.16,84.19,83.97,83.97,11532.195
1777469100000,83.98,84.04,83.93,84.02,6431.223
1777469400000,84.01,84.11,83.79,83.8,16634.055
1777469700000,83.8,84.0,83.68,83.85,19285.943
1777470000000,83.85,83.95,83.82,83.82,11239.464
1777470300000,83.82,83.89,83.65,83.85,14146.248
1777470600000,83.85,84.03,83.84,83.99,8532.516
1777470900000,83.99,84.06,83.98,84.0,4616.811
1777471200000,84.01,84.01,83.8,83.88,9430.622
1777471500000,83.88,83.89,83.72,83.75,9619.401
1777471800000,83.75,83.84,83.65,83.8,6329.325
1777472100000,83.8,83.9,83.7,83.82,4568.039
1777472400000,83.82,83.92,83.78,83.92,4046.932
1777472700000,83.91,84.05,83.91,83.96,9515.439
1777473000000,83.96,83.96,83.77,83.89,13574.125
1777473300000,83.9,84.05,83.86,83.89,10271.086
1777473600000,83.88,83.92,83.81,83.91,4479.958
1777473900000,83.91,83.94,83.85,83.88,4077.753
1777474200000,83.87,83.92,83.72,83.89,7028.037
1777474500000,83.89,83.89,83.82,83.85,2241.101
1777474800000,83.85,83.93,83.56,83.56,12477.486
1777475100000,83.56,83.59,83.44,83.48,15195.362
1777475400000,83.48,83.48,83.12,83.27,38194.223
1777475700000,83.26,83.39,83.16,83.34,9459.481
1777476000000,83.34,83.45,83.31,83.42,6214.153
1777476300000,83.42,83.54,83.41,83.5,8284.583
1777476600000,83.49,83.62,83.43,83.49,21852.816
1777476900000,83.49,83.53,83.13,83.23,18777.127
1777477200000,83.23,83.31,83.14,83.14,18386.1
1777477500000,83.15,83.26,83.13,83.23,17454.825
1777477800000,83.24,83.25,83.0,83.08,32943.136
1777478100000,83.09,83.26,83.02,83.26,8354.837
1777478400000,83.25,83.49,83.18,83.49,10908.442
1777478700000,83.48,83.59,83.45,83.58,9292.129
1777479000000,83.58,83.65,83.48,83.48,7716.535
1777479300000,83.49,83.59,83.22,83.26,14897.958
1777479600000,83.26,83.26,83.06,83.13,13596.948
1777479900000,83.13,83.2,83.12,83.17,6387.378
1777480200000,83.16,83.22,83.1,83.11,7484.527
1777480500000,83.12,83.21,83.04,83.21,7677.119
1777480800000,83.21,83.25,83.15,83.19,3835.491
1777481100000,83.18,83.21,83.04,83.05,8963.669
1777481400000,83.04,83.09,82.97,83.07,15458.453
1777481700000,83.07,83.13,83.01,83.13,4720.005
1777482000000,83.14,83.31,83.14,83.25,5463.685
1777482300000,83.26,83.26,83.07,83.08,3516.736
1777482600000,83.08,83.17,83.04,83.13,9598.451
1777482900000,83.14,83.14,83.04,83.05,7733.593
1777483200000,83.05,83.25,83.05,83.09,13105.625
1777483500000,83.08,83.09,82.74,82.89,21357.582
1777483800000,82.89,82.99,82.86,82.96,10532.596
1777484100000,82.96,83.02,82.93,83.01,6567.535
1777484400000,83.02,83.07,82.99,83.07,3665.662
1777484700000,83.06,83.13,82.98,83.06,3638.853
1777485000000,83.06,83.07,82.96,83.02,3163.366
1777485300000,83.02,83.37,82.99,83.36,6018.214
1777485600000,83.36,83.44,82.97,82.98,8862.73
1777485900000,82.97,83.0,81.56,81.68,97523.242
1777486200000,81.68,82.05,81.48,82.01,71016.472
1777486500000,82.0,82.03,81.72,81.72,20458.028
1777486800000,81.71,82.14,81.6,82.09,35326.634
1777487100000,82.09,82.1,81.53,81.76,36423.091
1777487400000,81.75,81.77,81.4,81.65,32660.347
1777487700000,81.64,81.99,81.6,81.97,39007.875
1777488000000,81.96,81.97,81.83,81.83,13595.342
1777488300000,81.83,82.02,81.8,81.96,10436.732
1777488600000,81.97,82.14,81.97,82.09,7963.849
1777488900000,82.09,82.3,82.09,82.3,7812.597
1777489200000,82.3,82.33,82.19,82.27,17334.087
1777489500000,82.27,82.27,82.06,82.08,13567.783
1777489800000,82.09,82.31,82.02,82.31,14550.03
1777490100000,82.3,82.36,82.19,82.29,6522.927
1777490400000,82.29,82.31,82.22,82.3,3480.967
1777490700000,82.31,82.33,82.25,82.27,3637.365
1777491000000,82.27,82.28,82.0,82.08,10684.974
1777491300000,82.07,82.19,82.05,82.13,4484.572
1777491600000,82.13,82.19,82.02,82.09,4832.547
1777491900000,82.08,82.23,82.06,82.17,4995.919
1777492200000,82.16,82.25,82.12,82.24,4019.552
1777492500000,82.24,82.29,82.11,82.19,9903.268
1777492800000,82.2,82.53,82.17,82.42,19009.227
1777493100000,82.41,82.42,82.27,82.31,7106.656
1777493400000,82.31,82.46,82.25,82.26,18978.806
1777493700000,82.27,82.45,82.23,82.45,6015.824
1777494000000,82.45,82.53,82.43,82.48,2063.075
1777494300000,82.48,82.53,82.45,82.53,4020.175
1777494600000,82.53,82.59,82.49,82.56,2518.239
1777494900000,82.57,82.72,82.53,82.63,3352.317
1777495200000,82.64,82.64,82.47,82.6,10186.92
1777495500000,82.6,82.71,82.58,82.65,4283.692
1777495800000,82.65,82.73,82.61,82.72,4291.307
1777496100000,82.71,82.81,82.61,82.62,5455.216
1777496400000,82.62,82.69,82.52,82.59,7887.091
1777496700000,82.59,82.69,82.52,82.64,7020.485
1777497000000,82.65,82.95,82.64,82.84,6796.297
1777497300000,82.83,82.94,82.75,82.88,12663.209
1777497600000,82.88,82.95,82.84,82.91,2099.992
1777497900000,82.91,82.93,82.86,82.92,2520.4
1777498200000,82.92,83.06,82.85,83.03,5363.808
1777498500000,83.03,83.07,83.0,83.01,4471.396
1777498800000,83.01,83.09,83.01,83.05,7075.39
1777499100000,83.05,83.22,83.01,83.06,4112.545
1777499400000,83.05,83.06,82.9,82.95,8173.693
1777499700000,82.96,82.97,82.89,82.91,2965.538
1777500000000,82.91,82.92,82.81,82.88,6483.638
1777500300000,82.88,82.96,82.87,82.9,4106.46
1777500600000,82.91,82.96,82.85,82.96,1862.351
1777500900000,82.96,83.03,82.95,82.98,3776.699
1777501200000,82.98,82.98,82.91,82.92,1743.386
1777501500000,82.91,82.92,82.85,82.88,1908.855
1777501800000,82.88,83.03,82.87,83.01,1474.563
1777502100000,83.02,83.05,83.0,83.05,1193.576
1777502400000,83.04,83.04,83.01,83.03,604.5
1777502700000,83.03,83.12,83.0,83.08,9369.046
1777503000000,83.09,83.13,83.06,83.11,4159.988
1777503300000,83.11,83.12,83.06,83.07,1638.702
1777503600000,83.07,83.07,82.98,82.98,1721.601
1777503900000,82.98,83.05,82.97,83.05,1356.019
1777504200000,83.05,83.08,83.02,83.08,1021.126
1777504500000,83.07,83.08,82.97,82.98,1163.041
1777504800000,82.98,82.98,82.82,82.83,3800.714
1777505100000,82.83,83.05,82.82,83.02,8388.135
1777505400000,83.02,83.09,82.99,83.0,4309.862
1777505700000,83.0,83.0,82.94,82.98,1745.248
1777506000000,82.99,83.04,82.96,83.01,2181.001
1777506300000,83.02,83.1,82.94,83.08,6027.061
1777506600000,83.07,83.11,83.03,83.04,3748.285
1777506900000,83.03,83.06,83.02,83.04,2053.306
1777507200000,83.05,83.25,83.05,83.14,12937.12
1777507500000,83.13,83.3,83.07,83.23,14486.647
1777507800000,83.23,83.27,83.17,83.2,7878.113
1777508100000,83.21,83.22,83.1,83.17,8962.27
1777508400000,83.18,83.22,83.11,83.19,3655.01
1777508700000,83.18,83.35,83.18,83.27,6352.249
1777509000000,83.27,83.61,83.27,83.46,16901.992
1777509300000,83.46,83.83,83.45,83.81,15620.411
1777509600000,83.81,83.89,83.53,83.61,20868.447
1777509900000,83.6,83.98,83.6,83.8,15209.835
1777510200000,83.8,84.01,83.79,83.98,7474.961
1777510500000,83.97,83.99,83.81,83.81,5255.589
1777510800000,83.8,83.89,83.78,83.82,4993.732
1777511100000,83.82,83.83,83.66,83.76,6745.998
1777511400000,83.76,83.94,83.72,83.94,9849.393
1777511700000,83.93,83.97,83.87,83.91,8107.855
1777512000000,83.9,83.92,83.76,83.84,4889.963
1777512300000,83.83,83.98,83.83,83.87,2999.844
1777512600000,83.87,84.0,83.85,83.9,6066.961
1777512900000,83.91,83.91,83.7,83.73,3721.933
1777513200000,83.72,83.85,83.7,83.82,2669.702
1777513500000,83.82,83.9,83.8,83.9,1790.809
1777513800000,83.9,83.96,83.84,83.9,4897.871
1777514100000,83.89,83.92,83.73,83.75,4240.813
1777514400000,83.75,83.96,83.75,83.88,5975.786
1777514700000,83.87,83.9,83.8,83.89,3113.692
1777515000000,83.9,83.94,83.82,83.88,2810.542
1777515300000,83.87,83.9,83.78,83.79,3009.221
1777515600000,83.79,83.79,83.64,83.67,6837.922
1777515900000,83.67,83.68,83.52,83.55,7254.379
1777516200000,83.55,83.56,82.89,83.04,28478.791
1777516500000,83.05,83.17,82.7,82.82,12245.056
1777516800000,82.82,82.98,82.82,82.88,4628.84
1777517100000,82.89,82.94,82.71,82.74,5543.252
1777517400000,82.75,82.96,82.74,82.93,4201.522
1777517700000,82.94,83.07,82.93,82.98,3829.985
1777518000000,82.98,83.07,82.96,83.03,3142.178
1777518300000,83.02,83.06,82.94,82.97,2162.178
1777518600000,82.97,83.05,82.92,82.97,3637.533
1777518900000,82.98,83.07,82.92,82.97,4311.408
1777519200000,82.97,82.99,82.92,82.95,3458.149
1777519500000,82.94,83.07,82.86,83.07,5867.978
1777519800000,83.07,83.08,82.95,83.02,1750.248
1777520100000,83.02,83.24,83.02,83.17,3223.318
1777520400000,83.16,83.19,83.11,83.18,2413.243
1777520700000,83.18,83.18,83.08,83.08,1448.628
1777521000000,83.09,83.12,83.07,83.12,1864.699
1777521300000,83.11,83.12,83.05,83.06,1063.863
1777521600000,83.06,83.09,82.92,82.93,4238.476
1777521900000,82.93,82.95,82.74,82.87,7613.309
1777522200000,82.87,82.89,82.79,82.88,2294.304
1777522500000,82.88,82.89,82.68,82.73,3522.815
1777522800000,82.73,82.79,82.66,82.73,4696.466
1777523100000,82.74,82.81,82.73,82.75,3724.208
1777523400000,82.75,82.77,82.47,82.47,9725.192
1777523700000,82.48,82.55,82.37,82.39,4118.703
1777524000000,82.38,82.46,82.38,82.39,15246.956
1777524300000,82.38,82.49,82.38,82.48,1591.939
1777524600000,82.47,82.5,82.41,82.41,3967.508
1777524900000,82.42,82.47,82.37,82.39,4612.822
1777525200000,82.4,82.53,82.32,82.42,6807.042
1777525500000,82.41,82.57,82.41,82.56,1661.369
1777525800000,82.56,82.56,82.51,82.52,1503.229
1777526100000,82.52,82.57,82.46,82.49,1797.799
1777526400000,82.5,82.53,82.45,82.47,2387.99
1777526700000,82.47,82.47,82.16,82.31,7416.085
1777527000000,82.32,82.63,82.31,82.63,6117.271
1777527300000,82.63,82.79,82.63,82.71,9223.731
1777527600000,82.71,82.79,82.68,82.7,4161.619
1777527900000,82.7,82.71,82.64,82.68,4519.543
1777528200000,82.67,82.76,82.66,82.67,3658.852
1777528500000,82.67,82.69,82.57,82.57,6077.53
1777528800000,82.57,82.63,82.53,82.63,3431.141
1777529100000,82.63,82.68,82.61,82.65,2189.447
1777529400000,82.65,82.65,82.55,82.6,1979.518
1777529700000,82.61,82.73,82.61,82.73,4990.487
1777530000000,82.73,82.76,82.68,82.7,4502.531
1777530300000,82.7,82.77,82.69,82.77,2998.511
1777530600000,82.77,83.01,82.77,83.01,6519.216
1777530900000,83.01,83.05,82.96,82.96,3257.809
1777531200000,82.97,82.98,82.88,82.89,2709.552
1777531500000,82.9,82.91,82.82,82.87,3428.157
1777531800000,82.87,82.95,82.86,82.95,1824.967
1777532100000,82.95,82.99,82.91,82.94,4152.786
1777532400000,82.95,83.0,82.92,82.98,3069.587
1777532700000,82.99,83.07,82.9,83.04,8507.335
1777533000000,83.03,83.09,83.01,83.06,15435.699
1777533300000,83.06,83.1,83.04,83.04,5227.157
1777533600000,83.04,83.09,83.01,83.08,3345.197
1777533900000,83.08,83.1,83.05,83.07,9925.72
1777534200000,83.07,83.29,83.06,83.27,14378.127
1777534500000,83.26,83.27,83.13,83.21,9306.96
1777534800000,83.22,83.23,83.17,83.22,4455.923
1777535100000,83.22,83.34,83.2,83.34,7735.457
1777535400000,83.34,83.39,83.2,83.27,7629.781
1777535700000,83.26,83.39,83.26,83.35,6630.392
1777536000000,83.35,83.36,83.23,83.36,8544.455
1777536300000,83.36,83.43,83.28,83.34,5442.624
1777536600000,83.34,83.36,83.28,83.3,6823.398
1777536900000,83.3,83.31,83.22,83.25,10423.211
1777537200000,83.26,83.39,83.2,83.25,9389.287
1777537500000,83.25,83.36,83.24,83.25,8935.796
1777537800000,83.24,83.25,83.18,83.19,6554.18
1777538100000,83.19,83.2,83.14,83.2,2544.082
1777538400000,83.19,83.23,83.16,83.23,3689.601
1777538700000,83.23,83.26,83.18,83.22,3847.652
1777539000000,83.22,83.23,83.14,83.2,2120.351
1777539300000,83.2,83.2,83.12,83.13,1316.676
1777539600000,83.12,83.16,83.11,83.16,2280.731
1777539900000,83.16,83.18,83.08,83.18,2017.121
1777540200000,83.18,83.18,83.08,83.14,5004.521
1777540500000,83.13,83.2,83.12,83.12,2061.147
1777540800000,83.12,83.15,83.06,83.15,2093.308
1777541100000,83.15,83.32,83.14,83.31,4937.798
1777541400000,83.31,83.55,83.31,83.35,11817.716
1777541700000,83.34,83.43,83.34,83.38,2678.891
1777542000000,83.38,83.4,83.25,83.26,2538.589
1777542300000,83.26,83.31,83.23,83.27,1473.897
1777542600000,83.28,83.29,83.26,83.28,2299.618
1777542900000,83.27,83.27,83.15,83.15,2517.366
1777543200000,83.14,83.2,83.11,83.19,3722.92
1777543500000,83.19,83.22,83.15,83.17,1339.554
1777543800000,83.17,83.17,83.0,83.01,6410.753
1777544100000,83.02,83.05,82.96,82.96,4514.383
1777544400000,82.96,83.01,82.95,82.97,5086.529
1777544700000,82.96,83.01,82.92,82.93,1995.286
1777545000000,82.93,83.04,82.93,82.98,3965.211
1777545300000,82.97,83.07,82.97,83.01,2241.054
1777545600000,83.01,83.02,82.95,83.01,2088.075
1777545900000,83.01,83.06,82.97,82.97,4590.466
1777546200000,82.98,83.03,82.96,83.0,1435.971
1777546500000,83.0,83.02,82.96,83.0,2150.286
1777546800000,83.01,83.06,83.0,83.05,4274.431
1777547100000,83.06,83.21,83.02,83.19,11697.195
1777547400000,83.18,83.39,83.18,83.26,5771.729
1777547700000,83.25,83.33,83.23,83.27,1852.919
1777548000000,83.27,83.28,83.2,83.21,1274.551
1777548300000,83.21,83.29,83.18,83.26,7033.777
1777548600000,83.26,83.26,83.12,83.18,4884.327
1777548900000,83.18,83.24,83.12,83.12,1599.917
1777549200000,83.12,83.12,82.9,82.94,8803.137
1777549500000,82.93,83.02,82.79,83.01,10705.686
1777549800000,83.01,83.03,82.93,82.99,1423.217
1777550100000,82.99,83.02,82.98,83.01,964.776
1777550400000,83.01,83.11,82.99,83.08,3685.561
1777550700000,83.08,83.13,83.02,83.02,2381.125
1777551000000,83.03,83.14,83.03,83.13,4701.904
1777551300000,83.14,83.29,83.13,83.27,5594.341
1777551600000,83.27,83.48,83.27,83.45,8398.544
1777551900000,83.45,83.46,83.3,83.32,4910.465
1777552200000,83.32,83.38,83.27,83.3,5764.567
1777552500000,83.29,83.32,83.25,83.31,1432.715
1777552800000,83.3,83.31,83.2,83.2,2721.546
1777553100000,83.21,83.25,83.2,83.22,3874.541
1777553400000,83.23,83.3,83.17,83.22,5509.4
1777553700000,83.21,83.24,83.2,83.22,2356.341
1777554000000,83.22,83.29,83.22,83.28,4404.828
1777554300000,83.27,83.28,83.22,83.24,3254.283
1777554600000,83.24,83.25,83.14,83.16,3145.425
1777554900000,83.15,83.21,83.15,83.18,2084.106
1777555200000,83.18,83.23,83.15,83.16,1739.911
1777555500000,83.16,83.16,83.04,83.07,5050.108
1777555800000,83.07,83.13,82.88,83.08,9843.233
1777556100000,83.08,83.21,83.01,83.2,6898.568
1777556400000,83.2,83.55,83.19,83.54,10125.302
1777556700000,83.54,83.56,83.29,83.37,6546.333
1777557000000,83.37,83.4,83.23,83.23,4173.317
1777557300000,83.23,83.36,83.18,83.21,3818.944
1777557600000,83.22,83.42,83.17,83.32,4558.878
1777557900000,83.32,83.41,83.12,83.21,9916.886
1777558200000,83.21,83.23,83.02,83.14,3219.703
1777558500000,83.15,83.16,82.69,82.89,15131.412
1777558800000,82.89,83.03,82.86,82.94,3478.086
1777559100000,82.94,83.01,82.77,83.01,5651.133
1777559400000,83.0,83.33,82.95,83.05,14178.787
1777559700000,83.05,83.14,82.92,82.93,5207.334
1777560000000,82.94,83.15,82.92,83.11,5253.875
1777560300000,83.11,83.29,83.07,83.26,8317.878
1777560600000,83.26,83.38,83.23,83.24,6708.459
1777560900000,83.23,83.26,83.11,83.23,6733.549
1777561200000,83.23,83.36,83.03,83.15,4838.935
1777561500000,83.14,83.29,83.08,83.28,3020.206
1777561800000,83.29,83.33,83.19,83.32,3689.936
1777562100000,83.32,83.34,83.21,83.3,2724.909
1777562400000,83.3,83.31,83.22,83.27,6143.999
1777562700000,83.28,83.52,83.23,83.51,21058.953
1777563000000,83.52,83.83,83.38,83.4,23038.183
1777563300000,83.4,83.41,83.29,83.36,3543.248
1777563600000,83.36,83.38,83.23,83.32,8516.16
1777563900000,83.32,83.32,83.16,83.31,4185.69
1777564200000,83.31,83.42,83.28,83.4,2458.295
1777564500000,83.4,83.48,83.35,83.36,3924.344
1777564800000,83.36,83.42,83.21,83.38,4408.039
1777565100000,83.39,83.43,83.31,83.31,1641.362
1777565400000,83.3,83.4,83.28,83.38,1753.22
1777565700000,83.37,83.37,83.28,83.29,1507.353
1777566000000,83.29,83.32,83.22,83.23,1729.951
1777566300000,83.22,83.24,83.1,83.21,6035.828
1777566600000,83.22,83.24,83.13,83.23,3369.613
1777566900000,83.24,83.24,83.15,83.22,1212.555
1777567200000,83.21,83.25,83.17,83.2,1802.038
1777567500000,83.2,83.23,83.15,83.23,1852.797
1777567800000,83.23,83.24,83.11,83.16,1936.503
1777568100000,83.15,83.15,82.94,83.02,9324.509
1777568400000,83.02,83.12,83.0,83.05,5119.212
1777568700000,83.05,83.14,83.03,83.13,3663.891
1777569000000,83.12,83.13,82.94,83.04,4698.5
1777569300000,83.03,83.03,82.87,82.95,6786.506
1777569600000,82.95,82.99,82.92,82.94,4034.202
1777569900000,82.95,82.96,82.91,82.93,5335.798
1777570200000,82.93,83.09,82.88,82.98,8841.972
1777570500000,82.98,82.99,82.92,82.96,3509.655
1777570800000,82.96,82.99,82.94,82.98,2945.376
1777571100000,82.98,83.07,82.98,83.04,4259.516
1777571400000,83.04,83.06,82.98,83.05,4090.581
1777571700000,83.05,83.11,83.03,83.04,3274.659
1777572000000,83.03,83.31,83.03,83.25,4682.62
1777572300000,83.24,83.25,83.1,83.15,2140.108
1777572600000,83.15,83.15,83.07,83.08,2324.618
1777572900000,83.08,83.28,83.06,83.21,3263.696
1777573200000,83.2,83.23,83.15,83.17,1155.497
1777573500000,83.17,83.18,83.03,83.05,1604.866
1777573800000,83.06,83.14,82.98,83.06,5455.642
1777574100000,83.06,83.1,83.05,83.09,1343.342
1777574400000,83.08,83.21,83.06,83.14,6399.101
1777574700000,83.14,83.18,83.13,83.17,912.456
1777575000000,83.18,83.25,83.15,83.16,1991.845
1777575300000,83.16,83.16,83.06,83.07,2109.55
1777575600000,83.06,83.1,83.0,83.04,4131.698
1777575900000,83.04,83.2,83.04,83.17,5828.785
1777576200000,83.17,83.27,83.15,83.2,4888.727
1777576500000,83.2,83.2,83.12,83.12,1677.913
1777576800000,83.12,83.18,83.08,83.18,5384.829
1777577100000,83.18,83.2,83.13,83.16,2825.541
1777577400000,83.16,83.24,83.16,83.21,1917.429
1777577700000,83.21,83.28,83.19,83.28,3866.138
1777578000000,83.27,83.29,83.23,83.26,1380.032
1777578300000,83.25,83.25,83.15,83.17,1250.862
1777578600000,83.17,83.19,83.06,83.08,6299.088
1777578900000,83.09,83.12,83.04,83.04,5932.649
1777579200000,83.04,83.06,82.97,83.01,3312.282
1777579500000,83.02,83.06,83.0,83.04,3119.22
1777579800000,83.04,83.13,83.02,83.09,5019.178
1777580100000,83.09,83.13,83.02,83.07,2820.215
1777580400000,83.06,83.18,83.06,83.13,3826.291
1777580700000,83.13,83.13,83.09,83.12,1555.757
1777581000000,83.11,83.15,83.05,83.14,5793.939
1777581300000,83.15,83.18,83.13,83.17,2652.375
1777581600000,83.16,83.19,83.13,83.16,2576.265
1777581900000,83.16,83.18,83.1,83.16,4240.54
1777582200000,83.16,83.16,83.11,83.14,1325.252
1777582500000,83.13,83.15,83.08,83.09,2604.732
1777582800000,83.1,83.13,83.09,83.13,1633.883
1777583100000,83.12,83.14,83.04,83.05,1315.199
1777583400000,83.05,83.14,83.04,83.14,1236.233
1777583700000,83.14,83.14,83.07,83.07,846.175
1777584000000,83.08,83.11,83.0,83.04,1602.298
1777584300000,83.04,83.05,82.95,82.98,1805.369
1777584600000,82.98,83.03,82.96,83.03,2248.75
1777584900000,83.02,83.09,82.98,82.99,4684.068
1777585200000,82.99,83.04,82.97,83.01,4482.743
1777585500000,83.02,83.02,82.91,82.93,2535.82
1777585800000,82.93,82.95,82.88,82.89,3135.954
1777586100000,82.89,82.92,82.83,82.85,6341.724
1777586400000,82.86,82.94,82.79,82.85,9678.747
1777586700000,82.84,82.9,82.83,82.83,2695.693
1777587000000,82.83,82.91,82.81,82.9,2644.048
1777587300000,82.91,82.99,82.89,82.94,3413.07
1777587600000,82.94,82.98,82.93,82.97,2082.183
1777587900000,82.96,83.02,82.95,83.01,2012.818
1777588200000,83.0,83.04,82.89,82.9,1799.599
1777588500000,82.9,82.91,82.8,82.86,1571.973
1777588800000,82.86,82.9,82.84,82.9,1523.088
1777589100000,82.9,82.92,82.85,82.92,1182.763
1777589400000,82.92,82.94,82.82,82.84,1593.169
1777589700000,82.84,82.85,82.78,82.85,1964.516
1777590000000,82.85,82.9,82.85,82.9,2116.02
1777590300000,82.89,82.95,82.85,82.85,1607.597
1777590600000,82.86,82.96,82.86,82.96,1414.642
1777590900000,82.95,82.99,82.95,82.97,977.817
1777591200000,82.98,83.0,82.95,82.99,1988.75
1777591500000,83.0,83.01,82.95,83.01,1086.496
1777591800000,83.01,83.09,83.01,83.03,5186.045
1777592100000,83.02,83.05,83.02,83.04,1163.901
1777592400000,83.05,83.05,83.01,83.03,871.457
1777592700000,83.03,83.05,83.0,83.05,1129.387
1777593000000,83.05,83.09,83.04,83.07,804.473
1777593300000,83.07,83.09,83.03,83.09,3209.873
1777593600000,83.09,83.33,83.08,83.3,4067.308
1777593900000,83.29,83.31,83.22,83.28,1260.256
1777594200000,83.28,83.3,83.24,83.25,2255.484
1777594500000,83.26,83.36,83.26,83.27,4686.619
1777594800000,83.27,83.29,83.23,83.24,2610.148
1777595100000,83.24,83.29,83.23,83.27,2585.604
1777595400000,83.28,83.33,83.16,83.2,9645.087
1777595700000,83.2,83.25,83.19,83.23,3891.839
1777596000000,83.23,83.32,83.23,83.31,3471.672
1777596300000,83.32,83.41,83.2,83.21,11510.9
1777596600000,83.21,83.22,83.18,83.2,2524.361
1777596900000,83.2,83.23,83.14,83.2,3037.571
1777597200000,83.2,83.24,83.19,83.24,1868.674
1777597500000,83.24,83.46,83.23,83.37,5080.68
1777597800000,83.37,83.43,83.3,83.38,5332.846
1777598100000,83.38,83.47,83.38,83.44,9709.536
1777598400000,83.45,83.46,83.4,83.41,4668.311
1777598700000,83.4,83.42,83.35,83.36,1756.175
1777599000000,83.37,83.4,83.35,83.39,2874.101
1777599300000,83.4,83.44,83.39,83.44,2396.375
1777599600000,83.44,83.56,83.43,83.54,6846.534
1777599900000,83.55,83.65,83.52,83.64,8586.348
1777600200000,83.63,83.69,83.61,83.65,6683.713
1777600500000,83.65,83.68,83.59,83.61,3831.087
1777600800000,83.62,83.64,83.56,83.61,4169.628
1777601100000,83.6,83.72,83.58,83.7,4689.584
1777601400000,83.7,83.7,83.63,83.63,2253.897
1777601700000,83.64,83.7,83.6,83.6,2052.552
1777602000000,83.59,83.6,83.52,83.54,3324.199
1777602300000,83.53,83.56,83.53,83.54,1527.351
1777602600000,83.55,83.57,83.45,83.48,4873.941
1777602900000,83.48,83.55,83.48,83.55,1928.494
1777603200000,83.54,83.55,83.52,83.53,2258.72
1777603500000,83.53,83.77,83.52,83.74,18923.19
1777603800000,83.74,83.84,83.62,83.64,16745.87
1777604100000,83.64,83.64,83.55,83.63,1903.505
1777604400000,83.62,83.62,83.56,83.59,2277.113
1777604700000,83.58,83.71,83.58,83.7,1420.829
1777605000000,83.7,83.74,83.63,83.64,2990.777
1777605300000,83.64,84.1,83.63,84.1,16426.51
1777605600000,84.11,84.38,84.01,84.17,21427.141
1777605900000,84.16,84.25,84.08,84.13,7449.719
1777606200000,84.13,84.22,84.09,84.16,8881.2
1777606500000,84.16,84.21,83.96,83.98,8215.083
1777606800000,83.98,84.0,83.84,83.97,10664.599
1777607100000,83.98,84.03,83.95,83.98,3917.672
1777607400000,83.98,84.02,83.94,83.94,1826.329
1777607700000,83.95,83.95,83.86,83.89,2232.825
1777608000000,83.9,84.0,83.88,83.94,5723.224
1777608300000,83.95,84.06,83.94,83.97,6693.684
1777608600000,83.97,84.0,83.9,83.91,3565.663
1777608900000,83.91,84.01,83.91,84.0,4149.551
1777609200000,84.01,84.01,83.93,83.95,3412.515
1777609500000,83.96,84.0,83.69,83.73,8864.908
1777609800000,83.73,83.79,83.71,83.78,3019.478
1777610100000,83.79,83.84,83.78,83.84,1777.334
1777610400000,83.84,83.87,83.77,83.85,4879.945
1777610700000,83.86,83.88,83.82,83.87,1416.527
1777611000000,83.87,83.91,83.84,83.84,3378.982
1777611300000,83.85,83.86,83.81,83.82,1002.92
1777611600000,83.81,83.91,83.74,83.91,4599.159
1777611900000,83.91,84.19,83.9,84.14,21835.501
1777612200000,84.13,84.23,84.11,84.11,13426.663
1777612500000,84.11,84.11,83.96,83.99,2791.469
1777612800000,83.99,84.05,83.98,84.03,4483.491
1777613100000,84.02,84.04,83.96,83.96,993.799
1777613400000,83.96,84.01,83.96,84.0,2467.702
1777613700000,84.01,84.13,83.94,84.11,12952.786
1777614000000,84.1,84.13,84.07,84.13,4733.626
1777614300000,84.13,84.18,84.09,84.14,3837.664
1777614600000,84.14,84.15,84.09,84.1,2517.304
1777614900000,84.1,84.1,84.03,84.05,3609.776
1777615200000,84.06,84.08,84.03,84.05,2032.065
1777615500000,84.05,84.13,84.05,84.07,5487.894
1777615800000,84.08,84.12,84.01,84.11,4185.699
1777616100000,84.12,84.18,84.12,84.15,2875.227
1777616400000,84.14,84.16,84.08,84.1,3643.324
1777616700000,84.11,84.12,84.07,84.07,1249.241
1777617000000,84.08,84.08,84.0,84.02,2296.511
1777617300000,84.02,84.05,83.91,83.94,4032.625
1777617600000,83.95,83.95,83.84,83.93,4499.151
1777617900000,83.93,83.93,83.78,83.8,2785.347
1777618200000,83.81,83.82,83.69,83.81,4308.453
1777618500000,83.82,83.95,83.81,83.85,3376.274
1777618800000,83.86,83.89,83.75,83.8,5991.362
1777619100000,83.8,83.92,83.79,83.92,4566.478
1777619400000,83.92,83.96,83.9,83.92,2278.499
1777619700000,83.91,83.97,83.87,83.93,5184.032
1777620000000,83.92,83.97,83.78,83.8,8609.463
1777620300000,83.8,83.8,83.69,83.69,5901.479
1777620600000,83.69,83.9,83.67,83.84,30945.454
1777620900000,83.84,83.86,83.8,83.84,12334.407
1777621200000,83.84,83.87,83.7,83.76,22799.122
1777621500000,83.76,83.91,83.75,83.89,15999.095
1777621800000,83.89,83.96,83.88,83.96,5435.409
1777622100000,83.96,83.97,83.92,83.96,2802.65
1777622400000,83.96,83.96,83.9,83.93,4488.931
1777622700000,83.93,83.97,83.92,83.96,1774.591
1777623000000,83.96,84.16,83.96,84.16,6684.595
1777623300000,84.15,84.3,84.14,84.14,10116.952
1777623600000,84.14,84.24,84.14,84.22,3042.923
1777623900000,84.22,84.22,84.15,84.16,6181.78
1777624200000,84.16,84.18,84.13,84.13,2344.667
1777624500000,84.13,84.16,84.07,84.14,10216.542
1777624800000,84.15,84.2,84.13,84.16,4360.992
1777625100000,84.16,84.17,84.12,84.15,2804.707
1777625400000,84.16,84.2,84.15,84.17,1143.106
1777625700000,84.17,84.2,84.17,84.18,900.011
1777626000000,84.18,84.19,84.07,84.1,11795.679
1777626300000,84.09,84.12,84.09,84.1,7442.617
1777626600000,84.11,84.14,84.11,84.13,1835.231
1777626900000,84.13,84.14,83.99,84.05,5524.203
1777627200000,84.05,84.07,83.97,84.03,2108.147
1777627500000,84.03,84.05,84.01,84.04,2118.483
1777627800000,84.03,84.03,83.96,83.99,4403.752
1777628100000,84.0,84.0,83.96,83.96,1817.221
1777628400000,83.96,84.07,83.89,84.07,15262.934
1777628700000,84.06,84.07,83.93,83.94,4353.52
1777629000000,83.94,83.99,83.92,83.92,2526.717
1777629300000,83.93,83.97,83.92,83.97,4710.778
1777629600000,83.96,83.96,83.9,83.9,1713.594
1777629900000,83.91,83.93,83.87,83.87,3191.592
1777630200000,83.88,83.88,83.69,83.82,19274.495
1777630500000,83.83,83.93,83.8,83.93,4491.546
1777630800000,83.93,84.08,83.92,84.01,4209.06
1777631100000,84.01,84.01,83.95,83.98,3447.513
1777631400000,83.97,84.01,83.9,83.92,2840.017
1777631700000,83.92,83.93,83.83,83.84,14233.577
1777632000000,83.83,83.87,83.83,83.87,1722.732
1777632300000,83.87,83.91,83.86,83.91,1624.881
1777632600000,83.91,83.93,83.9,83.93,1370.7
1777632900000,83.93,83.97,83.91,83.95,2192.977
1777633200000,83.96,84.0,83.92,83.93,2080.091
1777633500000,83.93,83.94,83.9,83.93,5009.168
1777633800000,83.93,83.97,83.92,83.97,1094.721
1777634100000,83.97,84.05,83.93,84.05,4987.247
1777634400000,84.05,84.22,83.96,83.98,7597.381
1777634700000,83.98,84.0,83.91,83.92,2051.849
1777635000000,83.93,83.97,83.91,83.92,1876.909
1777635300000,83.92,83.92,83.87,83.91,2102.718
1777635600000,83.92,83.96,83.9,83.95,1712.668
1777635900000,83.95,83.96,83.88,83.91,2845.142
1777636200000,83.9,83.96,83.9,83.94,2674.459
1777636500000,83.94,84.02,83.93,84.01,2179.907
1777636800000,84.01,84.06,83.92,84.03,4049.962
1777637100000,84.03,84.03,83.94,83.96,4669.029
1777637400000,83.97,84.23,83.93,84.1,13320.909
1777637700000,84.09,84.26,84.08,84.23,11460.833
1777638000000,84.22,84.38,84.22,84.37,15914.116
1777638300000,84.36,84.44,84.34,84.37,10999.037
1777638600000,84.37,84.59,84.36,84.41,11879.809
1777638900000,84.41,84.57,84.39,84.45,15464.23
1777639200000,84.45,84.5,84.33,84.34,7357.923
1777639500000,84.34,84.41,84.31,84.38,12235.702
1777639800000,84.38,84.41,84.31,84.31,5555.577
1777640100000,84.31,84.36,84.27,84.27,4068.246
1777640400000,84.27,84.5,84.27,84.49,8770.934
1777640700000,84.49,84.55,84.47,84.49,8711.676
1777641000000,84.49,84.61,84.49,84.53,13134.416
1777641300000,84.53,84.6,84.45,84.46,7305.436
1777641600000,84.46,84.51,84.43,84.44,5166.631
1777641900000,84.43,84.44,84.37,84.39,6059.333
1777642200000,84.39,84.61,84.35,84.52,12150.859
1777642500000,84.51,84.58,84.35,84.37,12611.74
1777642800000,84.37,84.41,84.24,84.33,11980.3
1777643100000,84.33,84.4,84.27,84.36,16863.277
1777643400000,84.36,84.82,84.36,84.7,24868.555
1777643700000,84.71,84.86,84.59,84.6,18225.8
1777644000000,84.61,84.73,84.5,84.55,21474.814
1777644300000,84.55,84.6,84.43,84.52,11104.756
1777644600000,84.52,84.69,84.46,84.47,11864.883
1777644900000,84.46,84.5,84.32,84.33,7373.703
1777645200000,84.34,84.43,84.31,84.32,9243.984
1777645500000,84.31,84.32,84.1,84.17,16921.112
1777645800000,84.17,84.18,84.06,84.08,16266.946
1777646100000,84.08,84.14,83.89,84.1,18764.698
1777646400000,84.11,84.26,84.08,84.2,7512.742
1777646700000,84.2,84.35,84.16,84.3,5905.734
1777647000000,84.3,84.32,84.18,84.18,9084.522
1777647300000,84.18,84.24,84.18,84.22,2762.602
1777647600000,84.21,84.22,84.01,84.13,5358.427
1777647900000,84.12,84.16,84.09,84.15,12335.143
1777648200000,84.15,84.3,84.13,84.3,5948.817
1777648500000,84.29,84.4,84.29,84.39,6464.083
1777648800000,84.38,84.47,84.32,84.33,8487.87
1777649100000,84.32,84.39,84.32,84.37,2859.996
1777649400000,84.37,84.44,84.37,84.44,2692.727
1777649700000,84.44,84.62,84.4,84.52,13145.373
1777650000000,84.53,84.57,84.5,84.51,5927.694
1777650300000,84.52,84.52,84.48,84.51,2790.569
1777650600000,84.5,84.51,84.03,84.37,40401.281
1777650900000,84.38,84.47,84.31,84.47,10179.936
1777651200000,84.46,84.63,84.46,84.52,10729.425
1777651500000,84.53,84.55,84.35,84.35,4954.94
1777651800000,84.35,84.38,84.27,84.27,8338.383
1777652100000,84.27,84.28,84.18,84.21,9182.51
1777652400000,84.2,84.47,84.12,84.27,28432.027
1777652700000,84.26,84.38,84.16,84.29,8698.057
1777653000000,84.29,84.31,84.13,84.23,5075.957
1777653300000,84.23,84.28,84.15,84.27,9629.272
1777653600000,84.26,84.31,84.21,84.23,3037.289
1777653900000,84.23,84.23,84.15,84.17,4549.385
1777654200000,84.16,84.26,84.15,84.26,5177.327
1777654500000,84.26,84.3,83.98,83.99,17661.646
1777654800000,83.99,84.07,83.93,83.94,5994.18
1777655100000,83.93,84.08,83.92,84.07,5888.356
1777655400000,84.08,84.23,84.06,84.23,5167.654
1777655700000,84.23,84.24,84.14,84.17,3869.217
1777656000000,84.18,84.18,84.09,84.11,4946.496
1777656300000,84.12,84.12,83.95,83.99,7285.149
1777656600000,84.0,84.0,83.92,83.96,1857.65
1777656900000,83.97,84.2,83.95,84.18,4206.417
1777657200000,84.18,84.21,84.08,84.11,1581.91
1777657500000,84.11,84.14,84.08,84.14,2082.855
1777657800000,84.13,84.2,84.09,84.17,3823.318
1777658100000,84.16,84.28,84.14,84.23,2643.713
1777658400000,84.23,84.24,84.14,84.2,3432.043
1777658700000,84.2,84.28,84.15,84.2,3632.228
1777659000000,84.21,84.26,84.19,84.23,3262.463
1777659300000,84.23,84.26,84.14,84.23,2255.514
1777659600000,84.24,84.31,84.17,84.18,2722.012
1777659900000,84.17,84.18,84.07,84.18,6189.001
1777660200000,84.18,84.2,84.1,84.12,3054.51
1777660500000,84.11,84.16,84.06,84.14,3487.005
1777660800000,84.14,84.15,84.03,84.05,1826.656
1777661100000,84.04,84.05,84.0,84.02,3523.88
1777661400000,84.02,84.04,84.0,84.0,2577.646
1777661700000,84.01,84.02,83.98,83.99,4396.496
1777662000000,83.99,84.0,83.95,83.99,5759.723
1777662300000,84.0,84.07,83.99,84.05,2742.599
1777662600000,84.05,84.06,84.0,84.04,4754.301
1777662900000,84.04,84.04,83.83,83.88,6772.05
1777663200000,83.89,83.95,83.88,83.94,5493.912
1777663500000,83.94,84.0,83.93,83.94,4371.32
1777663800000,83.94,83.94,83.85,83.88,4267.799
1777664100000,83.87,83.88,83.84,83.87,5250.061
1777664400000,83.87,83.88,83.83,83.84,2707.508
1777664700000,83.84,83.87,83.8,83.82,8286.289
1777665000000,83.82,83.86,83.8,83.83,5790.905
1777665300000,83.82,83.92,83.79,83.9,4428.015
1777665600000,83.9,83.93,83.82,83.85,4035.827
1777665900000,83.86,83.88,83.74,83.87,12189.345
1777666200000,83.86,83.87,83.84,83.85,2342.166
1777666500000,83.84,83.88,83.81,83.81,3923.597
1777666800000,83.81,83.82,83.7,83.73,9251.14
1777667100000,83.73,83.81,83.72,83.8,8328.718
1777667400000,83.8,83.84,83.75,83.75,3463.146
1777667700000,83.74,83.79,83.72,83.73,2377.261
1777668000000,83.72,83.73,83.52,83.62,11809.232
1777668300000,83.63,83.71,83.61,83.63,4237.408
1777668600000,83.64,83.65,83.34,83.46,20602.885
1777668900000,83.46,83.49,83.33,83.49,9610.361
1777669200000,83.48,83.58,83.45,83.47,5958.409
1777669500000,83.47,83.5,83.41,83.49,4183.138
1777669800000,83.49,83.56,83.48,83.53,4156.63
1777670100000,83.53,83.58,83.5,83.56,2623.019
1777670400000,83.56,83.62,83.55,83.59,3924.359
1777670700000,83.6,83.66,83.58,83.6,2348.627
1777671000000,83.6,83.76,83.59,83.71,5087.26
1777671300000,83.71,83.76,83.7,83.75,3866.119
1777671600000,83.76,83.8,83.65,83.66,5916.838
1777671900000,83.67,83.75,83.67,83.73,3156.431
1777672200000,83.74,83.75,83.67,83.73,2944.77
1777672500000,83.74,83.77,83.71,83.72,2796.407
1777672800000,83.72,83.81,83.69,83.73,5414.547
1777673100000,83.73,83.77,83.68,83.76,2842.453
1777673400000,83.76,83.76,83.7,83.71,2525.911
1777673700000,83.71,83.83,83.7,83.82,2520.055
1777674000000,83.83,83.89,83.82,83.89,3233.088
1777674300000,83.89,83.89,83.8,83.81,2603.666
1777674600000,83.8,83.82,83.76,83.76,2380.562
1777674900000,83.75,83.75,83.7,83.72,2121.114
1777675200000,83.72,83.75,83.7,83.74,1653.724
1777675500000,83.74,83.74,83.57,83.6,3460.775
1777675800000,83.6,83.7,83.59,83.69,1894.139
1777676100000,83.7,83.77,83.69,83.75,2310.343
1777676400000,83.74,83.74,83.67,83.74,8923.969
1777676700000,83.73,83.75,83.66,83.7,3628.277
1777677000000,83.69,83.81,83.69,83.79,2544.647
1777677300000,83.8,83.9,83.56,83.56,38314.957
1777677600000,83.57,83.68,83.56,83.66,3782.387
1777677900000,83.66,83.67,83.56,83.58,2122.711
1777678200000,83.58,83.63,83.58,83.63,3001.011
1777678500000,83.63,83.7,83.62,83.7,1555.941
1777678800000,83.7,83.72,83.69,83.69,3637.504
1777679100000,83.69,83.73,83.69,83.72,2030.388
1777679400000,83.72,83.74,83.68,83.7,3046.22
1777679700000,83.69,83.77,83.69,83.76,2093.754
1777680000000,83.76,83.78,83.71,83.71,3547.825
1777680300000,83.71,83.71,83.66,83.68,1199.037
1777680600000,83.67,83.69,83.65,83.67,1225.943
1777680900000,83.66,83.67,83.6,83.61,1808.378
1777681200000,83.6,83.68,83.58,83.68,4243.781
1777681500000,83.68,83.7,83.53,83.54,2883.105
1777681800000,83.53,83.59,83.53,83.55,3418.488
1777682100000,83.56,83.7,83.44,83.68,33118.305
1777682400000,83.69,83.76,83.68,83.75,2733.589
1777682700000,83.75,83.78,83.7,83.76,2939.977
1777683000000,83.76,83.87,83.75,83.82,3096.776
1777683300000,83.81,83.84,83.8,83.82,997.411
1777683600000,83.83,83.83,83.77,83.8,2607.431
1777683900000,83.79,83.92,83.79,83.91,2226.915
1777684200000,83.92,83.92,83.85,83.91,1793.36
1777684500000,83.9,83.91,83.81,83.82,1684.134
1777684800000,83.82,83.84,83.8,83.84,1106.245
1777685100000,83.84,83.84,83.8,83.83,952.144
1777685400000,83.84,83.97,83.83,83.95,3569.994
1777685700000,83.96,83.96,83.85,83.93,2884.118
1777686000000,83.93,83.97,83.9,83.97,1148.328
1777686300000,83.96,84.0,83.95,83.99,2805.438
1777686600000,83.99,84.05,83.98,84.04,2832.426
1777686900000,84.03,84.04,83.99,84.03,2381.261
1777687200000,84.04,84.18,83.94,83.97,18179.696
1777687500000,83.97,83.97,83.9,83.9,2429.669
1777687800000,83.91,84.05,83.86,83.97,8635.379
1777688100000,83.97,84.02,83.96,84.02,4025.199
1777688400000,84.02,84.02,83.97,83.98,1554.758
1777688700000,83.97,83.99,83.9,83.91,2227.256
1777689000000,83.92,83.95,83.9,83.94,1210.848
1777689300000,83.94,84.0,83.93,84.0,826.113
1777689600000,84.0,84.02,83.93,83.93,1191.921
1777689900000,83.94,83.97,83.91,83.92,2094.502
1777690200000,83.92,84.11,83.92,83.99,3883.768
1777690500000,83.99,84.02,83.94,83.95,3267.971
1777690800000,83.94,83.95,83.89,83.93,1972.137
1777691100000,83.93,83.93,83.8,83.81,1908.426
1777691400000,83.8,83.81,83.7,83.76,9660.13
1777691700000,83.77,83.83,83.74,83.81,1443.99
1777692000000,83.8,83.9,83.8,83.87,2889.313
1777692300000,83.87,83.91,83.86,83.88,2490.615
1777692600000,83.88,83.92,83.83,83.91,1726.014
1777692900000,83.91,83.98,83.85,83.86,2572.377
1777693200000,83.86,83.86,83.79,83.81,884.066
1777693500000,83.81,83.81,83.78,83.78,1177.185
1777693800000,83.78,83.83,83.78,83.83,1024.674
1777694100000,83.82,83.87,83.82,83.82,2128.155
1777694400000,83.82,83.83,83.77,83.77,1083.145
1777694700000,83.77,83.78,83.64,83.67,5541.51
1777695000000,83.67,83.7,83.66,83.68,2108.234
1777695300000,83.67,83.7,83.65,83.69,1023.732
1777695600000,83.68,83.7,83.65,83.68,1164.997
1777695900000,83.68,83.69,83.66,83.69,4759.568
1777696200000,83.69,83.72,83.66,83.71,1185.392
1777696500000,83.71,83.75,83.7,83.7,995.136
1777696800000,83.69,83.7,83.65,83.67,2556.623
1777697100000,83.67,83.74,83.56,83.65,10991.126
1777697400000,83.66,83.66,83.59,83.64,4739.237
1777697700000,83.63,83.65,83.6,83.64,1374.092
1777698000000,83.64,83.65,83.6,83.63,1841.667
1777698300000,83.63,83.68,83.62,83.65,1685.104
1777698600000,83.65,83.67,83.56,83.58,5524.409
1777698900000,83.58,83.6,83.54,83.55,1968.379
1777699200000,83.56,83.6,83.55,83.6,1817.839
1777699500000,83.6,83.65,83.6,83.65,1389.699
1777699800000,83.65,83.71,83.64,83.69,1155.739
1777700100000,83.68,83.72,83.67,83.71,1702.757
1777700400000,83.71,83.72,83.69,83.7,1649.386
1777700700000,83.69,83.75,83.67,83.7,2786.214
1777701000000,83.69,83.74,83.66,83.72,3594.217
1777701300000,83.72,83.73,83.7,83.7,655.721
1777701600000,83.71,83.75,83.7,83.75,1885.608
1777701900000,83.75,83.8,83.74,83.75,1489.238
1777702200000,83.75,83.75,83.67,83.67,1784.276
1777702500000,83.67,83.7,83.67,83.69,1571.864
1777702800000,83.69,83.69,83.61,83.63,2160.096
1777703100000,83.64,83.65,83.58,83.59,2018.464
1777703400000,83.58,83.61,83.58,83.6,1241.071
1777703700000,83.6,83.65,83.6,83.64,1155.205
1777704000000,83.64,83.67,83.64,83.67,1456.358
1777704300000,83.66,83.73,83.66,83.72,1266.076
1777704600000,83.73,83.8,83.72,83.79,2354.228
1777704900000,83.79,83.85,83.78,83.82,2622.069
1777705200000,83.83,83.86,83.8,83.81,2824.019
1777705500000,83.8,83.81,83.79,83.79,933.459
1777705800000,83.8,83.8,83.78,83.79,2478.416
1777706100000,83.8,83.8,83.75,83.77,4467.992
1777706400000,83.77,83.82,83.77,83.81,1711.793
1777706700000,83.81,83.82,83.78,83.79,1892.383
1777707000000,83.79,83.79,83.74,83.74,2440.409
1777707300000,83.75,83.77,83.74,83.75,2244.031
1777707600000,83.75,83.76,83.72,83.75,3332.694
1777707900000,83.75,83.77,83.73,83.73,1679.653
1777708200000,83.74,83.74,83.72,83.74,1425.46
1777708500000,83.74,83.75,83.73,83.74,1285.71
1777708800000,83.73,83.74,83.64,83.69,2140.319
1777709100000,83.7,83.7,83.66,83.69,1814.798
1777709400000,83.69,83.72,83.68,83.72,806.189
1777709700000,83.72,83.72,83.67,83.69,1638.913
1777710000000,83.7,83.73,83.69,83.73,1042.024
1777710300000,83.73,83.75,83.72,83.73,1310.173
1777710600000,83.74,83.79,83.73,83.78,3091.844
1777710900000,83.79,83.8,83.77,83.8,1803.537
1777711200000,83.8,83.86,83.79,83.83,4260.629
1777711500000,83.83,83.86,83.83,83.85,1466.028
1777711800000,83.85,83.89,83.85,83.88,5262.821
1777712100000,83.88,83.88,83.82,83.85,4730.091
1777712400000,83.85,83.86,83.83,83.85,2016.92
1777712700000,83.85,83.89,83.85,83.89,809.676
1777713000000,83.89,83.9,83.88,83.88,1744.697
1777713300000,83.89,83.93,83.88,83.92,4256.758
1777713600000,83.93,83.98,83.92,83.96,3016.082
1777713900000,83.95,83.96,83.94,83.94,6143.902
1777714200000,83.95,83.98,83.86,83.97,6702.038
1777714500000,83.98,84.07,83.97,83.98,9516.488
1777714800000,83.98,84.01,83.95,84.0,4931.561
1777715100000,83.99,84.05,83.99,84.02,5063.131
1777715400000,84.02,84.07,84.01,84.07,2363.671
1777715700000,84.06,84.17,83.97,84.0,23722.628
1777716000000,84.01,84.01,83.97,84.01,4581.621
1777716300000,84.01,84.01,83.95,83.97,2620.426
1777716600000,83.98,83.98,83.97,83.97,1170.06
1777716900000,83.97,83.99,83.95,83.96,3816.466
1777717200000,83.95,83.96,83.89,83.89,1714.453
1777717500000,83.89,83.92,83.89,83.91,933.594
1777717800000,83.92,83.92,83.87,83.9,716.229
1777718100000,83.9,83.92,83.9,83.92,363.432
1777718400000,83.92,83.93,83.9,83.93,819.682
1777718700000,83.94,83.96,83.91,83.94,2516.155
1777719000000,83.94,83.96,83.94,83.94,1418.659
1777719300000,83.95,83.97,83.94,83.95,1026.409
1777719600000,83.94,83.94,83.86,83.87,1952.408
1777719900000,83.88,83.88,83.83,83.84,1221.609
1777720200000,83.83,83.83,83.78,83.79,3125.659
1777720500000,83.78,83.81,83.78,83.79,1031.166
1777720800000,83.8,83.81,83.77,83.79,1670.0
1777721100000,83.8,83.8,83.76,83.77,2481.07
1777721400000,83.77,83.77,83.66,83.66,5085.215
1777721700000,83.67,83.72,83.52,83.71,14281.492
1777722000000,83.71,83.72,83.64,83.69,4382.24
1777722300000,83.69,83.69,83.61,83.61,1351.718
1777722600000,83.61,83.67,83.61,83.67,5164.622
1777722900000,83.67,83.7,83.66,83.7,2622.602
1777723200000,83.7,83.73,83.67,83.73,4187.161
1777723500000,83.74,83.82,83.73,83.75,4739.599
1777723800000,83.75,83.8,83.75,83.79,1932.375
1777724100000,83.79,83.84,83.79,83.84,1546.442
1777724400000,83.83,83.92,83.82,83.9,7131.322
1777724700000,83.91,84.06,83.9,84.06,8751.13
1777725000000,84.06,84.11,83.86,83.93,18354.563
1777725300000,83.93,83.95,83.82,83.82,12492.194
1777725600000,83.82,83.96,83.77,83.92,8555.287
1777725900000,83.93,83.94,83.92,83.94,866.014
1777726200000,83.94,83.99,83.81,83.83,11344.175
1777726500000,83.83,83.92,83.82,83.86,7664.682
1777726800000,83.87,83.98,83.86,83.97,2881.885
1777727100000,83.97,84.01,83.93,83.96,8607.504
1777727400000,83.97,84.08,83.97,84.01,9401.18
1777727700000,84.0,84.0,83.96,83.97,4366.025
1777728000000,83.98,84.02,83.96,83.96,3546.582
1777728300000,83.97,83.97,83.95,83.96,1163.059
1777728600000,83.96,83.96,83.92,83.94,1975.244
1777728900000,83.93,83.94,83.89,83.91,1036.829
1777729200000,83.91,83.98,83.9,83.97,1378.809
1777729500000,83.97,83.98,83.92,83.92,1843.04
1777729800000,83.93,83.94,83.89,83.91,2248.65
1777730100000,83.92,83.99,83.92,83.94,2468.332
1777730400000,83.95,84.02,83.91,84.0,7852.403
1777730700000,83.99,84.01,83.95,83.96,2313.64
1777731000000,83.95,83.96,83.93,83.95,887.409
1777731300000,83.95,84.01,83.94,84.0,2597.942
1777731600000,83.99,84.01,83.98,83.99,1760.793
1777731900000,83.98,84.1,83.98,84.01,6491.375
1777732200000,84.0,84.05,83.98,84.04,1753.38
1777732500000,84.05,84.05,83.96,83.96,2323.493
1777732800000,83.97,83.97,83.95,83.95,900.867
1777733100000,83.96,84.02,83.95,84.02,2338.624
1777733400000,84.01,84.08,83.99,84.0,2906.749
1777733700000,84.0,84.0,83.97,83.98,1084.118
1777734000000,83.98,83.99,83.97,83.99,1234.637
1777734300000,83.99,84.07,83.98,84.01,1847.221
1777734600000,84.0,84.01,83.97,83.99,1173.127
1777734900000,83.99,83.99,83.93,83.94,2011.078
1777735200000,83.94,84.0,83.93,83.99,2084.931
1777735500000,83.98,84.0,83.98,84.0,1057.836
1777735800000,84.0,84.0,83.95,84.0,2257.83
1777736100000,84.0,84.01,83.98,83.98,1220.455
1777736400000,83.99,83.99,83.97,83.97,1440.192
1777736700000,83.98,84.0,83.96,83.98,3591.658
1777737000000,83.99,84.05,83.98,84.04,1689.436
1777737300000,84.04,84.07,84.03,84.04,2145.757
1777737600000,84.04,84.06,84.02,84.04,1892.79
1777737900000,84.04,84.08,84.02,84.05,3683.804
1777738200000,84.05,84.11,84.05,84.11,3496.772
1777738500000,84.1,84.18,84.08,84.16,5562.802
1777738800000,84.17,84.21,84.13,84.13,13074.882
1777739100000,84.13,84.14,84.08,84.08,3429.1
1777739400000,84.08,84.09,84.05,84.05,3617.746
1777739700000,84.06,84.13,84.05,84.1,3782.887
1777740000000,84.1,84.2,84.09,84.11,5049.638
1777740300000,84.11,84.16,84.1,84.16,1487.694
1777740600000,84.15,84.24,84.15,84.22,2828.019
1777740900000,84.22,84.28,84.16,84.2,2974.92
1777741200000,84.2,84.21,84.12,84.15,3719.409
1777741500000,84.14,84.15,84.08,84.13,1708.659
1777741800000,84.13,84.15,84.1,84.1,1041.83
1777742100000,84.11,84.12,84.08,84.08,1002.322
1777742400000,84.08,84.09,84.04,84.04,2597.42
1777742700000,84.05,84.08,84.03,84.05,2997.856
1777743000000,84.05,84.11,84.05,84.11,2507.526
1777743300000,84.1,84.15,84.1,84.12,1284.116
1777743600000,84.12,84.12,84.02,84.04,940.951
1777743900000,84.04,84.05,84.02,84.02,552.883
1777744200000,84.01,84.04,84.0,84.03,2729.436
1777744500000,84.03,84.05,84.03,84.05,1992.852
1777744800000,84.04,84.06,83.97,83.98,7583.519
1777745100000,83.99,84.04,83.96,83.98,9514.666
1777745400000,83.98,83.99,83.95,83.97,2796.101
1777745700000,83.97,84.08,83.97,84.06,3223.413
1777746000000,84.07,84.13,84.06,84.11,3487.599
1777746300000,84.11,84.14,84.1,84.13,1093.562
1777746600000,84.13,84.19,84.12,84.17,1601.284
1777746900000,84.18,84.19,84.14,84.14,2111.827
1777747200000,84.14,84.18,84.14,84.15,1557.692
1777747500000,84.16,84.21,84.15,84.21,1929.187
1777747800000,84.2,84.22,84.18,84.2,1602.961
1777748100000,84.2,84.21,84.19,84.19,1079.643
1777748400000,84.2,84.22,84.17,84.21,957.438
1777748700000,84.22,84.24,84.21,84.23,1105.395
1777749000000,84.24,84.31,84.23,84.29,2959.139
1777749300000,84.3,84.3,84.23,84.23,1809.673
1777749600000,84.23,84.24,84.19,84.21,3701.566
1777749900000,84.22,84.23,84.21,84.21,594.811
1777750200000,84.22,84.24,84.19,84.23,997.667
1777750500000,84.22,84.24,84.22,84.23,1175.5
1777750800000,84.22,84.28,84.22,84.25,2143.832
1777751100000,84.25,84.26,84.23,84.24,732.251
1777751400000,84.25,84.25,84.21,84.22,1213.921
1777751700000,84.21,84.23,84.21,84.22,1302.25
1777752000000,84.23,84.23,84.16,84.17,1516.815
1777752300000,84.16,84.18,84.16,84.17,736.22
1777752600000,84.18,84.18,84.17,84.17,574.218
1777752900000,84.17,84.18,84.17,84.18,1858.193
1777753200000,84.18,84.2,84.18,84.18,716.596
1777753500000,84.18,84.18,84.17,84.17,677.426
1777753800000,84.18,84.21,84.17,84.2,2117.592
1777754100000,84.2,84.22,84.19,84.21,1583.635
1777754400000,84.22,84.22,84.15,84.16,1372.617
1777754700000,84.17,84.17,84.09,84.13,4521.246
1777755000000,84.13,84.21,84.13,84.2,1438.31
1777755300000,84.2,84.2,84.15,84.18,3639.532
1777755600000,84.19,84.21,84.18,84.18,2190.152
1777755900000,84.18,84.2,84.18,84.19,930.446
1777756200000,84.18,84.19,84.15,84.16,1974.375
1777756500000,84.16,84.24,84.16,84.24,2147.548
1777756800000,84.24,84.26,84.23,84.25,2411.381
1777757100000,84.24,84.35,84.24,84.34,3746.182
1777757400000,84.34,84.44,84.34,84.44,4992.081
1777757700000,84.44,84.97,84.39,84.69,40969.308
1777758000000,84.68,84.7,84.55,84.64,12013.21
1777758300000,84.64,84.8,84.64,84.75,13756.456
1777758600000,84.75,84.89,84.53,84.54,12735.787
1777758900000,84.55,84.62,84.54,84.55,5822.15
1777759200000,84.55,84.64,84.43,84.48,6377.186
1777759500000,84.48,84.51,84.42,84.44,3324.141
1777759800000,84.45,84.46,84.41,84.43,2357.209
1777760100000,84.43,84.44,84.24,84.27,6928.438
1777760400000,84.27,84.27,84.09,84.1,9800.323
1777760700000,84.11,84.33,84.07,84.23,12868.835
1777761000000,84.24,84.36,84.23,84.36,3218.956
1777761300000,84.37,84.38,84.26,84.26,1894.206
1777761600000,84.27,84.3,84.19,84.24,3406.724
1777761900000,84.23,84.33,84.23,84.32,5093.784
1777762200000,84.33,84.48,84.28,84.45,6876.863
1777762500000,84.45,84.55,84.44,84.46,5433.222
1777762800000,84.45,84.45,84.32,84.34,2207.173
1777763100000,84.35,84.36,84.3,84.33,9613.822
1777763400000,84.33,84.39,84.31,84.37,12868.394
1777763700000,84.37,84.42,84.37,84.39,1839.874
1777764000000,84.38,84.45,84.38,84.42,1835.618
1777764300000,84.42,84.49,84.4,84.48,2029.843
1777764600000,84.48,84.51,84.46,84.46,1301.256
1777764900000,84.47,84.48,84.39,84.4,3304.86
1777765200000,84.39,84.41,84.37,84.37,1267.367
1777765500000,84.37,84.38,84.31,84.33,8233.12
1777765800000,84.34,84.41,84.3,84.41,3804.08
1777766100000,84.41,84.48,84.22,84.26,30409.513
1777766400000,84.26,84.31,84.18,84.19,5733.775
1777766700000,84.19,84.19,84.06,84.1,7682.908
1777767000000,84.09,84.09,83.96,83.98,7235.078
1777767300000,83.97,84.1,83.83,84.08,37609.111
1777767600000,84.07,84.13,84.04,84.05,10122.494
1777767900000,84.05,84.13,84.04,84.13,3968.853
1777768200000,84.13,84.19,84.11,84.16,2465.078
1777768500000,84.17,84.17,84.15,84.16,3134.521
1777768800000,84.17,84.17,84.05,84.09,5189.831
1777769100000,84.08,84.1,83.94,83.98,6124.159
1777769400000,83.98,84.03,83.97,84.02,7487.627
1777769700000,84.02,84.08,84.01,84.08,4584.91
1777770000000,84.08,84.08,83.82,83.97,10596.152
1777770300000,83.97,84.01,83.94,83.98,2990.785
1777770600000,83.98,83.98,83.94,83.97,3138.785
1777770900000,83.98,84.0,83.82,83.83,3615.23
1777771200000,83.84,83.87,83.78,83.87,4195.16
1777771500000,83.86,83.89,83.84,83.87,2801.459
1777771800000,83.86,83.87,83.8,83.81,5258.605
1777772100000,83.8,83.81,83.73,83.75,3278.359
1777772400000,83.76,83.77,83.74,83.77,7326.431
1777772700000,83.77,83.82,83.72,83.82,10573.55
1777773000000,83.81,83.82,83.74,83.75,2648.892
1777773300000,83.75,83.75,83.74,83.75,2086.669
1777773600000,83.74,83.81,83.68,83.8,10458.777
1777773900000,83.79,83.81,83.76,83.77,6735.453
1777774200000,83.77,83.78,83.61,83.69,9558.535
1777774500000,83.7,83.7,83.63,83.64,2756.301
1777774800000,83.64,83.64,83.61,83.62,4546.911
1777775100000,83.62,83.63,83.61,83.61,1939.272
1777775400000,83.62,83.71,83.61,83.69,5925.288
1777775700000,83.69,83.69,83.6,83.63,3369.902
1777776000000,83.62,83.65,83.62,83.63,1336.785
1777776300000,83.64,83.69,83.63,83.68,1780.341
1777776600000,83.67,83.72,83.66,83.68,2820.86
1777776900000,83.68,83.68,83.65,83.66,1209.964
1777777200000,83.66,83.67,83.6,83.61,3883.013
1777777500000,83.61,83.63,83.6,83.63,1648.184
1777777800000,83.63,83.63,83.59,83.59,1254.362
1777778100000,83.6,83.62,83.59,83.61,3872.08
1777778400000,83.61,83.64,83.58,83.58,5876.104
1777778700000,83.59,83.65,83.58,83.63,1638.446
1777779000000,83.63,83.72,83.63,83.71,2905.789
1777779300000,83.71,83.74,83.7,83.72,2252.741
1777779600000,83.72,83.72,83.61,83.62,4521.577
1777779900000,83.62,83.68,83.58,83.67,3414.642
1777780200000,83.68,83.69,83.65,83.68,1780.119
1777780500000,83.68,83.69,83.66,83.67,1568.168
1777780800000,83.66,83.69,83.63,83.64,6200.436
1777781100000,83.63,83.66,83.58,83.59,3520.488
1777781400000,83.58,83.65,83.58,83.63,1844.86
1777781700000,83.62,83.66,83.62,83.64,2026.673
1777782000000,83.64,83.66,83.62,83.66,2670.257
1777782300000,83.66,83.68,83.64,83.68,1990.953
1777782600000,83.68,83.72,83.67,83.71,4938.474
1777782900000,83.71,83.73,83.69,83.71,1009.081
1777783200000,83.71,83.76,83.69,83.69,2941.172
1777783500000,83.7,83.72,83.68,83.68,2606.133
1777783800000,83.68,83.73,83.67,83.73,1841.152
1777784100000,83.73,83.73,83.69,83.7,1028.03
1777784400000,83.7,83.8,83.69,83.8,3514.502
1777784700000,83.8,83.86,83.78,83.81,2409.787
1777785000000,83.81,83.82,83.79,83.8,1316.935
1777785300000,83.81,83.85,83.76,83.76,2753.738
1777785600000,83.77,83.78,83.76,83.77,659.318
1777785900000,83.76,83.78,83.75,83.76,959.648
1777786200000,83.77,83.8,83.75,83.8,1290.225
1777786500000,83.79,83.79,83.74,83.75,1550.699
1777786800000,83.75,83.75,83.69,83.69,3374.205
1777787100000,83.69,83.75,83.67,83.74,2636.001
1777787400000,83.74,83.76,83.74,83.76,620.296
1777787700000,83.75,83.76,83.75,83.76,676.351
1777788000000,83.75,83.76,83.7,83.72,1493.994
1777788300000,83.71,83.72,83.67,83.69,1393.906
1777788600000,83.69,83.73,83.65,83.65,1744.584
1777788900000,83.66,83.68,83.66,83.67,1164.731
1777789200000,83.67,83.67,83.66,83.66,294.251
1777789500000,83.67,83.67,83.6,83.63,1872.563
1777789800000,83.62,83.68,83.62,83.67,1016.041
1777790100000,83.66,83.68,83.66,83.67,1184.714
1777790400000,83.67,83.69,83.64,83.69,1610.131
1777790700000,83.69,83.7,83.68,83.7,1294.392
1777791000000,83.69,83.88,83.69,83.84,4472.182
1777791300000,83.83,83.84,83.75,83.76,1236.508
1777791600000,83.76,83.9,83.75,83.87,2579.254
1777791900000,83.87,83.97,83.86,83.9,6725.42
1777792200000,83.9,83.92,83.82,83.84,2717.02
1777792500000,83.85,83.87,83.84,83.85,699.184
1777792800000,83.85,83.93,83.85,83.92,1072.072
1777793100000,83.93,83.98,83.92,83.93,5869.106
1777793400000,83.92,84.01,83.92,83.95,14911.402
1777793700000,83.94,83.98,83.94,83.98,2734.428
1777794000000,83.97,84.02,83.88,83.94,13145.7
1777794300000,83.94,83.98,83.91,83.94,4251.685
1777794600000,83.94,83.95,83.88,83.89,8325.854
1777794900000,83.89,83.9,83.86,83.88,1827.064
1777795200000,83.88,83.97,83.87,83.96,2011.11
1777795500000,83.96,84.0,83.95,83.96,2426.36
1777795800000,83.95,83.98,83.94,83.97,1272.629
1777796100000,83.98,84.03,83.97,83.98,4515.698
1777796400000,83.98,84.0,83.9,83.9,2317.089
1777796700000,83.9,83.92,83.84,83.86,2041.6
1777797000000,83.87,83.89,83.83,83.84,2270.264
1777797300000,83.84,83.93,83.84,83.91,1663.926
1777797600000,83.91,83.93,83.89,83.92,636.659
1777797900000,83.93,83.96,83.92,83.92,1264.922
1777798200000,83.93,83.94,83.91,83.92,1040.979
1777798500000,83.92,83.93,83.89,83.9,1168.238
1777798800000,83.89,83.9,83.88,83.89,1129.719
1777799100000,83.9,83.97,83.89,83.96,3199.719
1777799400000,83.97,83.97,83.94,83.95,1143.619
1777799700000,83.96,83.96,83.89,83.92,2969.229
1777800000000,83.92,83.99,83.91,83.99,2379.708
1777800300000,83.99,84.05,83.99,84.02,3493.092
1777800600000,84.03,84.03,83.91,83.95,5143.432
1777800900000,83.94,84.11,83.94,84.08,11672.124
1777801200000,84.09,84.09,84.01,84.01,4114.03
1777801500000,84.02,84.02,83.97,84.02,1889.616
1777801800000,84.02,84.07,84.01,84.05,1335.649
1777802100000,84.06,84.06,84.04,84.06,3343.952
1777802400000,84.06,84.06,84.01,84.01,3799.205
1777802700000,84.02,84.02,83.92,83.98,3464.926
1777803000000,83.98,84.02,83.98,84.02,964.522
1777803300000,84.02,84.02,84.0,84.02,1882.276
1777803600000,84.02,84.03,83.97,83.98,3422.568
1777803900000,83.98,83.98,83.94,83.96,2090.652
1777804200000,83.96,84.04,83.95,84.03,2698.54
1777804500000,84.02,84.03,83.98,83.98,1992.178
1777804800000,83.99,84.01,83.94,83.96,3457.825
1777805100000,83.96,83.96,83.85,83.86,2179.507
1777805400000,83.85,83.88,83.85,83.88,1375.59
1777805700000,83.88,83.88,83.82,83.83,2231.536
1777806000000,83.82,83.84,83.75,83.79,10073.866
1777806300000,83.78,83.85,83.78,83.84,2000.78
1777806600000,83.85,83.97,83.84,83.91,7512.643
1777806900000,83.91,83.92,83.87,83.87,5147.193
1777807200000,83.87,83.88,83.86,83.88,572.883
1777807500000,83.87,83.88,83.87,83.88,1490.17
1777807800000,83.87,84.0,83.87,83.99,4443.087
1777808100000,83.98,84.04,83.96,83.97,4291.207
1777808400000,83.98,84.15,83.98,84.06,7070.646
1777808700000,84.07,84.2,84.02,84.14,15630.333
1777809000000,84.14,84.15,83.96,84.0,9345.097
1777809300000,84.01,84.01,83.95,83.96,1757.478
1777809600000,83.96,84.08,83.95,84.04,4131.278
1777809900000,84.04,84.15,84.01,84.09,3297.695
1777810200000,84.1,84.24,84.1,84.18,6311.225
1777810500000,84.19,84.2,84.1,84.1,5287.674
1777810800000,84.11,84.13,84.09,84.13,3103.099
1777811100000,84.12,84.16,84.09,84.15,5867.006
1777811400000,84.14,84.15,84.09,84.12,5900.552
1777811700000,84.12,84.13,84.09,84.09,2865.91
1777812000000,84.09,84.14,84.09,84.14,3421.993
1777812300000,84.14,84.18,84.13,84.15,4846.693
1777812600000,84.15,84.15,84.12,84.13,1561.488
1777812900000,84.13,84.13,84.08,84.11,1750.599
1777813200000,84.11,84.12,84.07,84.12,3912.39
1777813500000,84.12,84.17,84.11,84.16,2611.811
1777813800000,84.17,84.22,84.17,84.21,2505.443
1777814100000,84.21,84.22,84.1,84.1,3245.754
1777814400000,84.1,84.14,84.09,84.14,1574.129
1777814700000,84.13,84.14,84.04,84.09,3209.897
1777815000000,84.08,84.14,84.08,84.13,2261.083
1777815300000,84.13,84.15,84.12,84.13,1043.869
1777815600000,84.13,84.14,84.01,84.03,2817.279
1777815900000,84.03,84.1,83.99,84.04,3969.92
1777816200000,84.04,84.09,84.03,84.07,2204.699
1777816500000,84.08,84.12,84.08,84.1,2204.421
1777816800000,84.1,84.23,84.1,84.2,4963.732
1777817100000,84.19,84.23,84.16,84.21,5457.555
1777817400000,84.21,84.26,84.21,84.26,1174.58
1777817700000,84.26,84.33,84.22,84.27,5703.39
1777818000000,84.26,84.27,84.15,84.22,10264.074
1777818300000,84.22,84.28,84.22,84.27,7337.743
1777818600000,84.28,84.33,84.26,84.32,4786.052
1777818900000,84.32,84.35,84.32,84.33,4267.927
1777819200000,84.32,84.34,84.3,84.33,2537.131
1777819500000,84.34,84.37,84.26,84.3,6564.256
1777819800000,84.3,84.43,84.29,84.4,5577.667
1777820100000,84.4,84.45,84.35,84.37,6364.578
1777820400000,84.37,84.44,84.36,84.37,11018.396
1777820700000,84.36,84.39,84.31,84.32,3864.507
1777821000000,84.32,84.32,84.22,84.29,7217.46
1777821300000,84.29,84.33,84.28,84.33,3146.638
1777821600000,84.32,84.33,84.25,84.29,3367.882
1777821900000,84.28,84.35,84.28,84.34,3471.601
1777822200000,84.34,84.4,84.26,84.26,3090.894
1777822500000,84.27,84.28,84.2,84.22,2232.778
1777822800000,84.21,84.23,84.18,84.22,2390.426
1777823100000,84.22,84.22,84.12,84.13,2192.001
1777823400000,84.13,84.16,84.11,84.12,5424.454
1777823700000,84.13,84.16,84.13,84.16,7147.049
1777824000000,84.16,84.22,84.15,84.17,2947.67
1777824300000,84.17,84.17,84.04,84.06,7647.208
1777824600000,84.06,84.06,84.02,84.05,1827.555
1777824900000,84.05,84.09,84.04,84.04,2308.694
1777825200000,84.05,84.15,84.01,84.13,5982.868
1777825500000,84.13,84.16,84.12,84.16,1547.54
1777825800000,84.15,84.23,84.14,84.23,1927.595
1777826100000,84.24,84.29,84.17,84.2,1538.173
1777826400000,84.2,84.21,84.18,84.19,945.008
1777826700000,84.2,84.22,84.16,84.17,1363.589
1777827000000,84.17,84.21,84.16,84.18,1695.956
1777827300000,84.18,84.18,84.13,84.14,1273.214
1777827600000,84.15,84.15,84.0,84.05,4910.903
1777827900000,84.06,84.11,84.03,84.09,1991.593
1777828200000,84.09,84.2,84.08,84.18,1525.171
1777828500000,84.19,84.26,84.19,84.26,1225.662
1777828800000,84.26,84.31,84.19,84.29,4934.399
1777829100000,84.29,84.3,84.24,84.24,2622.213
1777829400000,84.24,84.28,84.21,84.26,2563.121
1777829700000,84.26,84.33,84.26,84.26,3533.004
1777830000000,84.26,84.29,84.24,84.25,1666.771
1777830300000,84.26,84.26,84.21,84.25,1349.372
1777830600000,84.25,84.25,84.19,84.21,2216.775
1777830900000,84.22,84.22,84.18,84.2,1886.73
1777831200000,84.2,84.21,84.16,84.16,2628.727
1777831500000,84.17,84.18,84.14,84.17,1291.107
1777831800000,84.17,84.17,84.15,84.16,1351.464
1777832100000,84.16,84.19,84.11,84.19,2597.985
1777832400000,84.19,84.19,84.15,84.18,1276.722
1777832700000,84.18,84.26,84.17,84.21,1746.929
1777833000000,84.22,84.24,84.15,84.16,2390.799
1777833300000,84.16,84.23,84.15,84.19,2695.243
1777833600000,84.2,84.24,84.19,84.23,1491.688
1777833900000,84.24,84.28,84.23,84.28,1436.356
1777834200000,84.28,84.32,84.27,84.28,7135.298
1777834500000,84.28,84.29,84.23,84.26,2163.181
1777834800000,84.26,84.29,84.26,84.27,1464.956
1777835100000,84.27,84.34,84.26,84.3,3105.934
1777835400000,84.29,84.3,84.25,84.27,1509.721
1777835700000,84.28,84.29,84.24,84.27,5806.683
1777836000000,84.26,84.29,84.25,84.28,1817.127
1777836300000,84.28,84.3,84.27,84.3,642.49
1777836600000,84.3,84.5,84.29,84.45,5598.262
1777836900000,84.46,84.47,84.39,84.42,3830.589
1777837200000,84.41,84.45,84.41,84.45,1739.482
1777837500000,84.45,84.46,84.34,84.4,3240.49
1777837800000,84.4,84.41,84.38,84.39,848.725
1777838100000,84.39,84.39,84.37,84.38,1183.433
1777838400000,84.37,84.45,84.36,84.37,3423.809
1777838700000,84.36,84.39,84.36,84.38,3558.305
1777839000000,84.38,84.42,84.37,84.38,1939.395
1777839300000,84.37,84.41,84.33,84.39,3666.312
1777839600000,84.39,84.58,84.38,84.51,6293.241
1777839900000,84.52,84.56,84.46,84.5,4281.744
1777840200000,84.5,84.56,84.48,84.52,5026.603
1777840500000,84.52,84.73,84.52,84.54,25630.737
1777840800000,84.55,84.56,84.44,84.45,3586.989
1777841100000,84.46,84.48,84.25,84.27,3628.252
1777841400000,84.26,84.35,84.26,84.32,6370.677
1777841700000,84.32,84.35,84.31,84.34,883.948
1777842000000,84.34,84.35,84.26,84.3,3933.181
1777842300000,84.31,84.37,84.31,84.34,3247.458
1777842600000,84.34,84.46,84.34,84.46,3194.435
1777842900000,84.46,84.46,84.4,84.4,1986.043
1777843200000,84.4,84.42,84.36,84.36,8501.842
1777843500000,84.37,84.37,84.3,84.32,5203.751
1777843800000,84.32,84.4,84.3,84.37,8413.405
1777844100000,84.37,84.39,84.32,84.33,5083.9
1777844400000,84.32,84.32,83.9,83.98,14666.227
1777844700000,83.97,84.01,83.88,83.97,9040.051
1777845000000,83.98,84.08,83.96,84.08,2953.005
1777845300000,84.08,84.14,84.07,84.14,3006.205
1777845600000,84.14,84.65,84.14,84.54,31959.201
1777845900000,84.54,84.57,84.36,84.43,7066.498
1777846200000,84.43,84.85,84.43,84.76,22668.63
1777846500000,84.75,84.97,84.56,84.78,32001.708
1777846800000,84.78,84.79,84.48,84.53,9134.697
1777847100000,84.53,84.61,84.51,84.58,4592.043
1777847400000,84.58,84.63,84.46,84.62,10238.683
1777847700000,84.63,84.64,84.51,84.59,2669.755
1777848000000,84.59,84.79,84.59,84.74,11850.646
1777848300000,84.74,84.86,84.73,84.8,9377.338
1777848600000,84.8,84.8,84.62,84.63,6364.263
1777848900000,84.63,84.69,84.62,84.68,10872.486
1777849200000,84.67,84.77,84.62,84.76,4412.474
1777849500000,84.77,84.79,84.61,84.62,6856.988
1777849800000,84.61,84.63,84.49,84.54,5734.539
1777850100000,84.55,84.58,84.44,84.47,6504.066
1777850400000,84.47,84.47,83.99,84.17,16089.764
1777850700000,84.17,84.18,84.05,84.07,3387.838
1777851000000,84.07,84.16,84.01,84.02,8413.972
1777851300000,84.02,84.09,83.99,84.08,11035.73
1777851600000,84.08,84.09,83.97,84.02,10933.12
1777851900000,84.01,84.01,83.88,83.93,14702.783
1777852200000,83.94,83.95,83.89,83.95,6636.602
1777852500000,83.94,83.95,83.87,83.91,9475.623
1777852800000,83.91,83.91,83.71,83.78,16231.169
1777853100000,83.77,83.82,83.67,83.69,26916.089
1777853400000,83.69,83.78,83.63,83.78,13046.596
1777853700000,83.78,83.79,83.62,83.65,9300.952
1777854000000,83.64,83.66,83.42,83.45,28454.828
1777854300000,83.44,83.48,83.35,83.44,12760.24
1777854600000,83.44,83.55,83.39,83.51,15695.581
1777854900000,83.5,83.5,83.38,83.4,8126.908
1777855200000,83.4,83.47,83.4,83.46,14396.026
1777855500000,83.46,83.61,83.46,83.6,7965.901
1777855800000,83.6,83.62,83.52,83.6,6337.237
1777856100000,83.59,83.83,83.59,83.78,6367.998
1777856400000,83.78,83.9,83.63,83.64,6493.619
1777856700000,83.65,83.74,83.63,83.73,2342.922
1777857000000,83.73,83.73,83.62,83.7,4426.674
1777857300000,83.7,83.76,83.57,83.57,15475.918
1777857600000,83.58,83.59,83.43,83.46,15332.075
1777857900000,83.47,83.6,83.44,83.58,11473.837
1777858200000,83.58,84.43,83.57,84.21,22402.946
1777858500000,84.21,84.24,83.98,84.1,5825.693
1777858800000,84.11,84.16,84.0,84.03,9180.608
1777859100000,84.02,84.27,84.01,84.26,5895.938
1777859400000,84.25,84.61,84.23,84.43,27922.296
1777859700000,84.44,84.93,84.44,84.77,64417.403
1777860000000,84.77,85.25,84.77,84.97,109872.0
1777860300000,84.97,85.17,84.94,85.15,27992.554
1777860600000,85.16,85.16,85.0,85.01,23181.687
1777860900000,85.02,85.16,84.92,85.08,26718.818
1777861200000,85.07,85.2,84.81,84.9,69511.867
1777861500000,84.9,85.07,84.74,85.05,16886.897
1777861800000,85.05,85.26,85.05,85.17,23689.296
1777862100000,85.17,85.55,85.13,85.4,64108.459
1777862400000,85.39,85.67,85.34,85.51,67593.384
1777862700000,85.51,85.55,85.35,85.43,18183.202
1777863000000,85.44,85.57,85.43,85.49,13978.302
1777863300000,85.49,85.57,85.25,85.26,14901.002
1777863600000,85.26,85.35,85.21,85.32,16939.262
1777863900000,85.31,85.5,85.31,85.43,9451.615
1777864200000,85.43,85.58,85.42,85.58,14432.617
1777864500000,85.57,85.57,85.43,85.45,10359.541
1777864800000,85.46,85.56,85.34,85.34,11990.296
1777865100000,85.34,85.36,85.24,85.3,7167.328
1777865400000,85.31,85.37,85.29,85.31,8510.81
1777865700000,85.31,85.34,85.21,85.22,9272.278
1777866000000,85.23,85.24,85.11,85.22,9768.502
1777866300000,85.22,85.4,85.18,85.35,8324.877
1777866600000,85.35,85.4,85.32,85.36,6537.42
1777866900000,85.36,85.42,85.35,85.41,2536.079
1777867200000,85.4,85.49,85.38,85.46,10899.374
1777867500000,85.47,85.49,85.38,85.43,14828.392
1777867800000,85.43,85.56,85.38,85.53,11730.419
1777868100000,85.53,85.79,85.5,85.72,16994.607
1777868400000,85.72,85.8,85.5,85.57,29945.861
1777868700000,85.56,85.71,85.56,85.7,8012.079
1777869000000,85.69,85.84,85.69,85.81,13601.885
1777869300000,85.82,85.9,85.76,85.77,16580.763
1777869600000,85.77,85.84,85.76,85.83,7736.55
1777869900000,85.83,85.86,85.79,85.8,12350.183
1777870200000,85.79,85.84,85.71,85.8,10513.724
1777870500000,85.8,85.8,85.7,85.76,7710.046
1777870800000,85.77,85.8,85.63,85.68,6479.908
1777871100000,85.68,85.78,85.62,85.68,15304.689
1777871400000,85.68,85.69,85.54,85.66,16688.84
1777871700000,85.66,85.66,85.28,85.45,43856.098
1777872000000,85.44,85.5,85.39,85.45,7701.988
1777872300000,85.44,85.47,85.38,85.41,28811.957
1777872600000,85.42,85.42,85.35,85.37,23863.233
1777872900000,85.38,85.5,85.37,85.5,5879.206
1777873200000,85.49,85.51,85.45,85.5,9345.851
1777873500000,85.49,85.5,85.4,85.4,3744.751
1777873800000,85.41,85.43,85.36,85.36,7570.274
1777874100000,85.37,85.4,85.36,85.38,4513.561
1777874400000,85.39,85.41,85.3,85.3,4842.675
1777874700000,85.3,85.31,85.19,85.28,18256.79
1777875000000,85.27,85.37,85.26,85.3,11708.442
1777875300000,85.3,85.31,85.09,85.12,44411.784
1777875600000,85.11,85.12,84.86,84.9,12884.251
1777875900000,84.89,84.89,84.51,84.8,26940.934
1777876200000,84.81,84.84,84.72,84.74,6745.103
1777876500000,84.74,84.78,84.67,84.69,9888.697
1777876800000,84.68,84.83,84.59,84.75,26739.21
1777877100000,84.76,84.97,84.76,84.92,5815.797
1777877400000,84.91,85.02,84.84,84.9,15564.04
1777877700000,84.9,84.94,84.85,84.88,6584.808
1777878000000,84.88,84.97,84.8,84.91,5362.283
1777878300000,84.91,84.97,84.88,84.91,2401.305
1777878600000,84.91,84.97,84.89,84.96,2164.426
1777878900000,84.97,85.01,84.9,84.92,7038.267
1777879200000,84.91,84.96,84.89,84.9,4791.676
1777879500000,84.9,84.94,84.82,84.86,2919.862
1777879800000,84.86,84.86,84.74,84.75,5224.645
1777880100000,84.75,84.79,84.68,84.73,5279.866
1777880400000,84.73,84.88,84.72,84.88,2749.85
1777880700000,84.88,85.0,84.85,84.96,5237.657
1777881000000,84.97,84.97,84.86,84.91,1922.595
1777881300000,84.9,84.92,84.87,84.87,1601.046
1777881600000,84.87,84.87,84.7,84.7,8147.619
1777881900000,84.7,84.78,84.62,84.78,9368.68
1777882200000,84.79,84.85,84.77,84.85,2475.881
1777882500000,84.84,84.87,84.75,84.78,2805.827
1777882800000,84.78,84.78,84.66,84.74,3724.309
1777883100000,84.73,84.83,84.69,84.82,5496.298
1777883400000,84.82,84.89,84.79,84.81,2021.651
1777883700000,84.8,84.85,84.78,84.81,1400.041
1777884000000,84.81,84.84,84.77,84.77,3262.805
1777884300000,84.78,84.82,84.76,84.82,2233.277
1777884600000,84.81,84.82,84.71,84.82,3195.216
1777884900000,84.82,84.91,84.75,84.77,5746.178
1777885200000,84.77,84.82,84.68,84.79,12012.502
1777885500000,84.8,84.8,84.74,84.79,3679.89
1777885800000,84.79,84.86,84.77,84.78,5498.447
1777886100000,84.78,84.8,84.76,84.78,1845.944
1777886400000,84.77,84.79,84.76,84.79,4428.938
1777886700000,84.79,84.93,84.78,84.83,3205.941
1777887000000,84.83,84.99,84.79,84.99,3427.408
1777887300000,84.99,85.02,84.95,85.01,10484.709
1777887600000,85.01,85.18,85.0,85.14,14534.96
1777887900000,85.14,85.16,85.04,85.15,3481.25
1777888200000,85.15,85.2,85.13,85.17,6829.971
1777888500000,85.17,85.18,85.03,85.03,4056.294
1777888800000,85.04,85.07,84.29,84.33,45780.869
1777889100000,84.32,84.35,83.65,83.88,72194.795
1777889400000,83.88,83.88,83.61,83.85,38377.428
1777889700000,83.84,83.84,83.41,83.45,59197.116
1777890000000,83.45,83.55,83.31,83.36,65934.948
1777890300000,83.36,83.57,83.23,83.55,25369.434
1777890600000,83.54,84.07,83.4,84.07,58329.349
1777890900000,84.07,84.15,83.98,84.05,31089.851
1777891200000,84.05,84.16,84.04,84.05,15484.362
1777891500000,84.05,84.2,84.02,84.16,11437.849
1777891800000,84.17,84.18,84.05,84.06,12150.038
1777892100000,84.06,84.11,83.95,84.04,9763.067
1777892400000,84.04,84.15,83.96,83.99,9776.431
1777892700000,84.0,84.09,83.99,84.09,4163.747
1777893000000,84.1,84.14,84.01,84.08,7796.143
1777893300000,84.07,84.14,84.01,84.11,3907.05
1777893600000,84.12,84.15,83.92,83.92,9543.135
1777893900000,83.93,83.96,83.9,83.91,5520.7
1777894200000,83.91,83.93,83.83,83.92,6889.113
1777894500000,83.93,84.08,83.84,83.92,10225.148
1777894800000,83.91,83.99,83.86,83.95,5932.156
1777895100000,83.95,83.97,83.87,83.88,11479.291
1777895400000,83.88,84.01,83.87,83.97,2393.03
1777895700000,83.98,84.02,83.95,83.95,5211.595
1777896000000,83.96,83.96,83.86,83.92,10596.969
1777896300000,83.93,83.98,83.85,83.88,3259.429
1777896600000,83.88,83.97,83.87,83.96,4643.556
1777896900000,83.95,84.13,83.86,84.11,10595.461
1777897200000,84.11,84.16,84.05,84.1,3850.996
1777897500000,84.1,84.13,84.07,84.08,1868.609
1777897800000,84.08,84.1,83.96,83.98,3589.502
1777898100000,83.98,84.09,83.97,83.98,3850.944
1777898400000,83.99,84.08,83.98,84.07,6171.741
1777898700000,84.08,84.09,84.01,84.06,1767.819
1777899000000,84.07,84.07,84.02,84.04,2017.307
1777899300000,84.03,84.06,83.88,83.9,10323.813
1777899600000,83.89,83.89,83.59,83.8,28200.046
1777899900000,83.8,84.0,83.75,84.0,5307.949
1777900200000,84.0,84.2,83.99,84.02,11731.512
1777900500000,84.02,84.15,84.0,84.11,6120.281
1777900800000,84.11,84.18,84.07,84.08,6815.672
1777901100000,84.07,84.13,84.06,84.13,3751.062
1777901400000,84.13,84.28,84.11,84.25,12474.492
1777901700000,84.25,84.34,84.06,84.17,12032.541
1777902000000,84.17,84.2,84.1,84.1,9016.701
1777902300000,84.09,84.21,84.01,84.09,5811.289
1777902600000,84.08,84.1,83.94,83.97,4408.665
1777902900000,83.97,84.04,83.9,84.0,4079.917
1777903200000,84.0,84.08,83.85,83.87,6995.967
1777903500000,83.87,83.97,83.78,83.84,16993.995
1777903800000,83.84,84.3,83.83,84.25,6897.835
1777904100000,84.24,84.31,84.21,84.27,6371.126
1777904400000,84.27,84.52,84.27,84.52,10045.483
1777904700000,84.51,84.71,84.46,84.46,22652.572
1777905000000,84.46,84.73,84.44,84.62,10250.724
1777905300000,84.61,84.83,84.6,84.75,27054.832
1777905600000,84.75,84.83,84.65,84.66,9283.721
1777905900000,84.66,85.11,84.66,84.96,59378.949
1777906200000,84.97,85.28,84.96,85.24,31453.205
1777906500000,85.24,85.32,84.94,84.99,26235.222
1777906800000,84.99,85.18,84.93,84.94,26948.108
1777907100000,84.93,85.02,84.83,84.87,50409.821
1777907400000,84.87,84.93,84.75,84.86,14020.733
1777907700000,84.86,85.01,84.29,84.32,34697.879
1777908000000,84.31,84.41,83.99,84.31,54326.143
1777908300000,84.3,84.64,84.28,84.48,28917.882
1777908600000,84.48,84.55,84.24,84.44,16354.334
1777908900000,84.43,84.5,84.29,84.43,12916.177
1777909200000,84.43,84.55,84.35,84.55,6595.973
1777909500000,84.54,84.59,84.31,84.37,9291.09
1777909800000,84.37,84.5,84.07,84.5,29171.382
1777910100000,84.49,84.63,84.41,84.47,16171.234
1777910400000,84.47,84.54,84.44,84.5,10670.919
1777910700000,84.51,84.52,84.0,84.19,28166.852
1777911000000,84.18,84.19,84.04,84.09,9011.13
1777911300000,84.09,84.57,83.98,84.49,27168.51
1777911600000,84.49,84.8,84.48,84.6,15014.052
1777911900000,84.61,84.69,84.48,84.55,4978.234
1777912200000,84.56,84.59,84.46,84.59,5634.881
1777912500000,84.59,84.66,84.5,84.55,10075.039
1777912800000,84.55,84.72,84.55,84.64,10330.467
1777913100000,84.64,84.65,84.57,84.61,6401.963
1777913400000,84.6,84.62,84.5,84.51,4323.98
1777913700000,84.51,84.52,84.41,84.49,7250.572
1777914000000,84.48,84.77,84.48,84.73,9051.474
1777914300000,84.74,84.84,84.69,84.82,8496.41
1777914600000,84.82,84.94,84.76,84.8,10007.114
1777914900000,84.81,85.0,84.71,84.96,13638.739
1777915200000,84.95,84.99,84.86,84.94,8502.092
1777915500000,84.93,84.97,84.81,84.9,7514.395
1777915800000,84.9,84.91,84.73,84.74,9644.389
1777916100000,84.73,84.83,84.67,84.82,9440.578
1777916400000,84.82,84.87,84.77,84.79,6053.547
1777916700000,84.79,84.93,84.76,84.89,9642.914
1777917000000,84.88,85.19,84.88,84.98,48444.471
1777917300000,84.98,85.08,84.92,84.93,9347.952
1777917600000,84.94,85.04,84.87,85.02,7291.933
1777917900000,85.02,85.02,84.92,84.98,3585.89
1777918200000,84.98,85.02,84.94,84.94,3891.738
1777918500000,84.95,84.95,84.87,84.88,4275.354
1777918800000,84.88,84.92,84.79,84.81,16120.119
1777919100000,84.82,84.82,84.72,84.82,7127.372
1777919400000,84.82,84.86,84.78,84.84,1874.48
1777919700000,84.84,84.85,84.79,84.83,1846.865
1777920000000,84.82,84.84,84.71,84.72,1441.248
1777920300000,84.72,84.74,84.65,84.74,4258.487
1777920600000,84.74,84.75,84.58,84.67,7584.605
1777920900000,84.67,84.75,84.65,84.74,3310.654
1777921200000,84.74,84.76,84.6,84.6,2566.21
1777921500000,84.59,84.7,84.52,84.63,5975.698
1777921800000,84.64,84.64,84.58,84.61,1579.586
1777922100000,84.62,84.63,84.5,84.53,3305.403
1777922400000,84.54,84.57,84.49,84.5,2978.372
1777922700000,84.5,84.53,84.41,84.49,3560.566
1777923000000,84.49,84.52,84.43,84.43,1918.048
1777923300000,84.43,84.52,84.37,84.38,6504.252
1777923600000,84.38,84.43,84.37,84.41,4215.836
1777923900000,84.41,84.48,84.37,84.47,4187.53
1777924200000,84.47,84.47,84.37,84.39,3441.849
1777924500000,84.39,84.48,84.36,84.44,3029.644
1777924800000,84.45,84.47,84.28,84.31,5525.353
1777925100000,84.32,84.37,84.29,84.3,1966.959
1777925400000,84.3,84.35,84.29,84.34,1694.797
1777925700000,84.34,84.39,84.16,84.18,4699.148
1777926000000,84.18,84.26,84.14,84.21,2613.191
1777926300000,84.21,84.28,84.21,84.25,1700.932
1777926600000,84.24,84.25,84.16,84.18,6155.219
1777926900000,84.18,84.18,84.07,84.08,6626.18
1777927200000,84.09,84.13,84.06,84.09,3347.442
1777927500000,84.08,84.13,84.07,84.12,5149.989
1777927800000,84.12,84.13,84.06,84.07,1617.691
1777928100000,84.06,84.11,84.06,84.09,3590.371
1777928400000,84.09,84.22,84.08,84.19,6269.562
1777928700000,84.2,84.22,84.17,84.18,3094.757
1777929000000,84.19,84.26,84.17,84.26,5190.78
1777929300000,84.25,84.28,84.23,84.26,2100.266
1777929600000,84.25,84.37,84.25,84.36,2619.224
1777929900000,84.35,84.37,84.32,84.34,1661.798
1777930200000,84.34,84.43,84.33,84.41,2736.131
1777930500000,84.41,84.45,84.39,84.41,1783.875
1777930800000,84.41,84.46,84.39,84.41,6135.837
1777931100000,84.41,84.47,84.4,84.47,1742.951
1777931400000,84.46,84.51,84.43,84.44,2734.42
1777931700000,84.45,84.45,84.4,84.43,1584.161
1777932000000,84.42,84.56,84.39,84.45,5295.503
1777932300000,84.45,84.49,84.42,84.44,9730.69
1777932600000,84.45,84.52,84.43,84.49,8028.389
1777932900000,84.49,84.55,84.34,84.34,10809.476
1777933200000,84.34,84.37,84.29,84.34,4498.173
1777933500000,84.35,84.4,84.33,84.33,1238.791
1777933800000,84.33,84.34,84.2,84.21,4309.152
1777934100000,84.21,84.28,84.2,84.27,3627.657
1777934400000,84.26,84.29,84.21,84.21,1387.777
1777934700000,84.21,84.31,84.2,84.3,3670.898
1777935000000,84.3,84.3,84.2,84.21,15177.322
1777935300000,84.2,84.23,84.18,84.22,2161.943
1777935600000,84.22,84.22,84.11,84.18,2855.454
1777935900000,84.17,84.18,84.12,84.13,4316.056
1777936200000,84.12,84.15,84.1,84.14,8664.491
1777936500000,84.14,84.16,84.07,84.12,2434.981
1777936800000,84.12,84.13,84.09,84.11,7145.763
1777937100000,84.11,84.23,84.1,84.22,2563.856
1777937400000,84.22,84.22,84.08,84.1,2784.577
1777937700000,84.11,84.12,84.02,84.12,4439.733
1777938000000,84.11,84.11,84.07,84.08,2380.862
1777938300000,84.08,84.12,84.07,84.11,1830.291
1777938600000,84.1,84.14,84.07,84.12,3721.849
1777938900000,84.11,84.12,84.09,84.1,1740.951
1777939200000,84.11,84.21,84.05,84.17,8691.696
1777939500000,84.17,84.2,84.14,84.15,2498.032
1777939800000,84.14,84.19,84.14,84.17,1878.627
1777940100000,84.16,84.17,84.11,84.14,2503.355
1777940400000,84.14,84.14,84.04,84.06,3838.265
1777940700000,84.05,84.09,84.04,84.05,1558.177
1777941000000,84.06,84.26,84.06,84.23,6715.87
1777941300000,84.23,84.26,84.2,84.24,4947.338
1777941600000,84.23,84.25,84.16,84.25,4483.026
1777941900000,84.25,84.27,84.2,84.22,3912.727
1777942200000,84.21,84.38,84.21,84.34,6233.474
1777942500000,84.34,84.35,84.28,84.33,4529.811
1777942800000,84.33,84.34,84.14,84.23,7564.18
1777943100000,84.24,84.37,84.23,84.37,3958.718
1777943400000,84.36,84.41,84.34,84.35,5035.077
1777943700000,84.35,84.38,84.29,84.3,3603.07
1777944000000,84.31,84.4,84.3,84.38,5168.604
1777944300000,84.39,84.39,84.32,84.34,2112.314
1777944600000,84.35,84.35,84.2,84.25,2862.111
1777944900000,84.25,84.41,84.23,84.32,6427.196
1777945200000,84.32,84.41,84.31,84.36,4701.934
1777945500000,84.37,84.42,84.36,84.39,2293.635
1777945800000,84.38,84.47,84.38,84.43,4244.136
1777946100000,84.44,84.44,84.4,84.41,1664.675
1777946400000,84.41,84.62,84.34,84.61,11954.175
1777946700000,84.61,84.61,84.49,84.53,6023.767
1777947000000,84.53,84.58,84.49,84.58,3958.538
1777947300000,84.59,84.61,84.56,84.57,1569.592
1777947600000,84.57,84.6,84.52,84.6,1963.697
1777947900000,84.6,84.68,84.52,84.54,4584.761
1777948200000,84.54,84.62,84.53,84.62,3370.48
1777948500000,84.62,84.77,84.62,84.71,5464.648
1777948800000,84.71,84.73,84.61,84.73,12507.081
1777949100000,84.74,84.8,84.42,84.45,12215.822
1777949400000,84.45,84.51,84.45,84.47,5062.067
1777949700000,84.47,84.51,84.44,84.51,1844.186
1777950000000,84.51,84.54,84.41,84.41,5080.671
1777950300000,84.42,84.46,84.41,84.46,1661.676
1777950600000,84.46,84.64,84.45,84.6,3851.048
1777950900000,84.6,84.67,84.56,84.66,4072.321
1777951200000,84.67,84.75,84.66,84.71,5424.013
1777951500000,84.7,84.72,84.66,84.71,10170.409
1777951800000,84.7,84.74,84.66,84.69,4248.801
1777952100000,84.7,84.97,84.7,84.81,25303.563
1777952400000,84.8,84.9,84.8,84.82,6657.831
1777952700000,84.82,84.87,84.75,84.81,5596.13
1777953000000,84.81,84.81,84.76,84.77,4116.627
1777953300000,84.77,84.81,84.72,84.78,9842.516
1777953600000,84.77,84.88,84.74,84.81,13775.232
1777953900000,84.81,84.9,84.78,84.78,5738.583
1777954200000,84.78,84.79,84.68,84.71,4295.674
1777954500000,84.71,84.76,84.7,84.71,5627.658
1777954800000,84.72,84.72,84.64,84.65,14719.267
1777955100000,84.64,84.9,84.6,84.69,34416.001
1777955400000,84.69,84.69,84.59,84.64,4010.051
1777955700000,84.64,84.71,84.63,84.7,2653.265
1777956000000,84.7,84.7,84.65,84.65,2572.157
1777956300000,84.66,84.85,84.6,84.82,5897.068
1777956600000,84.82,84.88,84.77,84.8,3935.647
1777956900000,84.79,84.81,84.77,84.78,4404.986
1777957200000,84.78,84.8,84.73,84.75,7103.966
1777957500000,84.76,84.84,84.72,84.83,6216.054
1777957800000,84.84,84.93,84.82,84.84,10317.896
1777958100000,84.84,84.92,84.84,84.86,4530.325
1777958400000,84.86,85.01,84.84,84.98,13257.722
1777958700000,84.98,85.0,84.9,84.94,5852.587
1777959000000,84.94,84.98,84.89,84.98,12985.448
1777959300000,84.98,85.12,84.95,85.02,48435.186
1777959600000,85.02,85.07,84.93,84.94,11042.535
1777959900000,84.94,84.94,84.85,84.88,5974.526
1777960200000,84.89,85.05,84.89,85.05,14047.773
1777960500000,85.05,85.09,84.92,84.92,28452.605
1777960800000,84.93,84.98,84.79,84.82,6706.998
1777961100000,84.82,84.86,84.78,84.84,2730.181
1777961400000,84.83,84.87,84.81,84.82,5263.894
1777961700000,84.83,84.84,84.73,84.74,3460.429
1777962000000,84.74,84.74,84.58,84.64,8979.443
1777962300000,84.63,84.66,84.62,84.63,2822.168
1777962600000,84.62,84.72,84.62,84.69,3936.943
1777962900000,84.69,84.75,84.6,84.6,11362.459
1777963200000,84.61,84.64,84.54,84.6,14024.636
1777963500000,84.6,84.76,84.56,84.73,12008.852
1777963800000,84.73,84.82,84.72,84.82,8366.248
1777964100000,84.81,85.0,84.79,84.98,19183.74
1777964400000,84.99,85.03,84.8,84.9,17853.576
1777964700000,84.89,84.89,84.78,84.78,8793.727
1777965000000,84.79,84.97,84.78,84.9,13856.066
1777965300000,84.91,84.92,84.87,84.9,4401.292
1777965600000,84.91,85.03,84.91,84.98,6394.718
1777965900000,84.98,85.0,84.93,84.93,2672.005
1777966200000,84.94,85.02,84.93,85.02,3010.986
1777966500000,85.02,85.06,85.0,85.05,6476.832
1777966800000,85.05,85.06,85.0,85.0,18788.464
1777967100000,85.0,85.01,84.86,84.94,7281.799
1777967400000,84.94,84.95,84.92,84.92,2969.266
1777967700000,84.93,84.93,84.87,84.87,4102.961
1777968000000,84.88,84.91,84.85,84.86,5813.211
1777968300000,84.87,84.89,84.85,84.87,1037.879
1777968600000,84.88,84.89,84.84,84.86,5906.469
1777968900000,84.86,84.89,84.73,84.77,2334.114
1777969200000,84.77,84.84,84.76,84.84,2716.415
1777969500000,84.84,84.86,84.74,84.79,4722.889
1777969800000,84.8,84.84,84.8,84.83,3350.205
1777970100000,84.83,84.85,84.76,84.76,2284.713
1777970400000,84.76,84.78,84.69,84.72,6853.823
1777970700000,84.72,84.78,84.71,84.76,4407.127
1777971000000,84.76,84.8,84.76,84.79,2980.082
1777971300000,84.79,84.8,84.74,84.78,2710.177
1777971600000,84.79,84.8,84.68,84.69,3574.334
1777971900000,84.69,84.7,84.64,84.68,4884.601
1777972200000,84.68,84.69,84.59,84.61,4192.029
1777972500000,84.6,84.65,84.59,84.6,4899.35
1777972800000,84.59,84.61,84.51,84.53,13954.144
1777973100000,84.53,84.6,84.52,84.58,5746.067
1777973400000,84.57,84.66,84.54,84.55,6085.97
1777973700000,84.54,84.55,84.45,84.48,8421.766
1777974000000,84.49,84.53,84.48,84.51,2594.374
1777974300000,84.51,84.56,84.51,84.52,6899.427
1777974600000,84.53,84.53,84.47,84.51,4475.282
1777974900000,84.51,84.54,84.49,84.53,4272.552
1777975200000,84.54,84.54,84.43,84.52,7101.522
1777975500000,84.51,84.62,84.51,84.61,9869.371
1777975800000,84.61,84.66,84.6,84.6,5512.319
1777976100000,84.6,84.71,84.6,84.71,2156.445
1777976400000,84.7,84.76,84.7,84.74,3344.12
1777976700000,84.74,84.82,84.74,84.79,4795.217
1777977000000,84.79,84.9,84.76,84.9,5418.249
1777977300000,84.9,84.93,84.82,84.88,5277.094
1777977600000,84.88,84.91,84.83,84.83,2836.301
1777977900000,84.84,84.86,84.83,84.85,2853.313
1777978200000,84.84,84.85,84.76,84.76,5578.672
1777978500000,84.77,84.91,84.76,84.9,3607.811
1777978800000,84.9,84.93,84.83,84.91,8436.596
1777979100000,84.9,84.91,84.86,84.89,5082.143
1777979400000,84.9,84.92,84.84,84.9,7435.779
1777979700000,84.9,84.9,84.7,84.74,6365.675
1777980000000,84.74,84.84,84.73,84.82,2858.859
1777980300000,84.82,84.9,84.82,84.85,1984.734
1777980600000,84.86,84.9,84.81,84.9,2934.026
1777980900000,84.9,84.97,84.86,84.9,8466.649
1777981200000,84.89,84.96,84.89,84.96,4147.965
1777981500000,84.96,85.01,84.91,84.95,9454.335
1777981800000,84.95,84.95,84.84,84.89,2676.636
1777982100000,84.89,84.97,84.89,84.97,2260.199
1777982400000,84.97,84.98,84.9,84.97,3196.09
1777982700000,84.96,85.01,84.94,84.97,4740.849
1777983000000,84.96,85.09,84.96,85.08,5684.395
1777983300000,85.08,85.14,85.03,85.07,9900.343
1777983600000,85.06,85.1,85.06,85.06,4651.657
1777983900000,85.06,85.26,85.06,85.22,10954.826
1777984200000,85.22,85.29,85.21,85.21,13291.931
1777984500000,85.22,85.23,85.14,85.22,12458.913
1777984800000,85.23,85.25,85.21,85.22,5605.091
1777985100000,85.23,85.29,85.21,85.27,6788.82
1777985400000,85.27,85.34,85.25,85.33,10009.332
1777985700000,85.34,85.35,85.31,85.31,5092.316
1777986000000,85.31,85.75,85.31,85.72,48662.566
1777986300000,85.73,86.1,85.72,85.95,80292.969
1777986600000,85.95,86.0,85.89,85.9,21975.031
1777986900000,85.9,85.94,85.81,85.83,25077.135
1777987200000,85.83,85.98,85.78,85.86,50570.232
1777987500000,85.85,85.87,85.66,85.7,19877.747
1777987800000,85.69,85.79,85.63,85.7,22401.202
1777988100000,85.7,85.71,85.53,85.53,16800.001
1777988400000,85.53,85.54,85.4,85.54,23187.138
1777988700000,85.55,85.87,85.53,85.85,9962.348
1777989000000,85.86,85.97,85.65,85.65,13276.012
1777989300000,85.65,85.68,85.44,85.63,20439.526
1777989600000,85.63,85.74,85.52,85.72,10891.563
1777989900000,85.71,85.75,85.61,85.64,11415.379
1777990200000,85.63,85.72,85.38,85.39,16655.532
1777990500000,85.4,85.55,85.19,85.34,22872.952
1777990800000,85.34,85.51,85.21,85.51,20074.476
1777991100000,85.5,85.63,85.5,85.58,5356.423
1777991400000,85.58,85.7,85.52,85.56,5097.755
1777991700000,85.56,85.61,85.24,85.34,9274.476
1777992000000,85.34,85.42,85.27,85.34,6102.902
1777992300000,85.35,85.35,85.19,85.29,6189.818
1777992600000,85.29,85.44,85.24,85.44,4249.237
1777992900000,85.44,85.48,85.41,85.48,3504.253
1777993200000,85.47,85.57,85.35,85.57,7291.612
1777993500000,85.56,85.7,85.49,85.66,7694.478
1777993800000,85.66,85.88,85.6,85.72,8449.458
1777994100000,85.73,85.73,85.6,85.63,16374.025
1777994400000,85.62,85.86,85.6,85.69,9513.748
1777994700000,85.69,85.74,85.61,85.69,10107.169
1777995000000,85.7,85.78,85.54,85.55,11616.784
1777995300000,85.54,85.72,85.54,85.67,4098.773
1777995600000,85.66,85.68,85.56,85.6,5780.304
1777995900000,85.6,85.65,85.57,85.6,5558.378
1777996200000,85.6,85.61,85.47,85.52,6550.931
1777996500000,85.53,85.58,85.49,85.5,4061.69
1777996800000,85.5,85.58,85.5,85.56,5855.911
1777997100000,85.57,85.7,85.54,85.63,11551.933
1777997400000,85.63,85.67,85.56,85.59,14332.724
1777997700000,85.59,85.61,85.51,85.6,4225.128
1777998000000,85.61,85.69,85.5,85.55,4974.66
1777998300000,85.54,85.57,85.36,85.47,7859.354
1777998600000,85.46,85.46,85.27,85.32,13112.828
1777998900000,85.32,85.35,85.13,85.22,18033.646
1777999200000,85.21,85.21,85.0,85.13,24189.718
1777999500000,85.13,85.25,85.11,85.21,7488.732
1777999800000,85.21,85.36,85.2,85.28,7320.321
1778000100000,85.28,85.32,85.27,85.31,3104.392
1778000400000,85.32,85.4,85.24,85.34,2376.884
1778000700000,85.34,85.34,85.12,85.17,3100.223
1778001000000,85.16,85.3,85.15,85.3,1180.396
1778001300000,85.3,85.42,85.27,85.42,3439.917
1778001600000,85.43,85.53,85.38,85.39,4443.598
1778001900000,85.4,85.48,85.39,85.41,1841.112
1778002200000,85.4,85.41,85.31,85.35,2281.216
1778002500000,85.36,85.42,85.34,85.35,2195.968
1778002800000,85.35,85.42,85.33,85.42,1873.677
1778003100000,85.42,85.46,85.36,85.43,2058.941
1778003400000,85.42,85.48,85.41,85.45,1193.472
1778003700000,85.45,85.49,85.44,85.45,1767.903
1778004000000,85.46,85.52,85.43,85.47,3038.56
1778004300000,85.47,85.65,85.46,85.6,3109.067
1778004600000,85.6,85.82,85.59,85.81,10768.447
1778004900000,85.81,85.81,85.63,85.67,10590.457
1778005200000,85.66,85.69,85.62,85.62,2179.356
1778005500000,85.63,85.72,85.63,85.71,1605.35
1778005800000,85.7,85.71,85.58,85.64,7610.01
1778006100000,85.65,85.7,85.63,85.64,1201.118
1778006400000,85.64,85.71,85.63,85.71,2198.943
1778006700000,85.71,85.82,85.7,85.79,8322.423
1778007000000,85.79,85.86,85.78,85.85,21050.844
1778007300000,85.86,85.88,85.83,85.87,7722.097
1778007600000,85.87,85.94,85.8,85.87,14837.09
1778007900000,85.87,85.94,85.86,85.94,5421.3
1778008200000,85.94,85.96,85.9,85.9,3724.193
1778008500000,85.91,86.18,85.9,86.14,23681.239
1778008800000,86.13,86.14,86.05,86.1,5290.576
1778009100000,86.1,86.37,86.1,86.25,21297.638
1778009400000,86.24,86.41,86.2,86.31,13711.726
1778009700000,86.32,86.34,86.18,86.26,17948.324
1778010000000,86.26,86.5,86.26,86.48,31327.113
1778010300000,86.48,86.49,86.41,86.41,7111.51
1778010600000,86.41,86.41,86.31,86.4,26441.524
1778010900000,86.4,86.56,86.37,86.49,16851.08
1778011200000,86.49,86.75,86.49,86.75,12546.847
1778011500000,86.75,86.75,86.42,86.52,17375.47
1778011800000,86.53,86.76,86.52,86.74,15170.744
1778012100000,86.73,86.73,86.56,86.65,15115.009
1778012400000,86.65,86.68,86.58,86.61,8616.337
1778012700000,86.6,86.75,86.56,86.6,10253.205
1778013000000,86.61,86.87,86.6,86.85,10024.166
1778013300000,86.84,86.9,86.78,86.78,7811.625
1778013600000,86.78,86.84,86.71,86.75,9072.142
1778013900000,86.76,86.78,86.57,86.6,8879.48
1778014200000,86.6,86.67,86.59,86.61,5523.309
1778014500000,86.6,86.66,86.57,86.64,5107.058
1778014800000,86.65,86.93,86.56,86.82,16072.247
1778015100000,86.83,86.86,86.72,86.77,12011.291
1778015400000,86.77,86.79,86.58,86.6,10955.098
1778015700000,86.6,86.69,86.49,86.51,9388.5
1778016000000,86.5,86.54,86.44,86.53,12169.678
1778016300000,86.53,86.72,86.53,86.58,15233.444
1778016600000,86.58,86.61,86.31,86.31,10056.367
1778016900000,86.31,86.5,86.26,86.46,10617.321
1778017200000,86.46,86.46,86.35,86.4,6900.976
1778017500000,86.39,86.54,86.36,86.54,4894.766
1778017800000,86.54,86.69,86.54,86.65,2800.348
1778018100000,86.65,86.72,86.64,86.72,8479.76
1778018400000,86.71,86.98,86.71,86.89,12176.468
1778018700000,86.89,86.93,86.65,86.68,9121.409
1778019000000,86.67,86.68,86.59,86.64,9183.1
1778019300000,86.64,86.67,86.56,86.66,3641.021
1778019600000,86.67,86.74,86.62,86.7,5788.443
1778019900000,86.71,86.94,86.71,86.81,10476.197
1778020200000,86.8,86.81,86.47,86.48,16424.396
1778020500000,86.49,86.55,86.36,86.41,11460.099
1778020800000,86.42,86.5,86.2,86.38,13872.916
1778021100000,86.39,86.4,86.25,86.36,5573.702
1778021400000,86.37,86.82,86.32,86.66,28393.078
1778021700000,86.66,86.73,86.57,86.58,6231.69
1778022000000,86.57,86.61,86.43,86.51,4627.66
1778022300000,86.5,86.54,86.43,86.51,2849.76
1778022600000,86.5,86.67,86.5,86.66,2276.949
1778022900000,86.66,86.67,86.5,86.54,3217.879
1778023200000,86.54,86.56,86.43,86.43,4120.224
1778023500000,86.44,86.45,86.3,86.32,6363.037
1778023800000,86.31,86.41,86.23,86.27,12631.59
1778024100000,86.27,86.28,86.17,86.21,3967.219
1778024400000,86.21,86.39,86.2,86.36,8137.711
1778024700000,86.35,86.43,86.35,86.42,5348.13
1778025000000,86.42,86.44,86.3,86.34,4451.282
1778025300000,86.34,86.35,86.29,86.29,3706.36
1778025600000,86.29,86.46,86.26,86.37,12988.315
1778025900000,86.37,86.38,86.26,86.33,5319.02
1778026200000,86.32,86.41,86.31,86.32,8759.369
1778026500000,86.32,86.5,86.29,86.36,18508.583
1778026800000,86.36,86.37,86.12,86.19,6878.646
1778027100000,86.2,86.28,86.1,86.15,3729.557
1778027400000,86.15,86.33,86.12,86.33,13025.138
1778027700000,86.32,86.41,86.31,86.38,5933.299
1778028000000,86.38,86.43,86.33,86.39,4863.897
1778028300000,86.38,86.41,86.14,86.22,10464.596
1778028600000,86.21,86.54,86.21,86.5,7531.186
1778028900000,86.5,86.55,86.37,86.38,6609.801
1778029200000,86.38,86.51,86.31,86.51,5929.897
1778029500000,86.51,86.56,86.46,86.52,8917.489
1778029800000,86.52,86.56,86.5,86.56,1600.728
1778030100000,86.56,86.86,86.55,86.8,13214.344
1778030400000,86.8,86.85,86.73,86.85,7971.86
1778030700000,86.85,86.88,86.75,86.76,5936.599
1778031000000,86.77,86.92,86.76,86.91,5617.118
1778031300000,86.91,86.93,86.77,86.85,3624.023
1778031600000,86.85,86.87,86.81,86.83,2298.738
1778031900000,86.84,86.98,86.82,86.87,8649.016
1778032200000,86.88,87.0,86.86,86.91,7063.202
1778032500000,86.9,86.9,86.75,86.86,4600.264
1778032800000,86.86,86.87,86.73,86.74,5748.356
1778033100000,86.73,86.83,86.65,86.81,4984.345
1778033400000,86.82,86.87,86.79,86.82,2542.87
1778033700000,86.82,86.82,86.72,86.77,2772.904
1778034000000,86.76,86.86,86.73,86.85,6704.109
1778034300000,86.84,86.89,86.57,86.57,17322.828
1778034600000,86.58,86.58,86.41,86.41,3806.298
1778034900000,86.41,86.53,86.39,86.48,4506.273
1778035200000,86.48,86.63,86.47,86.54,3377.87
1778035500000,86.54,86.74,86.53,86.74,4246.913
1778035800000,86.73,86.8,86.67,86.76,5763.495
1778036100000,86.76,86.93,86.76,86.88,8824.569
1778036400000,86.89,87.21,86.88,87.2,41078.785
1778036700000,87.21,87.35,87.03,87.08,17163.733
1778037000000,87.07,87.09,87.01,87.03,8216.673
1778037300000,87.02,87.07,86.98,87.06,7375.596
1778037600000,87.06,87.31,87.06,87.27,10400.92
1778037900000,87.27,87.45,87.1,87.21,25026.085
1778038200000,87.22,87.38,87.2,87.33,13135.711
1778038500000,87.33,87.46,87.31,87.33,11822.909
1778038800000,87.33,87.34,87.24,87.3,4947.981
1778039100000,87.3,87.32,87.23,87.25,3680.982
1778039400000,87.26,87.34,87.24,87.24,13105.33
1778039700000,87.24,87.51,87.24,87.33,51459.772
1778040000000,87.34,87.43,87.27,87.31,8672.719
1778040300000,87.32,87.43,87.3,87.33,5130.969
1778040600000,87.34,87.37,87.28,87.31,7445.72
1778040900000,87.31,87.35,87.2,87.26,7443.955
1778041200000,87.25,87.26,87.14,87.14,10469.225
1778041500000,87.15,87.17,87.04,87.04,5218.617
1778041800000,87.05,87.06,86.92,86.95,11450.864
1778042100000,86.96,87.01,86.95,86.96,6100.033
1778042400000,86.96,86.97,86.91,86.95,5858.417
1778042700000,86.95,87.01,86.87,86.97,4740.824
1778043000000,86.97,86.97,86.67,86.92,17899.997
1778043300000,86.92,86.92,86.8,86.81,6645.871
1778043600000,86.8,86.9,86.75,86.9,8942.449
1778043900000,86.89,86.94,86.84,86.9,3863.458
1778044200000,86.89,86.92,86.82,86.87,3857.988
1778044500000,86.87,86.95,86.82,86.94,2296.825
1778044800000,86.95,86.99,86.91,86.99,4671.228
1778045100000,87.0,87.06,86.97,87.03,7636.805
1778045400000,87.03,87.13,87.02,87.1,6974.529
1778045700000,87.1,87.11,86.91,86.99,22957.404
1778046000000,86.99,87.35,86.96,87.14,36061.185
1778046300000,87.13,87.23,87.07,87.21,6197.045
1778046600000,87.22,87.4,87.22,87.35,23245.618
1778046900000,87.35,87.46,87.33,87.41,13060.961
1778047200000,87.4,87.47,87.39,87.44,9187.017
1778047500000,87.45,87.54,87.33,87.34,19529.981
1778047800000,87.33,87.35,87.24,87.29,10652.344
1778048100000,87.3,87.3,87.17,87.2,5939.332
1778048400000,87.21,87.29,87.17,87.28,5339.747
1778048700000,87.27,87.29,87.21,87.25,2361.385
1778049000000,87.26,87.33,87.17,87.28,5832.984
1778049300000,87.28,87.4,87.27,87.35,3517.426
1778049600000,87.36,87.41,87.29,87.41,9452.832
1778049900000,87.42,87.47,87.36,87.47,5256.24
1778050200000,87.46,87.5,87.42,87.49,8345.336
1778050500000,87.48,87.54,87.45,87.49,11787.469
1778050800000,87.49,87.59,87.49,87.51,10610.949
1778051100000,87.5,87.68,87.46,87.68,9753.474
1778051400000,87.68,87.74,87.53,87.53,9215.607
1778051700000,87.53,87.61,87.48,87.59,5633.383
1778052000000,87.6,87.8,87.57,87.78,12155.448
1778052300000,87.77,87.89,87.75,87.76,9037.249
1778052600000,87.75,87.79,87.69,87.73,9590.51
1778052900000,87.73,87.82,87.73,87.8,3514.975
1778053200000,87.81,87.84,87.75,87.76,3526.348
1778053500000,87.77,87.84,87.76,87.78,6807.417
1778053800000,87.78,87.8,87.66,87.67,5110.384
1778054100000,87.67,87.74,87.59,87.7,10208.871
1778054400000,87.71,87.85,87.64,87.83,12536.457
1778054700000,87.83,87.97,87.83,87.89,11603.539
1778055000000,87.89,87.98,87.82,87.89,7035.435
1778055300000,87.88,87.89,87.82,87.82,5918.248
1778055600000,87.82,87.95,87.78,87.93,6973.809
1778055900000,87.94,87.99,87.84,87.87,31386.143
1778056200000,87.88,88.28,87.87,88.15,37123.93
1778056500000,88.15,88.33,88.15,88.17,28441.063
1778056800000,88.18,88.32,88.16,88.3,8010.798
1778057100000,88.31,88.42,88.24,88.27,19011.243
1778057400000,88.26,88.88,88.21,88.82,69317.108
1778057700000,88.83,89.22,88.77,89.02,90315.457
1778058000000,89.02,89.07,88.66,88.71,33338.772
1778058300000,88.72,88.96,88.65,88.78,28634.149
1778058600000,88.78,88.95,88.78,88.8,14615.828
1778058900000,88.79,88.9,88.77,88.8,22252.862
1778059200000,88.8,88.85,88.59,88.64,13852.804
1778059500000,88.64,88.82,88.6,88.81,19018.211
1778059800000,88.82,89.3,88.78,89.04,40494.613
1778060100000,89.05,89.24,89.01,89.21,39650.394
1778060400000,89.21,89.27,89.14,89.24,38543.587
1778060700000,89.25,89.25,89.05,89.17,21774.892
1778061000000,89.17,89.26,89.06,89.24,10717.309
1778061300000,89.24,89.54,89.24,89.48,32548.054
1778061600000,89.48,89.5,89.31,89.35,20276.84
1778061900000,89.36,89.36,89.21,89.3,14648.414
1778062200000,89.3,89.58,89.3,89.51,18664.443
1778062500000,89.52,89.62,89.4,89.6,36660.972
1778062800000,89.59,89.69,89.51,89.56,24409.017
1778063100000,89.55,89.6,89.45,89.52,14323.305
1778063400000,89.52,89.67,89.49,89.59,20185.714
1778063700000,89.6,89.69,89.52,89.58,9568.794
1778064000000,89.58,89.66,89.5,89.58,10094.749
1778064300000,89.59,89.65,89.43,89.44,7357.293
1778064600000,89.44,89.52,89.4,89.49,15758.14
1778064900000,89.48,89.49,89.36,89.38,8214.365
1778065200000,89.38,89.48,89.31,89.43,17705.845
1778065500000,89.42,89.57,89.4,89.47,9181.177
1778065800000,89.47,89.55,89.47,89.51,5238.714
1778066100000,89.52,89.75,89.5,89.69,17605.273
1778066400000,89.7,89.98,89.69,89.97,20329.874
1778066700000,89.97,90.03,89.6,89.6,37722.771
1778067000000,89.59,89.69,89.59,89.67,14676.706
1778067300000,89.66,89.8,89.64,89.8,11228.899
1778067600000,89.8,89.86,89.49,89.52,15876.152
1778067900000,89.51,89.61,89.47,89.59,7906.907
1778068200000,89.59,89.85,89.59,89.8,16994.606
1778068500000,89.79,89.87,89.74,89.87,8421.423
1778068800000,89.87,89.97,89.65,89.67,22059.363
1778069100000,89.68,89.8,89.63,89.69,11637.204
1778069400000,89.7,89.78,89.5,89.51,19350.105
1778069700000,89.51,89.65,89.5,89.53,25039.577
1778070000000,89.54,89.8,89.53,89.7,16874.409
1778070300000,89.7,89.71,89.61,89.63,4850.895
1778070600000,89.64,89.81,89.63,89.8,18163.587
1778070900000,89.8,89.85,89.71,89.71,6454.861
1778071200000,89.72,89.75,89.67,89.74,6943.023
1778071500000,89.73,89.88,89.71,89.83,21501.27
1778071800000,89.83,89.9,89.68,89.73,7415.167
1778072100000,89.72,89.75,89.55,89.66,10142.408
1778072400000,89.66,89.66,89.18,89.21,45338.356
1778072700000,89.21,89.32,88.43,88.76,57307.16
1778073000000,88.76,89.12,88.74,88.92,46600.532
1778073300000,88.92,89.05,88.69,88.69,18640.457
1778073600000,88.69,88.83,88.59,88.65,22394.542
1778073900000,88.66,88.68,88.37,88.51,33248.381
1778074200000,88.51,88.81,88.38,88.77,32548.696
1778074500000,88.78,88.81,88.39,88.48,16615.123
1778074800000,88.48,88.72,88.45,88.69,17905.75
1778075100000,88.69,88.71,88.07,88.31,38730.737
1778075400000,88.3,88.35,88.11,88.31,25991.77
1778075700000,88.32,88.44,88.2,88.33,13123.749
1778076000000,88.33,88.36,87.78,87.78,31669.011
1778076300000,87.79,88.02,87.47,88.02,96610.1
1778076600000,88.02,88.11,87.84,88.11,27636.229
1778076900000,88.1,88.15,87.9,88.0,16184.818
1778077200000,88.01,88.29,88.0,88.28,19315.143
1778077500000,88.27,88.47,88.18,88.18,24626.656
1778077800000,88.18,88.54,88.18,88.48,11015.685
1778078100000,88.49,88.54,88.39,88.5,9359.284
1778078400000,88.5,88.66,88.42,88.66,12274.864
1778078700000,88.66,88.85,88.52,88.62,13115.577
1778079000000,88.63,88.67,88.39,88.43,5618.957
1778079300000,88.43,88.51,88.32,88.4,9644.159
1778079600000,88.4,88.58,88.37,88.58,10270.337
1778079900000,88.59,88.65,88.52,88.54,9766.605
1778080200000,88.53,88.57,88.3,88.41,9892.641
1778080500000,88.4,88.9,88.4,88.88,16680.31
1778080800000,88.88,88.97,88.83,88.9,12446.281
1778081100000,88.9,88.92,88.73,88.76,8784.76
1778081400000,88.76,88.87,88.75,88.8,6146.424
1778081700000,88.8,88.81,88.55,88.57,10572.893
1778082000000,88.56,88.92,88.55,88.8,13918.07
1778082300000,88.81,89.04,88.8,88.95,11803.74
1778082600000,88.95,89.02,88.87,89.02,7205.173
1778082900000,89.01,89.06,88.92,88.97,6461.004
1778083200000,88.97,88.99,88.82,88.97,11333.712
1778083500000,88.98,89.1,88.93,89.09,6521.339
1778083800000,89.1,89.2,89.06,89.08,8988.53
1778084100000,89.08,89.15,88.96,88.96,5476.87
1778084400000,88.97,88.98,88.64,88.83,20491.305
1778084700000,88.83,88.9,88.67,88.71,11141.704
1778085000000,88.72,88.88,88.59,88.87,15661.369
1778085300000,88.86,89.08,88.75,89.06,9450.148
1778085600000,89.06,89.28,89.01,89.24,12580.022
1778085900000,89.24,89.38,89.22,89.37,6946.049
1778086200000,89.37,89.51,89.27,89.28,12700.224
1778086500000,89.28,89.3,89.14,89.18,10791.938
1778086800000,89.18,89.41,89.15,89.38,8690.022
1778087100000,89.37,89.44,89.2,89.21,5103.037
1778087400000,89.2,89.3,89.19,89.22,3195.188
1778087700000,89.23,89.23,88.9,89.01,18325.022
1778088000000,89.02,89.22,89.01,89.16,9271.707
1778088300000,89.16,89.16,89.02,89.03,7392.824
1778088600000,89.02,89.08,88.95,88.96,8494.974
1778088900000,88.96,89.01,88.93,89.01,2543.428
1778089200000,89.01,89.07,88.94,88.95,11950.862
1778089500000,88.95,88.96,88.53,88.73,21745.686
1778089800000,88.73,88.79,88.69,88.76,4616.109
1778090100000,88.77,88.85,88.69,88.83,5811.089
1778090400000,88.83,88.91,88.76,88.77,4437.926
1778090700000,88.76,88.83,88.66,88.76,3863.982
1778091000000,88.77,88.78,88.5,88.76,11769.054
1778091300000,88.75,88.96,88.74,88.83,5498.024
1778091600000,88.83,88.86,88.75,88.75,3209.118
1778091900000,88.76,88.93,88.74,88.86,4407.865
1778092200000,88.85,88.91,88.6,88.76,6838.036
1778092500000,88.77,88.8,88.7,88.75,5006.392
1778092800000,88.75,89.01,88.75,88.96,7948.365
1778093100000,88.96,89.09,88.88,88.89,4676.133
1778093400000,88.88,89.02,88.84,89.0,7363.592
1778093700000,89.0,89.15,88.98,88.99,4099.84
1778094000000,88.98,89.2,88.96,89.12,3788.734
1778094300000,89.12,89.19,89.05,89.15,4469.446
1778094600000,89.15,89.16,88.97,88.97,9009.93
1778094900000,88.98,89.07,88.92,89.07,2581.193
1778095200000,89.06,89.27,89.06,89.07,4930.653
1778095500000,89.07,89.11,89.0,89.08,2866.064
1778095800000,89.09,89.09,88.92,88.92,3268.849
1778096100000,88.92,89.18,88.9,89.17,5132.027
1778096400000,89.17,89.2,89.05,89.13,4137.966
1778096700000,89.13,89.18,89.05,89.06,2524.194
1778097000000,89.06,89.22,89.05,89.22,5899.292
1778097300000,89.22,89.32,89.15,89.27,9035.68
1778097600000,89.27,89.45,89.22,89.45,4501.179
1778097900000,89.45,89.5,89.38,89.45,7394.711
1778098200000,89.45,89.54,89.43,89.48,3274.2
1778098500000,89.49,89.56,89.48,89.53,3533.647
1778098800000,89.52,89.54,89.41,89.46,4963.773
1778099100000,89.46,89.62,89.41,89.41,4702.467
1778099400000,89.42,89.47,89.19,89.28,12766.19
1778099700000,89.27,89.32,89.12,89.17,7235.741
1778100000000,89.16,89.21,89.0,89.0,5834.662
1778100300000,89.0,89.07,88.92,88.94,5265.93
1778100600000,88.95,89.02,88.92,89.01,3996.581
1778100900000,89.0,89.19,88.99,89.19,6850.005
1778101200000,89.19,89.25,89.14,89.23,4176.777
1778101500000,89.24,89.4,89.19,89.4,4612.607
1778101800000,89.4,89.4,89.07,89.23,5818.85
1778102100000,89.24,89.36,89.23,89.28,3113.852
1778102400000,89.28,89.4,89.27,89.38,5859.296
1778102700000,89.38,89.43,89.28,89.41,26303.221
1778103000000,89.42,89.52,89.3,89.44,6493.701
1778103300000,89.44,89.59,89.44,89.57,8205.308
1778103600000,89.57,89.6,89.47,89.5,7652.355
1778103900000,89.5,89.52,89.39,89.46,2977.048
1778104200000,89.45,89.58,89.45,89.54,3546.748
1778104500000,89.54,89.58,89.44,89.47,7557.541
1778104800000,89.48,89.57,89.36,89.49,8544.234
1778105100000,89.49,89.55,89.31,89.32,5900.339
1778105400000,89.31,89.37,89.24,89.34,5923.636
1778105700000,89.35,89.37,89.24,89.24,3139.594
1778106000000,89.24,89.24,89.11,89.15,3080.899
1778106300000,89.16,89.17,89.06,89.07,3825.553
1778106600000,89.07,89.22,89.07,89.16,3037.519
1778106900000,89.15,89.17,89.08,89.1,1630.824
1778107200000,89.09,89.14,89.09,89.13,3026.553
1778107500000,89.14,89.2,89.01,89.07,6361.994
1778107800000,89.08,89.25,89.07,89.21,2169.493
1778108100000,89.22,89.22,89.07,89.07,2827.366
1778108400000,89.07,89.08,88.65,88.76,15976.959
1778108700000,88.77,89.05,88.77,89.03,8885.751
1778109000000,89.02,89.1,88.95,88.95,4345.355
1778109300000,88.96,89.06,88.96,89.03,2548.706
1778109600000,89.03,89.15,89.02,89.15,2808.192
1778109900000,89.16,89.17,89.11,89.15,2394.323
1778110200000,89.15,89.17,89.07,89.14,2368.402
1778110500000,89.13,89.13,89.02,89.03,3481.087
1778110800000,89.03,89.13,89.0,89.1,2013.223
1778111100000,89.11,89.15,89.01,89.05,5116.485
1778111400000,89.05,89.16,89.01,89.15,3376.516
1778111700000,89.15,89.18,89.12,89.16,4530.777
1778112000000,89.16,89.27,89.15,89.2,4469.523
1778112300000,89.2,89.22,89.02,89.03,4082.275
1778112600000,89.02,89.15,89.01,89.02,3918.691
1778112900000,89.01,89.02,88.88,88.99,5093.109
1778113200000,89.0,89.0,88.77,88.82,10886.875
1778113500000,88.82,88.82,88.65,88.66,4752.668
1778113800000,88.66,88.7,88.53,88.6,16379.601
1778114100000,88.61,88.69,88.53,88.54,8245.661
1778114400000,88.55,88.56,88.24,88.3,16525.202
1778114700000,88.31,88.54,88.26,88.48,11255.853
1778115000000,88.48,88.52,88.21,88.27,13309.377
1778115300000,88.27,88.46,88.21,88.32,5709.082
1778115600000,88.32,88.41,88.13,88.15,7212.64
1778115900000,88.15,88.28,87.9,88.25,16298.424
1778116200000,88.24,88.4,88.21,88.38,7070.294
1778116500000,88.39,88.41,88.13,88.18,5519.457
1778116800000,88.18,88.37,87.91,88.33,13750.981
1778117100000,88.32,88.42,88.29,88.39,6383.266
1778117400000,88.4,88.53,88.24,88.24,5386.515
1778117700000,88.25,88.39,88.25,88.35,5337.753
1778118000000,88.36,88.44,88.29,88.35,3906.468
1778118300000,88.35,88.35,88.23,88.35,2956.587
1778118600000,88.35,88.36,88.08,88.15,4265.18
1778118900000,88.16,88.36,88.15,88.31,10826.287
1778119200000,88.31,88.37,88.17,88.2,3715.064
1778119500000,88.2,88.21,88.05,88.06,7864.543
1778119800000,88.05,88.13,87.94,87.98,5906.288
1778120100000,87.98,88.07,87.94,87.95,5526.338
1778120400000,87.94,88.08,87.88,87.93,6815.982
1778120700000,87.93,87.97,87.86,87.93,4195.534
1778121000000,87.93,88.08,87.8,88.06,10907.273
1778121300000,88.05,88.06,87.95,87.96,2797.249
1778121600000,87.95,88.0,87.92,87.93,2268.895
1778121900000,87.94,88.04,87.92,88.03,8075.177
1778122200000,88.02,88.16,88.0,88.12,6447.991
1778122500000,88.13,88.2,88.1,88.15,3605.299
1778122800000,88.14,88.15,88.05,88.06,4981.334
1778123100000,88.06,88.12,88.0,88.03,3948.397
1778123400000,88.03,88.06,87.95,87.97,2170.064
1778123700000,87.97,88.06,87.96,88.01,2834.169
1778124000000,88.01,88.01,87.63,87.73,22565.201
1778124300000,87.73,87.9,87.71,87.89,8292.101
1778124600000,87.89,87.89,87.67,87.72,4466.658
1778124900000,87.72,87.88,87.72,87.87,6525.993
1778125200000,87.88,87.98,87.87,87.98,3414.512
1778125500000,87.97,88.01,87.94,87.98,5083.766
1778125800000,87.99,88.04,87.92,87.93,3635.881
1778126100000,87.92,87.93,87.74,87.75,5620.895
1778126400000,87.75,87.83,87.72,87.76,4893.926
1778126700000,87.75,87.79,87.69,87.73,4717.85
1778127000000,87.73,88.03,87.73,88.01,4937.158
1778127300000,88.01,88.1,87.97,88.08,3048.475
1778127600000,88.08,88.16,88.07,88.14,3191.308
1778127900000,88.14,88.21,88.07,88.11,7621.68
1778128200000,88.11,88.23,88.08,88.13,6976.342
1778128500000,88.13,88.19,88.06,88.06,4433.642
1778128800000,88.07,88.07,87.96,87.98,12455.111
1778129100000,87.99,88.15,87.98,88.13,4021.143
1778129400000,88.14,88.31,88.08,88.3,8154.441
1778129700000,88.31,88.38,88.27,88.36,4194.368
1778130000000,88.37,88.63,88.34,88.63,7125.974
1778130300000,88.63,88.63,88.5,88.53,6143.898
1778130600000,88.54,88.91,88.52,88.57,19638.748
1778130900000,88.57,88.66,88.54,88.56,8655.943
1778131200000,88.55,88.55,88.45,88.5,4202.677
1778131500000,88.5,88.65,88.44,88.6,12823.504
1778131800000,88.6,88.66,88.55,88.55,7024.21
1778132100000,88.56,88.68,88.54,88.54,4487.54
1778132400000,88.54,88.57,88.47,88.47,14610.388
1778132700000,88.48,88.63,88.32,88.57,26416.447
1778133000000,88.57,88.62,88.53,88.59,4644.337
1778133300000,88.6,88.66,88.55,88.65,6130.795
1778133600000,88.66,88.69,88.59,88.69,6227.889
1778133900000,88.69,88.69,88.36,88.51,17602.368
1778134200000,88.51,88.58,88.22,88.24,21779.302
1778134500000,88.23,88.34,88.23,88.29,8147.814
1778134800000,88.28,88.41,88.26,88.33,4025.388
1778135100000,88.32,88.49,88.3,88.49,4248.583
1778135400000,88.5,88.91,88.49,88.9,9258.709
1778135700000,88.91,89.09,88.91,89.0,17511.832
1778136000000,89.0,89.17,88.99,89.16,17954.658
1778136300000,89.15,89.18,88.98,89.09,11747.342
1778136600000,89.09,89.19,89.09,89.17,5155.091
1778136900000,89.16,89.28,89.13,89.27,7041.716
1778137200000,89.28,89.28,89.15,89.26,9795.902
1778137500000,89.27,89.41,89.14,89.18,25921.43
1778137800000,89.19,89.53,89.18,89.52,10906.445
1778138100000,89.52,89.59,89.39,89.47,14226.821
1778138400000,89.48,89.58,89.47,89.53,11994.818
1778138700000,89.53,89.64,89.49,89.62,11833.384
1778139000000,89.62,90.05,89.61,90.03,35110.132
1778139300000,90.02,90.38,90.0,90.25,43095.236
1778139600000,90.26,90.38,90.13,90.19,14870.195
1778139900000,90.19,90.44,90.17,90.3,51545.851
1778140200000,90.3,90.35,90.05,90.05,9867.896
1778140500000,90.06,90.19,89.96,90.16,18225.713
1778140800000,90.17,90.26,90.1,90.11,11804.767
1778141100000,90.11,90.27,90.07,90.26,18408.008
1778141400000,90.25,90.25,90.05,90.14,6544.285
1778141700000,90.15,90.16,89.72,89.77,12992.391
1778142000000,89.77,89.84,89.69,89.8,11247.99
1778142300000,89.8,89.85,89.65,89.85,16455.358
1778142600000,89.84,89.98,89.69,89.74,10370.328
1778142900000,89.73,89.77,89.54,89.74,12787.371
1778143200000,89.74,89.82,89.59,89.62,13560.512
1778143500000,89.61,89.67,89.48,89.65,13500.733
1778143800000,89.65,89.81,89.61,89.67,6893.837
1778144100000,89.67,89.67,89.49,89.58,7059.346
1778144400000,89.59,89.59,89.33,89.38,11225.389
1778144700000,89.38,89.55,89.33,89.55,4804.642
1778145000000,89.55,89.55,89.45,89.54,5213.132
1778145300000,89.54,89.56,89.45,89.54,4200.513
1778145600000,89.54,89.58,89.38,89.45,4408.745
1778145900000,89.45,89.46,89.2,89.28,9610.145
1778146200000,89.28,89.6,89.24,89.5,33284.799
1778146500000,89.49,89.57,89.31,89.33,8559.392
1778146800000,89.33,89.42,89.26,89.3,7075.32
1778147100000,89.3,89.44,89.3,89.44,8085.272
1778147400000,89.44,89.46,89.33,89.42,3753.815
1778147700000,89.43,89.48,89.41,89.46,2257.158
1778148000000,89.46,89.53,89.37,89.48,11110.414
1778148300000,89.48,89.5,89.34,89.35,6476.979
1778148600000,89.34,89.35,89.03,89.16,15277.433
1778148900000,89.16,89.25,89.1,89.12,6209.513
1778149200000,89.12,89.14,89.03,89.05,6954.993
1778149500000,89.05,89.06,88.76,88.78,17190.067
1778149800000,88.78,88.95,88.77,88.91,24424.21
1778150100000,88.91,89.04,88.84,89.02,5856.016
1778150400000,89.03,89.2,89.01,89.18,6402.445
1778150700000,89.17,89.21,89.09,89.11,4580.073
1778151000000,89.11,89.21,89.09,89.19,5362.102
1778151300000,89.19,89.23,89.16,89.17,3762.491
1778151600000,89.17,89.42,89.17,89.4,6847.678
1778151900000,89.41,89.69,89.4,89.52,28421.043
1778152200000,89.52,89.52,89.39,89.46,4585.303
1778152500000,89.47,89.5,89.36,89.45,3342.791
1778152800000,89.44,89.65,89.4,89.61,5402.917
1778153100000,89.61,89.62,89.42,89.43,4018.589
1778153400000,89.44,89.57,89.41,89.51,8848.984
1778153700000,89.51,89.53,89.42,89.52,5039.843
1778154000000,89.53,89.63,89.52,89.6,7033.398
1778154300000,89.6,89.64,89.43,89.43,10013.489
1778154600000,89.44,89.49,89.28,89.48,10406.992
1778154900000,89.48,89.62,89.46,89.57,11872.627
1778155200000,89.56,89.81,89.52,89.77,16914.383
1778155500000,89.77,89.79,89.67,89.75,3815.385
1778155800000,89.75,90.0,89.75,89.98,20549.056
1778156100000,89.99,90.1,89.87,89.91,20012.971
1778156400000,89.91,89.92,89.75,89.82,16357.401
1778156700000,89.81,89.96,89.79,89.93,10547.057
1778157000000,89.93,90.0,89.84,89.89,11664.963
1778157300000,89.89,89.94,89.85,89.9,7847.986
1778157600000,89.89,89.91,89.82,89.91,7338.223
1778157900000,89.9,89.94,89.65,89.74,13622.14
1778158200000,89.75,89.82,89.69,89.77,11423.698
1778158500000,89.77,89.81,89.69,89.77,15395.793
1778158800000,89.76,89.76,89.54,89.56,19047.781
1778159100000,89.57,89.57,89.29,89.3,9577.662
1778159400000,89.3,89.36,89.04,89.12,28017.53
1778159700000,89.13,89.45,89.12,89.39,12698.331
1778160000000,89.39,89.54,89.33,89.43,6918.46
1778160300000,89.42,89.42,89.18,89.25,7763.87
1778160600000,89.25,89.25,89.02,89.17,13193.347
1778160900000,89.18,89.24,88.97,89.0,36104.465
1778161200000,89.0,89.11,88.92,88.93,29078.456
1778161500000,88.93,89.03,88.38,88.58,74183.333
1778161800000,88.57,88.76,88.44,88.68,24415.537
1778162100000,88.69,88.79,88.61,88.68,15172.396
1778162400000,88.67,88.73,88.51,88.57,10784.964
1778162700000,88.58,88.65,88.47,88.57,7600.944
1778163000000,88.58,88.91,88.55,88.88,12110.642
1778163300000,88.88,88.89,88.49,88.54,15001.453
1778163600000,88.53,88.6,88.44,88.52,12956.133
1778163900000,88.51,88.62,88.47,88.5,10683.191
1778164200000,88.5,88.55,88.18,88.2,22485.804
1778164500000,88.2,88.23,87.83,88.0,45031.189
1778164800000,88.0,88.08,87.84,88.01,36899.764
1778165100000,88.01,88.19,87.96,88.1,28268.27
1778165400000,88.11,88.3,88.11,88.24,10597.86
1778165700000,88.24,88.3,88.06,88.15,14099.075
1778166000000,88.15,88.33,88.07,88.27,8272.762
1778166300000,88.28,88.49,88.08,88.48,11129.87
1778166600000,88.47,88.5,88.3,88.36,5602.173
1778166900000,88.36,88.51,88.1,88.11,11185.974
1778167200000,88.1,88.17,87.91,88.02,21473.883
1778167500000,88.02,88.16,87.79,88.06,22707.432
1778167800000,88.07,88.37,88.02,88.33,8983.687
1778168100000,88.32,88.47,88.3,88.37,6642.585
1778168400000,88.38,88.5,88.33,88.42,4242.567
1778168700000,88.42,88.53,88.4,88.52,4101.0
1778169000000,88.52,88.58,88.38,88.45,17314.134
1778169300000,88.46,88.48,88.22,88.32,8043.91
1778169600000,88.32,88.49,88.25,88.33,5475.503
1778169900000,88.33,88.35,88.12,88.32,22232.888
1778170200000,88.32,88.37,88.17,88.35,6631.341
1778170500000,88.35,88.36,88.08,88.15,19999.845
1778170800000,88.15,88.53,88.15,88.5,23986.523
1778171100000,88.49,88.75,88.49,88.7,12762.299
1778171400000,88.69,88.79,88.55,88.55,15449.385
1778171700000,88.55,88.55,88.35,88.46,7234.55
1778172000000,88.45,88.56,88.42,88.52,7119.8
1778172300000,88.53,88.74,88.49,88.67,8087.257
1778172600000,88.67,88.69,88.49,88.58,13392.642
1778172900000,88.57,88.64,88.3,88.43,6394.901
1778173200000,88.44,88.56,88.33,88.47,4491.689
1778173500000,88.48,88.62,88.42,88.47,4811.344
1778173800000,88.47,88.6,88.41,88.58,2996.889
1778174100000,88.58,88.59,88.24,88.27,7571.357
1778174400000,88.27,88.47,88.22,88.45,6561.377
1778174700000,88.45,88.61,87.96,88.17,21279.505
1778175000000,88.17,88.42,88.13,88.4,8963.358
1778175300000,88.4,88.54,88.38,88.48,2961.849
1778175600000,88.49,88.56,88.47,88.49,4146.558
1778175900000,88.49,88.55,88.37,88.43,2683.384
1778176200000,88.43,88.52,88.39,88.52,3330.461
1778176500000,88.52,88.86,88.46,88.8,13998.87
1778176800000,88.8,88.97,88.77,88.92,8329.208
1778177100000,88.93,88.95,88.82,88.84,6333.326
1778177400000,88.84,88.84,88.69,88.82,4178.267
1778177700000,88.81,88.89,88.77,88.8,2556.373
1778178000000,88.8,88.92,88.78,88.88,3248.657
1778178300000,88.89,88.95,88.85,88.86,5442.389
1778178600000,88.86,89.05,88.85,88.96,3623.882
1778178900000,88.96,89.01,88.85,88.96,4451.719
1778179200000,88.96,88.97,88.57,88.62,25076.965
1778179500000,88.62,88.7,88.42,88.44,6160.127
1778179800000,88.43,88.44,88.24,88.37,16027.207
1778180100000,88.37,88.72,88.37,88.58,11225.966
1778180400000,88.58,88.61,88.36,88.37,4111.22
1778180700000,88.38,88.46,88.32,88.38,3303.691
1778181000000,88.37,88.61,88.35,88.55,3676.697
1778181300000,88.56,88.6,88.27,88.3,4807.335
1778181600000,88.3,88.42,88.27,88.28,2887.571
1778181900000,88.28,88.35,88.22,88.29,5401.217
1778182200000,88.3,88.46,88.29,88.44,5282.166
1778182500000,88.45,88.64,88.4,88.62,4552.548
1778182800000,88.62,88.73,88.54,88.55,4260.132
1778183100000,88.55,88.61,88.5,88.59,3072.55
1778183400000,88.6,88.74,88.31,88.39,11864.772
1778183700000,88.39,88.52,88.37,88.45,6325.075
1778184000000,88.45,88.88,88.37,88.68,15768.201
1778184300000,88.68,88.7,88.57,88.65,4619.958
1778184600000,88.65,88.68,88.54,88.55,1633.694
1778184900000,88.55,88.58,88.46,88.49,1916.008
1778185200000,88.49,88.59,88.43,88.55,3262.106
1778185500000,88.56,88.58,88.47,88.56,4154.148
1778185800000,88.56,88.57,88.41,88.41,5397.61
1778186100000,88.42,88.47,88.18,88.21,8729.843
1778186400000,88.21,88.28,88.16,88.22,8671.952
1778186700000,88.22,88.27,88.13,88.26,4717.72
1778187000000,88.26,88.28,88.14,88.14,3452.878
1778187300000,88.14,88.14,88.04,88.07,4922.625
1778187600000,88.07,88.13,88.02,88.13,3582.91
1778187900000,88.13,88.14,87.67,87.68,25623.364
1778188200000,87.68,87.97,87.67,87.89,12957.98
1778188500000,87.88,88.09,87.79,88.08,6593.718
1778188800000,88.08,88.1,87.9,88.05,6643.571
1778189100000,88.05,88.17,88.05,88.14,8022.891
1778189400000,88.14,88.23,88.08,88.18,7720.278
1778189700000,88.18,88.23,88.11,88.15,5762.279
1778190000000,88.15,88.16,87.98,88.0,5137.91
1778190300000,88.0,88.1,87.98,88.07,6644.961
1778190600000,88.08,88.08,88.0,88.06,3747.425
1778190900000,88.05,88.1,87.95,87.97,4199.887
1778191200000,87.97,87.98,87.78,87.78,25508.373
1778191500000,87.77,87.86,87.68,87.83,28230.673
1778191800000,87.83,88.0,87.72,87.95,34525.697
1778192100000,87.96,88.08,87.93,88.08,4395.02
1778192400000,88.07,88.22,88.07,88.14,10955.724
1778192700000,88.14,88.18,88.02,88.02,4320.167
1778193000000,88.03,88.13,87.8,87.8,11177.906
1778193300000,87.81,87.94,87.81,87.92,7623.539
1778193600000,87.92,87.98,87.87,87.88,3720.664
1778193900000,87.88,88.0,87.88,87.99,2330.56
1778194200000,87.98,88.09,87.98,88.09,2542.357
1778194500000,88.09,88.17,88.06,88.1,6892.672
1778194800000,88.09,88.25,88.06,88.23,3266.526
1778195100000,88.23,88.28,88.18,88.28,4394.376
1778195400000,88.28,88.29,88.18,88.22,2101.854
1778195700000,88.22,88.28,88.09,88.1,1959.512
1778196000000,88.09,88.26,88.09,88.23,3543.002
1778196300000,88.22,88.36,88.22,88.24,3046.974
1778196600000,88.25,88.28,88.19,88.19,2203.057
1778196900000,88.2,88.35,88.18,88.32,1400.245
1778197200000,88.31,88.39,88.29,88.39,1877.907
1778197500000,88.39,88.47,88.37,88.47,3241.914
1778197800000,88.46,88.48,88.4,88.43,2584.779
1778198100000,88.42,88.44,88.41,88.42,2416.53
1778198400000,88.43,88.55,88.39,88.52,7126.32
1778198700000,88.53,88.63,88.52,88.58,4283.068
1778199000000,88.58,88.65,88.55,88.56,1845.98
1778199300000,88.57,88.58,88.43,88.56,3469.973
1778199600000,88.55,88.6,88.48,88.59,2334.133
1778199900000,88.6,88.62,88.38,88.41,6002.338
1778200200000,88.42,88.45,88.39,88.4,2486.523
1778200500000,88.41,88.43,88.28,88.3,1955.658
1778200800000,88.29,88.35,88.29,88.3,3398.814
1778201100000,88.3,88.3,88.17,88.25,9042.656
1778201400000,88.25,88.25,88.13,88.18,12914.686
1778201700000,88.17,88.27,88.1,88.27,4034.043
1778202000000,88.27,88.37,88.27,88.3,2030.622
1778202300000,88.29,88.3,88.15,88.21,2055.162
1778202600000,88.21,88.21,87.98,88.02,4310.265
1778202900000,88.01,88.14,87.92,88.14,8528.402
1778203200000,88.14,88.17,88.06,88.09,4977.807
1778203500000,88.1,88.21,88.09,88.2,2103.817
1778203800000,88.21,88.3,88.19,88.26,6164.051
1778204100000,88.25,88.25,88.14,88.21,2559.542
1778204400000,88.21,88.28,88.19,88.2,1615.596
1778204700000,88.2,88.25,88.15,88.16,2157.853
1778205000000,88.16,88.17,88.12,88.15,2557.094
1778205300000,88.14,88.21,88.13,88.13,2521.828
1778205600000,88.14,88.16,87.83,87.91,11463.905
1778205900000,87.92,87.95,87.79,87.89,5868.642
1778206200000,87.88,87.97,87.87,87.94,5632.672
1778206500000,87.94,87.94,87.6,87.66,19923.567
1778206800000,87.65,87.88,87.63,87.83,8768.142
1778207100000,87.83,87.91,87.81,87.9,2707.165
1778207400000,87.91,88.35,87.87,88.23,10636.23
1778207700000,88.23,88.3,88.0,88.06,10559.363
1778208000000,88.05,88.14,88.05,88.13,4994.884
1778208300000,88.13,88.24,88.13,88.24,4370.659
1778208600000,88.24,88.28,88.13,88.14,3785.021
1778208900000,88.14,88.15,88.0,88.06,5869.129
1778209200000,88.06,88.06,87.7,87.75,11167.444
1778209500000,87.75,87.9,87.63,87.9,13322.11
1778209800000,87.9,88.02,87.89,87.99,3932.213
1778210100000,88.0,88.28,88.0,88.17,7785.497
1778210400000,88.16,88.22,88.16,88.19,6395.756
1778210700000,88.19,88.22,88.11,88.21,8266.533
1778211000000,88.21,88.37,88.2,88.34,6329.249
1778211300000,88.34,88.34,88.28,88.33,3233.717
1778211600000,88.33,88.35,88.25,88.3,6168.954
1778211900000,88.3,88.32,88.19,88.2,4684.824
1778212200000,88.2,88.3,88.2,88.29,5075.912
1778212500000,88.29,88.29,88.2,88.22,2691.196
1778212800000,88.23,88.33,88.21,88.27,4989.462
1778213100000,88.28,88.29,88.25,88.28,3181.013
1778213400000,88.27,88.33,88.26,88.33,5248.176
1778213700000,88.33,88.36,88.24,88.36,2882.657
1778214000000,88.36,88.37,88.31,88.34,2466.781
1778214300000,88.34,88.34,88.27,88.32,2910.581
1778214600000,88.33,88.33,88.16,88.17,9089.655
1778214900000,88.17,88.23,88.12,88.15,5810.749
1778215200000,88.15,88.16,88.01,88.12,4670.927
1778215500000,88.12,88.18,88.1,88.12,3535.763
1778215800000,88.13,88.24,88.09,88.2,4004.223
1778216100000,88.2,88.2,88.15,88.18,2249.663
1778216400000,88.17,88.2,88.07,88.15,5496.483
1778216700000,88.15,88.21,88.12,88.19,3092.553
1778217000000,88.18,88.3,88.13,88.22,11953.036
1778217300000,88.21,88.36,88.19,88.21,2859.1
1778217600000,88.22,88.24,88.16,88.24,4878.613
1778217900000,88.24,88.3,88.22,88.28,2687.991
1778218200000,88.28,88.41,88.27,88.35,3518.518
1778218500000,88.35,88.36,88.29,88.34,3023.334
1778218800000,88.33,88.39,88.33,88.37,2760.055
1778219100000,88.38,88.42,88.18,88.26,5748.241
1778219400000,88.26,88.28,88.18,88.19,1230.471
1778219700000,88.19,88.2,88.05,88.05,2906.272
1778220000000,88.05,88.05,87.84,88.03,9031.018
1778220300000,88.03,88.03,87.87,87.94,16618.466
1778220600000,87.94,88.15,87.91,88.1,7420.853
1778220900000,88.1,88.24,88.09,88.19,4528.942
1778221200000,88.19,88.24,88.15,88.15,8762.655
1778221500000,88.16,88.29,88.04,88.05,13132.634
1778221800000,88.05,88.08,87.89,87.91,9103.25
1778222100000,87.92,88.04,87.83,88.04,4113.884
1778222400000,88.04,88.13,87.99,88.03,4066.692
1778222700000,88.04,88.07,87.92,87.95,3007.779
1778223000000,87.96,88.04,87.96,88.03,2055.247
1778223300000,88.02,88.05,87.95,88.05,2436.595
1778223600000,88.05,88.05,87.91,87.94,3658.76
1778223900000,87.94,87.95,87.76,87.88,8739.151
1778224200000,87.87,87.91,87.76,87.78,5509.628
1778224500000,87.77,87.87,87.77,87.81,10892.645
1778224800000,87.81,87.88,87.65,87.75,24231.705
1778225100000,87.74,87.82,87.7,87.81,7337.036
1778225400000,87.81,87.93,87.8,87.88,14521.67
1778225700000,87.87,88.02,87.86,87.96,15563.258
1778226000000,87.96,88.1,87.96,88.05,12855.026
1778226300000,88.05,88.23,88.04,88.19,18789.068
1778226600000,88.19,88.21,88.06,88.18,15335.125
1778226900000,88.17,88.23,88.14,88.22,17501.485
1778227200000,88.23,88.27,88.19,88.27,11816.311
1778227500000,88.27,88.36,88.16,88.22,34260.874
1778227800000,88.22,88.3,88.19,88.22,8846.466
1778228100000,88.22,88.26,88.16,88.16,2646.207
1778228400000,88.16,88.2,88.05,88.05,13043.074
1778228700000,88.05,88.28,88.01,88.2,29157.999
1778229000000,88.21,88.29,88.19,88.29,6113.704
1778229300000,88.29,88.46,88.29,88.46,10503.25
1778229600000,88.46,88.52,88.38,88.48,30218.254
1778229900000,88.48,88.63,88.46,88.52,8242.907
1778230200000,88.52,88.54,88.46,88.51,5650.381
1778230500000,88.52,88.52,88.35,88.38,13512.822
1778230800000,88.38,88.39,88.23,88.3,6255.235
1778231100000,88.29,88.48,88.28,88.47,5475.544
1778231400000,88.48,88.56,88.45,88.55,6236.576
1778231700000,88.56,88.6,88.53,88.57,8422.752
1778232000000,88.57,88.69,88.56,88.64,10159.788
1778232300000,88.64,88.72,88.55,88.56,9584.533
1778232600000,88.57,88.62,88.52,88.59,8709.402
1778232900000,88.58,88.61,88.5,88.53,4465.775
1778233200000,88.53,88.53,88.46,88.47,4335.472
1778233500000,88.47,88.48,88.32,88.39,2689.679
1778233800000,88.39,88.39,88.32,88.38,3982.948
1778234100000,88.39,88.45,88.34,88.44,4197.274
1778234400000,88.44,88.61,88.43,88.58,6263.109
1778234700000,88.58,88.58,88.28,88.33,8414.209
1778235000000,88.34,88.45,88.34,88.41,3955.702
1778235300000,88.42,88.47,88.36,88.45,2582.69
1778235600000,88.45,88.49,88.36,88.48,2157.74
1778235900000,88.48,88.52,88.42,88.46,3153.542
1778236200000,88.46,88.61,88.45,88.59,4627.198
1778236500000,88.59,88.7,88.58,88.64,5664.031
1778236800000,88.63,88.71,88.59,88.67,4629.577
1778237100000,88.66,88.7,88.63,88.68,2683.92
1778237400000,88.68,88.73,88.68,88.71,5738.765
1778237700000,88.71,89.1,88.6,88.63,45701.031
1778238000000,88.64,88.74,88.58,88.65,9914.483
1778238300000,88.66,88.68,88.57,88.58,12090.835
1778238600000,88.58,88.59,88.47,88.59,8335.561
1778238900000,88.6,88.65,88.56,88.65,4216.569
1778239200000,88.65,88.73,88.57,88.68,4699.592
1778239500000,88.67,88.7,88.64,88.66,2402.021
1778239800000,88.66,88.69,88.6,88.66,2432.491
1778240100000,88.66,88.7,88.58,88.61,3038.848
1778240400000,88.62,88.64,88.5,88.52,4015.309
1778240700000,88.53,88.66,88.53,88.64,3436.857
1778241000000,88.64,88.7,88.62,88.68,3269.896
1778241300000,88.67,88.68,88.63,88.64,5539.354
1778241600000,88.64,88.72,88.59,88.6,3880.776
1778241900000,88.59,88.67,88.58,88.58,1821.189
1778242200000,88.58,88.62,88.51,88.62,2785.053
1778242500000,88.61,88.65,88.59,88.62,2915.198
1778242800000,88.61,88.62,88.52,88.57,3387.745
1778243100000,88.57,88.76,88.52,88.71,6564.519
1778243400000,88.72,88.87,88.48,88.66,15349.899
1778243700000,88.66,88.69,88.59,88.61,4266.226
1778244000000,88.62,88.75,88.61,88.73,8416.491
1778244300000,88.73,88.74,88.57,88.57,9832.83
1778244600000,88.57,88.59,88.41,88.55,6982.162
1778244900000,88.55,88.62,88.37,88.46,7280.998
1778245200000,88.47,88.56,88.42,88.51,6736.087
1778245500000,88.5,88.55,88.29,88.41,16128.885
1778245800000,88.4,88.48,88.17,88.28,13334.994
1778246100000,88.29,88.44,88.29,88.39,8771.168
1778246400000,88.38,88.5,88.38,88.5,2852.152
1778246700000,88.5,88.5,88.28,88.29,5855.898
1778247000000,88.3,88.51,88.27,88.5,8489.162
1778247300000,88.5,88.53,88.13,88.14,7275.651
1778247600000,88.14,88.16,88.01,88.11,7985.817
1778247900000,88.11,88.39,88.11,88.29,5159.937
1778248200000,88.3,88.42,88.27,88.28,4323.511
1778248500000,88.28,88.35,88.26,88.34,2491.516
1778248800000,88.34,88.62,88.34,88.62,6129.084
1778249100000,88.61,88.82,88.58,88.76,8640.848
1778249400000,88.76,88.86,88.68,88.82,7876.214
1778249700000,88.83,89.36,88.79,89.3,20760.98
1778250000000,89.3,89.37,89.15,89.36,15162.172
1778250300000,89.37,89.38,89.05,89.05,13023.89
1778250600000,89.05,89.11,88.64,89.09,14719.584
1778250900000,89.09,89.23,88.86,89.21,17257.764
1778251200000,89.2,89.24,89.11,89.22,6861.996
1778251500000,89.22,89.23,89.07,89.13,10462.606
1778251800000,89.13,89.24,89.03,89.24,12464.071
1778252100000,89.24,89.24,89.04,89.15,5678.501
1778252400000,89.16,89.29,88.95,88.97,7262.03
1778252700000,88.96,89.07,88.85,88.95,12743.859
1778253000000,88.95,89.08,88.84,88.9,6191.519
1778253300000,88.9,88.93,88.66,88.7,8501.074
1778253600000,88.7,88.84,88.44,88.48,8858.145
1778253900000,88.48,88.59,88.43,88.59,8130.808
1778254200000,88.6,88.82,88.46,88.82,5949.734
1778254500000,88.82,89.07,88.76,89.06,4049.124
1778254800000,89.06,89.3,89.02,89.18,10432.224
1778255100000,89.18,89.37,89.14,89.25,7836.703
1778255400000,89.25,89.51,89.25,89.5,7862.066
1778255700000,89.51,89.6,89.47,89.59,11127.006
1778256000000,89.6,89.64,89.34,89.41,11626.189
1778256300000,89.41,89.58,89.38,89.46,9151.622
1778256600000,89.45,89.54,89.42,89.49,7710.162
1778256900000,89.48,89.6,89.39,89.5,10186.03
1778257200000,89.5,89.72,89.43,89.72,11460.265
1778257500000,89.72,89.79,89.57,89.6,8984.076
1778257800000,89.6,89.65,89.44,89.63,7103.845
1778258100000,89.62,89.73,89.53,89.6,4642.707
1778258400000,89.59,89.73,89.53,89.71,10718.366
1778258700000,89.72,89.76,89.55,89.58,4743.2
1778259000000,89.57,89.74,89.51,89.57,5539.36
1778259300000,89.58,89.7,89.5,89.59,4102.408
1778259600000,89.6,89.79,89.56,89.75,5264.074
1778259900000,89.75,89.85,89.67,89.68,9061.003
1778260200000,89.69,89.82,89.6,89.79,15042.164
1778260500000,89.78,90.0,89.76,89.99,9018.315
1778260800000,89.99,90.09,89.92,89.97,53577.504
1778261100000,89.97,90.34,89.96,90.32,26960.691
1778261400000,90.32,91.77,90.32,91.61,145203.604
1778261700000,91.61,91.95,91.47,91.88,48885.146
1778262000000,91.89,91.94,91.48,91.51,28164.742
1778262300000,91.52,91.78,91.48,91.76,21812.858
1778262600000,91.77,91.83,91.6,91.78,19845.01
1778262900000,91.78,91.86,91.52,91.65,14650.758
1778263200000,91.66,92.04,91.65,91.77,43002.081
1778263500000,91.78,91.81,91.7,91.77,9075.305
1778263800000,91.78,91.91,91.77,91.89,16228.225
1778264100000,91.89,92.28,91.79,92.14,35822.998
1778264400000,92.13,92.34,92.1,92.26,25455.914
1778264700000,92.26,92.42,92.18,92.3,12803.22
1778265000000,92.29,92.56,92.26,92.48,18158.165
1778265300000,92.49,92.56,92.31,92.54,14120.635
1778265600000,92.53,92.55,92.26,92.31,19452.316
1778265900000,92.31,92.46,92.29,92.34,8420.032
1778266200000,92.35,92.55,92.32,92.46,12749.99
1778266500000,92.46,92.47,92.29,92.32,9094.603
1778266800000,92.32,92.32,92.04,92.07,26656.784
1778267100000,92.07,92.47,92.07,92.4,17476.329
1778267400000,92.41,92.45,92.35,92.4,10930.893
1778267700000,92.41,92.75,92.41,92.69,27124.882
1778268000000,92.69,92.77,92.5,92.5,14082.742
1778268300000,92.5,92.76,92.5,92.75,7743.235
1778268600000,92.75,92.8,92.58,92.6,17079.408
1778268900000,92.6,92.66,92.44,92.45,11285.069
1778269200000,92.45,92.57,92.42,92.48,10128.061
1778269500000,92.48,92.6,92.45,92.53,8614.339
1778269800000,92.54,92.62,92.52,92.56,6448.732
1778270100000,92.56,92.61,92.42,92.6,11824.304
1778270400000,92.61,92.67,92.33,92.38,7769.997
1778270700000,92.37,92.44,92.21,92.34,10425.705
1778271000000,92.34,92.46,92.34,92.42,7296.493
1778271300000,92.43,92.48,92.26,92.26,11703.771
1778271600000,92.25,92.51,92.23,92.48,16930.52
1778271900000,92.48,92.49,92.39,92.48,11403.072
1778272200000,92.49,92.51,92.24,92.47,17225.076
1778272500000,92.47,92.48,92.33,92.38,2230.718
1778272800000,92.37,92.41,92.29,92.35,3437.841
1778273100000,92.35,92.4,92.29,92.33,2936.155
1778273400000,92.32,92.33,92.1,92.11,5683.756
1778273700000,92.11,92.14,92.01,92.11,13168.382
1778274000000,92.12,92.23,92.07,92.19,7140.405
1778274300000,92.18,92.24,91.85,91.88,6271.17
1778274600000,91.89,91.95,91.75,91.91,19310.954
1778274900000,91.9,92.06,91.89,92.02,9025.698
1778275200000,92.03,92.13,92.0,92.0,4621.597
1778275500000,92.0,92.07,91.89,91.93,3908.256
1778275800000,91.94,92.13,91.94,92.11,13778.636
1778276100000,92.11,92.31,92.11,92.27,4983.107
1778276400000,92.27,92.39,92.22,92.38,4243.571
1778276700000,92.38,92.39,92.3,92.33,2869.115
1778277000000,92.34,92.36,92.25,92.33,4606.22
1778277300000,92.33,92.33,92.26,92.3,2966.66
1778277600000,92.31,92.52,92.28,92.48,7465.116
1778277900000,92.49,92.6,92.48,92.52,8133.211
1778278200000,92.52,92.65,92.49,92.65,5644.234
1778278500000,92.65,92.71,92.52,92.54,6641.296
1778278800000,92.54,92.59,92.47,92.55,4974.029
1778279100000,92.54,92.54,92.4,92.42,7327.034
1778279400000,92.42,92.48,92.38,92.39,8195.793
1778279700000,92.38,92.47,92.34,92.34,5244.343
1778280000000,92.35,92.41,92.34,92.36,4272.078
1778280300000,92.37,92.46,92.36,92.44,4300.923
1778280600000,92.43,92.45,92.27,92.28,4678.719
1778280900000,92.29,92.3,92.25,92.3,3694.84
1778281200000,92.3,92.3,92.23,92.24,2220.708
1778281500000,92.23,92.23,92.06,92.1,7447.368
1778281800000,92.1,92.18,92.03,92.04,8983.912
1778282100000,92.04,92.1,91.94,92.1,5242.708
1778282400000,92.09,92.11,91.96,91.97,3576.156
1778282700000,91.97,92.01,91.92,91.95,7051.326
1778283000000,91.95,91.97,91.84,91.92,6916.25
1778283300000,91.92,91.92,91.73,91.76,6188.414
1778283600000,91.75,91.88,91.75,91.82,4812.892
1778283900000,91.81,91.92,91.78,91.87,3419.761
1778284200000,91.88,91.98,91.85,91.88,4724.169
1778284500000,91.89,92.06,91.89,92.01,9234.016
1778284800000,92.02,92.04,91.87,91.88,5833.261
1778285100000,91.88,91.96,91.85,91.92,4795.673
1778285400000,91.92,92.1,91.92,92.08,5395.473
1778285700000,92.09,92.23,92.08,92.15,7164.972
1778286000000,92.16,92.41,92.15,92.28,7459.551
1778286300000,92.29,92.38,92.28,92.37,4064.952
1778286600000,92.38,92.55,92.38,92.5,7025.193
1778286900000,92.51,92.54,92.43,92.46,3235.782
1778287200000,92.45,92.47,92.33,92.37,2354.401
1778287500000,92.38,92.62,92.37,92.52,11199.062
1778287800000,92.52,92.52,92.41,92.51,7410.289
1778288100000,92.5,92.51,92.41,92.48,4033.4
1778288400000,92.48,92.52,92.44,92.48,6273.044
1778288700000,92.47,92.68,92.42,92.67,7913.8
1778289000000,92.66,92.72,92.64,92.67,7753.532
1778289300000,92.68,92.7,92.53,92.57,11905.654
1778289600000,92.57,92.57,92.47,92.49,2767.768
1778289900000,92.49,92.55,92.47,92.49,3510.987
1778290200000,92.48,92.66,92.48,92.64,2631.386
1778290500000,92.65,92.92,92.6,92.84,14397.84
1778290800000,92.85,93.35,92.84,93.18,69489.493
1778291100000,93.19,93.32,93.1,93.1,13567.277
1778291400000,93.11,93.91,93.01,93.72,156794.387
1778291700000,93.73,93.82,93.51,93.51,20234.221
1778292000000,93.52,93.63,93.3,93.49,24285.395
1778292300000,93.49,93.8,93.42,93.75,11616.359
1778292600000,93.76,93.77,93.48,93.58,10171.279
1778292900000,93.58,93.65,93.52,93.54,5358.769
1778293200000,93.54,93.59,93.35,93.44,8717.114
1778293500000,93.44,93.45,93.36,93.45,5968.138
1778293800000,93.45,93.6,93.44,93.56,16605.972
1778294100000,93.56,93.65,93.51,93.52,6110.667
1778294400000,93.53,93.55,93.4,93.48,3510.919
1778294700000,93.49,93.51,93.3,93.37,8531.358
1778295000000,93.38,93.5,93.3,93.46,5888.043
1778295300000,93.47,93.51,93.42,93.51,6909.553
1778295600000,93.51,93.55,93.41,93.55,3606.894
1778295900000,93.56,93.68,93.54,93.58,7209.553
1778296200000,93.57,93.72,93.56,93.56,8051.647
1778296500000,93.57,93.77,93.57,93.68,5992.155
1778296800000,93.68,93.77,93.63,93.66,5119.726
1778297100000,93.67,93.71,93.59,93.67,6510.656
1778297400000,93.68,93.68,93.52,93.58,9210.311
1778297700000,93.58,93.59,93.46,93.49,4558.417
1778298000000,93.49,93.55,93.41,93.53,5419.026
1778298300000,93.54,93.71,93.5,93.61,4450.893
1778298600000,93.62,93.73,93.55,93.68,7592.229
1778298900000,93.69,93.71,93.64,93.64,7821.261
1778299200000,93.65,93.8,93.62,93.77,5752.54
1778299500000,93.77,94.17,93.77,94.01,41772.781
1778299800000,94.02,94.02,93.89,93.94,5572.128
1778300100000,93.94,93.95,93.73,93.73,9129.8
1778300400000,93.74,93.78,93.66,93.68,6047.012
1778300700000,93.68,93.68,93.53,93.65,10441.29
1778301000000,93.65,93.73,93.61,93.71,10824.11
1778301300000,93.71,93.71,93.52,93.53,16074.572
1778301600000,93.53,93.61,93.42,93.44,7742.382
1778301900000,93.44,93.58,93.43,93.53,9309.481
1778302200000,93.53,93.62,93.4,93.43,8541.391
1778302500000,93.43,93.5,93.12,93.24,19395.84
1778302800000,93.24,93.24,92.94,92.98,12543.114
1778303100000,92.99,93.08,92.84,92.89,26060.505
1778303400000,92.89,93.17,92.88,93.12,13898.189
1778303700000,93.12,93.39,93.12,93.34,9826.355
1778304000000,93.34,93.53,93.33,93.48,14901.048
1778304300000,93.48,93.53,93.43,93.5,4596.494
1778304600000,93.51,93.6,93.44,93.58,4234.359
1778304900000,93.58,93.71,93.57,93.67,4166.2
1778305200000,93.68,93.74,93.64,93.71,6728.352
1778305500000,93.7,93.75,93.6,93.67,11775.222
1778305800000,93.67,93.72,93.63,93.7,3712.485
1778306100000,93.71,93.78,93.69,93.75,3096.792
1778306400000,93.75,93.97,93.73,93.91,5309.174
1778306700000,93.92,93.98,93.9,93.94,6735.846
1778307000000,93.94,94.13,93.81,93.89,31000.892
1778307300000,93.89,93.89,93.62,93.63,8801.223
1778307600000,93.64,93.73,93.56,93.58,9214.869
1778307900000,93.59,93.6,93.51,93.55,4716.568
1778308200000,93.55,93.64,93.51,93.52,12212.306
1778308500000,93.52,93.52,93.22,93.29,6810.57
1778308800000,93.29,93.52,93.21,93.44,24454.101
1778309100000,93.44,93.57,93.37,93.56,4077.439
1778309400000,93.56,93.56,93.42,93.48,3866.302
1778309700000,93.48,93.56,93.46,93.54,4147.509
1778310000000,93.54,93.68,93.53,93.59,7881.414
1778310300000,93.59,93.6,93.34,93.38,3415.635
1778310600000,93.39,93.52,93.38,93.48,8632.355
1778310900000,93.48,93.71,93.48,93.62,4684.539
1778311200000,93.62,93.81,93.6,93.8,6865.83
1778311500000,93.8,93.81,93.65,93.68,6296.052
1778311800000,93.68,93.95,93.67,93.93,9751.963
1778312100000,93.94,93.98,93.79,93.84,13407.827
1778312400000,93.85,94.0,93.63,93.72,27320.272
1778312700000,93.73,93.78,93.66,93.74,10548.622
1778313000000,93.74,93.82,93.69,93.69,4928.799
1778313300000,93.7,93.82,93.68,93.76,4875.813
1778313600000,93.76,93.86,93.7,93.74,7831.507
1778313900000,93.75,93.75,93.67,93.67,3215.825
1778314200000,93.68,93.85,93.66,93.84,10464.123
1778314500000,93.85,93.87,93.76,93.8,13048.677
1778314800000,93.8,93.82,93.76,93.8,2472.725
1778315100000,93.81,93.92,93.79,93.87,4492.564
1778315400000,93.87,93.95,93.78,93.8,4427.25
1778315700000,93.8,93.84,93.75,93.78,3318.611
1778316000000,93.77,93.81,93.74,93.76,3074.467
1778316300000,93.77,93.77,93.72,93.75,2527.242
1778316600000,93.75,93.82,93.71,93.74,3177.452
1778316900000,93.75,93.75,93.69,93.72,2679.467
1778317200000,93.71,93.71,93.62,93.62,5152.891
1778317500000,93.63,93.71,93.63,93.68,2170.211
1778317800000,93.68,93.68,93.49,93.49,7256.202
1778318100000,93.5,93.51,93.05,93.17,18550.707
1778318400000,93.16,93.43,93.12,93.43,12753.643
1778318700000,93.43,93.49,93.35,93.44,6165.599
1778319000000,93.44,93.44,93.22,93.4,10375.431
1778319300000,93.4,93.46,93.31,93.35,8492.36
1778319600000,93.36,93.39,93.3,93.31,4423.436
1778319900000,93.31,93.41,93.26,93.27,12337.232
1778320200000,93.27,93.3,93.18,93.26,6304.006
1778320500000,93.26,93.3,93.22,93.29,6965.579
1778320800000,93.29,93.3,93.09,93.18,5191.78
1778321100000,93.17,93.21,93.13,93.15,5710.412
1778321400000,93.15,93.29,93.15,93.28,4393.709
1778321700000,93.28,93.5,93.28,93.45,5147.172
1778322000000,93.44,93.52,93.28,93.32,15791.115
1778322300000,93.31,93.44,93.31,93.36,4068.817
1778322600000,93.36,93.51,93.34,93.51,4570.911
1778322900000,93.51,93.57,93.46,93.57,4805.547
1778323200000,93.57,93.6,93.48,93.49,3849.033
1778323500000,93.5,93.52,93.37,93.37,3993.417
1778323800000,93.38,93.44,93.37,93.39,1727.235
1778324100000,93.39,93.43,93.37,93.38,3725.206
1778324400000,93.38,93.46,93.33,93.45,3120.913
1778324700000,93.45,93.49,93.4,93.46,1733.084
1778325000000,93.47,93.58,93.46,93.52,3860.134
1778325300000,93.52,93.6,93.49,93.57,2775.442
1778325600000,93.58,93.67,93.57,93.65,3787.396
1778325900000,93.65,93.69,93.63,93.67,3260.927
1778326200000,93.68,93.69,93.6,93.63,2194.947
1778326500000,93.64,93.65,93.57,93.61,2186.292
1778326800000,93.61,93.61,93.56,93.58,3342.057
1778327100000,93.58,93.66,93.56,93.56,5123.262
1778327400000,93.56,93.63,93.54,93.57,6813.04
1778327700000,93.57,93.67,93.56,93.62,4326.37
1778328000000,93.61,93.71,93.59,93.68,4683.868
1778328300000,93.69,93.74,93.48,93.51,4202.605
1778328600000,93.52,93.64,93.51,93.52,4683.911
1778328900000,93.52,93.52,93.37,93.52,4659.615
1778329200000,93.52,93.67,93.51,93.67,4060.492
1778329500000,93.67,93.71,93.58,93.61,3945.577
1778329800000,93.62,93.62,93.44,93.46,1587.927
1778330100000,93.45,93.45,93.29,93.3,4043.459
1778330400000,93.29,93.36,93.27,93.36,3325.612
1778330700000,93.35,93.47,93.32,93.47,3804.465
1778331000000,93.47,93.49,93.43,93.43,1462.681
1778331300000,93.44,93.47,93.37,93.45,1916.807
1778331600000,93.45,93.46,93.31,93.36,4105.598
1778331900000,93.36,93.4,93.24,93.39,3943.86
1778332200000,93.38,93.44,93.33,93.39,2803.774
1778332500000,93.39,93.44,93.27,93.28,3263.065
1778332800000,93.28,93.28,93.1,93.19,5501.268
1778333100000,93.2,93.3,93.15,93.23,4377.359
1778333400000,93.23,93.26,93.19,93.21,2997.764
1778333700000,93.2,93.26,93.14,93.15,6174.039
1778334000000,93.14,93.28,93.01,93.28,12875.449
1778334300000,93.28,93.39,93.28,93.38,2791.255
1778334600000,93.38,93.42,93.32,93.39,1961.76
1778334900000,93.4,93.47,93.38,93.47,3592.937
1778335200000,93.46,93.47,93.27,93.32,1480.025
1778335500000,93.33,93.37,93.26,93.26,4995.472
1778335800000,93.26,93.34,93.19,93.25,6552.137
1778336100000,93.24,93.27,93.15,93.21,4060.852
1778336400000,93.22,93.28,93.03,93.11,6423.043
1778336700000,93.1,93.1,92.91,93.02,17394.451
1778337000000,93.01,93.11,92.99,93.04,6483.066
1778337300000,93.04,93.05,92.98,93.03,4447.185
1778337600000,93.04,93.08,92.99,93.04,5138.813
1778337900000,93.03,93.1,92.92,93.0,6087.726
1778338200000,92.99,92.99,92.77,92.91,17416.522
1778338500000,92.9,92.91,92.81,92.88,5065.321
1778338800000,92.88,92.97,92.81,92.81,6306.638
1778339100000,92.82,92.84,92.56,92.6,13314.873
1778339400000,92.6,92.61,92.39,92.54,28792.965
1778339700000,92.55,92.74,92.54,92.61,7492.315
1778340000000,92.61,92.75,92.6,92.7,5397.819
1778340300000,92.7,92.86,92.7,92.84,3512.008
1778340600000,92.84,92.97,92.8,92.83,5653.541
1778340900000,92.83,92.98,92.82,92.93,4763.75
1778341200000,92.94,92.95,92.7,92.7,7729.03
1778341500000,92.71,92.85,92.71,92.82,3683.257
1778341800000,92.82,92.93,92.78,92.89,9939.712
1778342100000,92.9,93.01,92.88,93.01,9625.838
1778342400000,93.01,93.03,92.82,92.87,8563.594
1778342700000,92.88,93.09,92.83,93.0,19693.097
1778343000000,93.0,93.09,92.99,93.07,10866.773
1778343300000,93.08,93.24,93.07,93.15,9301.14
1778343600000,93.15,93.31,93.11,93.18,9132.605
1778343900000,93.18,93.26,92.94,92.94,9255.204
1778344200000,92.95,92.96,92.85,92.86,11742.945
1778344500000,92.86,92.92,92.8,92.84,2763.802
1778344800000,92.83,92.83,92.69,92.75,5589.431
1778345100000,92.76,92.9,92.7,92.86,11950.901
1778345400000,92.85,92.94,92.81,92.83,4985.269
1778345700000,92.84,92.86,92.71,92.76,4551.81
1778346000000,92.77,92.96,92.76,92.94,1994.485
1778346300000,92.95,93.11,92.95,93.06,6125.499
1778346600000,93.06,93.11,92.97,93.0,10725.561
1778346900000,93.01,93.06,92.95,93.05,3310.559
1778347200000,93.04,93.13,92.98,93.1,1277.744
1778347500000,93.1,93.23,93.1,93.23,3252.023
1778347800000,93.23,93.45,93.21,93.45,6472.587
1778348100000,93.45,93.48,93.32,93.36,4629.413
1778348400000,93.36,93.48,93.35,93.39,3552.002
1778348700000,93.38,93.4,93.17,93.17,4938.513
1778349000000,93.18,93.25,93.17,93.19,1677.933
1778349300000,93.19,93.26,93.11,93.21,3567.977
1778349600000,93.21,93.33,93.21,93.22,1782.806
1778349900000,93.23,93.26,93.2,93.25,756.122
1778350200000,93.25,93.25,93.15,93.2,1844.933
1778350500000,93.21,93.34,93.19,93.26,2197.706
1778350800000,93.26,93.3,93.19,93.3,1270.047
1778351100000,93.29,93.65,93.29,93.56,19311.983
1778351400000,93.56,93.61,93.43,93.45,5738.13
1778351700000,93.45,93.47,93.35,93.39,5444.321
1778352000000,93.39,93.4,93.33,93.38,1526.878
1778352300000,93.38,93.38,93.28,93.34,950.249
1778352600000,93.34,93.35,93.3,93.31,4057.931
1778352900000,93.31,93.38,93.29,93.37,2239.907
1778353200000,93.37,93.39,93.25,93.29,792.777
1778353500000,93.29,93.42,93.26,93.39,2877.822
1778353800000,93.4,93.4,93.33,93.36,4791.014
1778354100000,93.36,93.36,93.24,93.29,914.104
1778354400000,93.29,93.34,93.28,93.31,840.57
1778354700000,93.3,93.34,93.22,93.34,2154.127
1778355000000,93.34,93.37,93.3,93.33,842.127
1778355300000,93.34,93.42,93.33,93.41,2269.323
1778355600000,93.42,93.48,93.32,93.43,6194.335
1778355900000,93.43,93.5,93.37,93.5,2767.569
1778356200000,93.5,93.58,93.49,93.58,1244.35
1778356500000,93.58,93.58,93.5,93.51,1878.813
1778356800000,93.51,93.51,93.42,93.44,1112.981
1778357100000,93.44,93.45,93.36,93.38,2199.362
1778357400000,93.37,93.38,93.32,93.33,4988.47
1778357700000,93.33,93.33,93.25,93.26,3788.904
1778358000000,93.25,93.3,93.23,93.23,1161.377
1778358300000,93.22,93.29,93.22,93.28,729.209
1778358600000,93.29,93.31,93.15,93.19,2963.195
1778358900000,93.19,93.27,93.18,93.26,451.034
1778359200000,93.27,93.34,93.22,93.26,7561.962
1778359500000,93.26,93.26,93.19,93.22,1512.741
1778359800000,93.23,93.31,93.22,93.25,509.474
1778360100000,93.25,93.3,93.25,93.26,605.726
1778360400000,93.25,93.33,93.25,93.3,1626.939
1778360700000,93.29,93.36,93.29,93.33,2236.144
1778361000000,93.33,93.43,93.32,93.36,3067.978
1778361300000,93.36,93.44,93.36,93.38,1291.46
1778361600000,93.38,93.39,93.31,93.33,1100.108
1778361900000,93.32,93.4,93.25,93.38,1864.687
1778362200000,93.38,93.4,93.29,93.34,3296.701
1778362500000,93.33,93.41,93.33,93.35,1776.927
1778362800000,93.35,93.48,93.34,93.44,5724.542
1778363100000,93.44,93.44,93.39,93.43,628.275
1778363400000,93.42,93.48,93.38,93.44,1657.731
1778363700000,93.44,93.56,93.43,93.49,4978.829
1778364000000,93.5,93.53,93.36,93.4,6245.411
1778364300000,93.41,93.43,93.35,93.37,1469.133
1778364600000,93.37,93.42,93.31,93.38,4963.305
1778364900000,93.38,93.41,93.37,93.38,1794.56
1778365200000,93.38,93.38,93.3,93.33,1279.41
1778365500000,93.32,93.46,93.32,93.39,4535.21
1778365800000,93.38,93.38,93.22,93.31,2003.876
1778366100000,93.31,93.38,93.27,93.38,1102.561
1778366400000,93.38,93.49,93.34,93.48,2175.53
1778366700000,93.48,93.48,93.34,93.34,925.512
1778367000000,93.34,93.39,93.3,93.3,1107.509
1778367300000,93.31,93.34,93.29,93.33,1351.079
1778367600000,93.33,93.49,93.33,93.39,1844.411
1778367900000,93.38,93.4,93.26,93.31,3619.779
1778368200000,93.32,93.33,93.26,93.3,1420.701
1778368500000,93.29,93.31,93.23,93.23,3244.355
1778368800000,93.24,93.26,93.19,93.2,1744.345
1778369100000,93.21,93.21,93.15,93.15,1828.469
1778369400000,93.15,93.18,93.1,93.13,2431.566
1778369700000,93.14,93.15,93.08,93.09,2656.896
1778370000000,93.08,93.09,93.06,93.07,1079.066
1778370300000,93.07,93.16,93.05,93.16,1930.721
1778370600000,93.16,93.2,93.15,93.2,1937.993
1778370900000,93.2,93.2,93.13,93.13,1914.706
1778371200000,93.12,93.18,92.99,92.99,4659.882
1778371500000,92.99,93.08,92.92,93.08,9625.155
1778371800000,93.08,93.19,93.07,93.17,3596.464
1778372100000,93.17,93.22,93.14,93.21,2393.613
1778372400000,93.21,93.34,93.2,93.27,6392.544
1778372700000,93.26,93.27,93.15,93.19,3499.225
1778373000000,93.18,93.18,93.03,93.13,4669.391
1778373300000,93.12,93.15,93.01,93.08,3852.694
1778373600000,93.08,93.14,93.0,93.05,5042.169
1778373900000,93.04,93.08,92.95,93.01,5588.138
1778374200000,93.02,93.02,92.94,92.98,4210.484
1778374500000,92.98,93.03,92.94,93.03,3090.481
1778374800000,93.03,93.03,92.87,92.96,6121.011
1778375100000,92.96,92.96,92.83,92.91,6018.035
1778375400000,92.92,92.92,92.84,92.84,2162.434
1778375700000,92.85,92.9,92.73,92.79,5075.645
1778376000000,92.79,92.83,92.62,92.63,3512.111
1778376300000,92.64,92.68,92.6,92.65,5446.935
1778376600000,92.64,92.84,92.64,92.75,9253.38
1778376900000,92.74,92.8,92.69,92.72,3859.52
1778377200000,92.73,92.8,92.72,92.78,1127.0
1778377500000,92.78,92.82,92.77,92.8,2009.233
1778377800000,92.79,92.99,92.79,92.98,3845.078
1778378100000,92.97,92.98,92.91,92.97,1667.382
1778378400000,92.96,92.98,92.81,92.91,2962.151
1778378700000,92.92,92.98,92.9,92.96,2171.9
1778379000000,92.96,92.99,92.83,92.88,5720.739
1778379300000,92.89,92.99,92.88,92.89,4286.513
1778379600000,92.88,93.06,92.87,93.04,7407.479
1778379900000,93.04,93.11,93.01,93.07,4485.052
1778380200000,93.07,93.07,92.95,92.99,6060.129
1778380500000,93.0,93.08,92.97,92.97,3301.562
1778380800000,92.97,92.98,92.91,92.95,5066.081
1778381100000,92.96,93.07,92.9,93.06,13616.412
1778381400000,93.07,93.08,92.95,93.01,2795.735
1778381700000,93.0,93.1,92.82,93.04,33335.73
1778382000000,93.05,93.18,93.01,93.16,3219.866
1778382300000,93.17,93.17,93.11,93.14,2823.227
1778382600000,93.14,93.2,93.14,93.17,8087.834
1778382900000,93.18,93.26,93.18,93.23,3298.283
1778383200000,93.24,93.26,92.98,93.16,19571.187
1778383500000,93.16,93.16,93.09,93.15,2584.949
1778383800000,93.16,93.22,93.06,93.21,3761.531
1778384100000,93.21,93.44,93.21,93.44,10937.391
1778384400000,93.43,93.51,93.35,93.39,22763.418
1778384700000,93.4,93.49,93.38,93.47,6318.838
1778385000000,93.47,93.49,93.41,93.45,27196.536
1778385300000,93.44,93.46,93.42,93.42,3513.204
1778385600000,93.41,93.45,93.27,93.28,6442.433
1778385900000,93.28,93.36,93.27,93.36,1881.565
1778386200000,93.35,93.35,93.27,93.33,2111.345
1778386500000,93.34,93.46,93.28,93.3,5089.589
1778386800000,93.3,93.3,93.24,93.25,2761.169
1778387100000,93.25,93.34,93.24,93.34,2011.719
1778387400000,93.34,93.5,93.33,93.44,17663.568
1778387700000,93.44,93.48,93.44,93.46,2629.819
1778388000000,93.46,93.49,93.38,93.38,1414.038
1778388300000,93.38,93.38,93.31,93.36,1530.357
1778388600000,93.36,93.44,93.36,93.4,1832.613
1778388900000,93.41,93.44,93.35,93.35,2039.182
1778389200000,93.36,93.36,93.24,93.32,1492.893
1778389500000,93.32,93.35,93.26,93.3,1614.41
1778389800000,93.3,93.33,93.27,93.33,2729.358
1778390100000,93.33,93.43,93.33,93.38,2044.099
1778390400000,93.38,93.49,93.33,93.48,1743.351
1778390700000,93.48,93.5,93.44,93.45,1623.85
1778391000000,93.45,93.5,93.41,93.46,2221.644
1778391300000,93.46,93.47,93.42,93.45,1418.281
1778391600000,93.45,93.45,93.39,93.42,4162.758
1778391900000,93.41,93.44,93.36,93.4,3067.071
1778392200000,93.39,93.4,93.31,93.32,4157.259
1778392500000,93.33,93.37,93.32,93.34,2854.282
1778392800000,93.34,93.43,93.3,93.37,2395.812
1778393100000,93.37,93.4,93.36,93.38,1262.214
1778393400000,93.38,93.38,93.28,93.36,758.015
1778393700000,93.36,93.36,93.3,93.3,1397.798
1778394000000,93.29,93.39,93.28,93.35,1418.267
1778394300000,93.35,93.35,93.25,93.28,2277.829
1778394600000,93.28,93.34,93.27,93.33,1469.56
1778394900000,93.33,93.39,93.3,93.36,2174.385
1778395200000,93.36,93.43,93.3,93.38,5097.789
1778395500000,93.38,93.41,93.37,93.4,6218.962
1778395800000,93.4,93.46,93.4,93.43,2341.318
1778396100000,93.44,93.44,93.39,93.41,1668.51
1778396400000,93.41,93.63,93.4,93.5,12982.424
1778396700000,93.5,93.57,93.46,93.49,4625.466
1778397000000,93.48,93.52,93.37,93.38,1710.326
1778397300000,93.38,93.5,93.38,93.47,2880.431
1778397600000,93.48,93.59,93.47,93.57,2259.626
1778397900000,93.56,93.6,93.53,93.54,2348.473
1778398200000,93.54,93.55,93.5,93.54,2520.306
1778398500000,93.55,93.62,93.54,93.58,3900.193
1778398800000,93.59,93.59,93.47,93.53,2996.972
1778399100000,93.53,93.59,93.5,93.55,3642.971
1778399400000,93.55,93.56,93.46,93.49,1300.946
1778399700000,93.48,93.51,93.45,93.46,1950.981
1778400000000,93.46,93.52,93.42,93.49,3456.109
1778400300000,93.49,93.94,93.48,93.9,29278.655
1778400600000,93.89,94.09,93.73,93.73,12649.499
1778400900000,93.74,93.83,93.67,93.78,4998.704
1778401200000,93.78,94.0,93.78,94.0,9002.175
1778401500000,94.0,94.03,93.86,93.9,26395.808
1778401800000,93.89,94.0,93.84,93.88,6264.628
1778402100000,93.88,93.96,93.88,93.94,2298.866
1778402400000,93.93,93.94,93.89,93.9,2771.841
1778402700000,93.9,94.04,93.88,94.01,2728.58
1778403000000,94.02,94.05,93.97,94.05,8471.08
1778403300000,94.06,94.07,94.01,94.06,4215.148
1778403600000,94.06,94.8,94.06,94.72,68128.572
1778403900000,94.71,94.72,94.48,94.59,15307.588
1778404200000,94.59,94.59,94.41,94.48,5669.237
1778404500000,94.47,94.53,94.34,94.51,6444.539
1778404800000,94.5,94.51,94.36,94.44,7283.875
1778405100000,94.45,94.56,94.44,94.52,4051.371
1778405400000,94.52,94.64,94.48,94.52,5108.141
1778405700000,94.51,94.51,94.31,94.46,6439.204
1778406000000,94.45,94.46,94.21,94.31,8694.649
1778406300000,94.31,94.46,94.3,94.43,7295.101
1778406600000,94.42,94.43,94.27,94.32,6755.269
1778406900000,94.32,94.37,94.27,94.3,9994.496
1778407200000,94.31,94.37,94.03,94.08,10071.237
1778407500000,94.09,94.2,93.93,94.03,20212.93
1778407800000,94.04,94.04,93.8,93.82,6671.721
1778408100000,93.82,93.83,93.59,93.65,17949.959
1778408400000,93.65,93.84,93.63,93.84,4006.58
1778408700000,93.84,93.87,93.77,93.82,6880.515
1778409000000,93.83,93.9,93.74,93.81,11162.133
1778409300000,93.82,93.84,93.74,93.8,4951.118
1778409600000,93.81,93.83,93.76,93.8,13734.207
1778409900000,93.79,93.82,93.66,93.71,7641.061
1778410200000,93.71,93.95,93.71,93.88,5637.325
1778410500000,93.87,93.9,93.86,93.87,2199.314
1778410800000,93.86,94.02,93.83,93.91,5853.79
1778411100000,93.9,93.94,93.8,93.8,2629.314
1778411400000,93.81,93.9,93.76,93.81,3321.9
1778411700000,93.81,93.84,93.61,93.61,7953.662
1778412000000,93.62,93.62,92.91,93.27,57621.238
1778412300000,93.26,93.37,93.2,93.32,9840.949
1778412600000,93.31,93.38,93.3,93.36,10914.318
1778412900000,93.35,93.37,93.26,93.32,10149.744
1778413200000,93.32,93.41,93.23,93.34,5603.35
1778413500000,93.35,93.51,93.34,93.4,8254.938
1778413800000,93.39,93.45,93.38,93.44,4145.796
1778414100000,93.45,93.62,93.43,93.55,10593.14
1778414400000,93.56,93.62,93.37,93.44,5897.343
1778414700000,93.45,93.45,93.37,93.39,2253.347
1778415000000,93.39,93.5,93.37,93.48,2892.384
1778415300000,93.48,93.53,93.38,93.41,2677.933
1778415600000,93.41,93.44,93.37,93.44,2220.716
1778415900000,93.44,93.47,93.31,93.38,4799.58
1778416200000,93.39,93.5,93.35,93.35,8489.13
1778416500000,93.35,93.39,93.31,93.39,3554.801
1778416800000,93.39,93.39,93.33,93.39,2536.654
1778417100000,93.39,93.46,93.39,93.41,4669.572
1778417400000,93.41,93.44,93.31,93.34,3334.889
1778417700000,93.35,93.36,93.2,93.32,6426.838
1778418000000,93.31,93.4,93.26,93.35,4981.875
1778418300000,93.36,93.5,93.24,93.39,10330.387
1778418600000,93.39,93.5,93.34,93.43,8394.199
1778418900000,93.42,93.52,93.38,93.5,9660.584
1778419200000,93.5,93.73,93.48,93.73,13258.73
1778419500000,93.73,93.78,93.65,93.67,7943.163
1778419800000,93.68,93.79,93.6,93.77,5679.587
1778420100000,93.77,93.77,93.7,93.71,2545.797
1778420400000,93.7,93.75,93.63,93.75,5458.346
1778420700000,93.74,93.85,93.7,93.85,5608.226
1778421000000,93.84,93.94,93.84,93.87,4334.521
1778421300000,93.88,93.9,93.74,93.77,4764.355
1778421600000,93.76,93.89,93.76,93.84,3147.136
1778421900000,93.84,93.84,93.72,93.83,3296.451
1778422200000,93.83,93.98,93.83,93.87,5057.345
1778422500000,93.87,93.88,93.77,93.87,3811.052
1778422800000,93.87,93.88,93.74,93.81,4045.5
1778423100000,93.82,93.83,93.7,93.74,3018.113
1778423400000,93.75,94.02,93.75,93.97,5790.336
1778423700000,93.97,94.09,93.88,93.99,9464.505
1778424000000,93.99,94.13,93.93,93.94,8786.31
1778424300000,93.93,93.98,93.68,93.76,7984.59
1778424600000,93.76,94.06,93.74,94.0,6888.058
1778424900000,93.99,94.03,93.87,93.89,7617.731
1778425200000,93.89,94.18,93.89,94.06,12665.149
1778425500000,94.07,94.19,94.0,94.04,6261.685
1778425800000,94.04,94.32,94.0,94.28,7857.026
1778426100000,94.28,94.35,94.18,94.27,6920.139
1778426400000,94.26,94.41,94.18,94.27,7564.321
1778426700000,94.28,94.41,94.24,94.36,7361.355
1778427000000,94.35,94.51,94.35,94.42,11268.002
1778427300000,94.43,94.66,94.41,94.54,16426.98
1778427600000,94.53,94.66,94.5,94.58,12232.264
1778427900000,94.57,94.73,94.5,94.56,13729.847
1778428200000,94.56,94.64,94.41,94.46,11957.605
1778428500000,94.46,94.55,94.45,94.53,4986.074
1778428800000,94.53,94.58,94.33,94.36,20190.994
1778429100000,94.36,94.45,94.29,94.45,7919.873
1778429400000,94.45,94.65,94.44,94.51,7724.208
1778429700000,94.51,94.52,94.2,94.3,10022.379
1778430000000,94.31,94.34,94.28,94.3,4099.723
1778430300000,94.29,94.44,94.18,94.36,12348.706
1778430600000,94.37,94.45,94.34,94.43,6248.428
1778430900000,94.43,94.61,94.34,94.59,7488.46
1778431200000,94.6,94.86,94.59,94.71,16588.1
1778431500000,94.71,94.98,94.65,94.82,11681.873
1778431800000,94.83,94.9,94.75,94.77,6545.593
1778432100000,94.77,94.93,94.77,94.84,14045.895
1778432400000,94.84,95.2,94.84,95.14,36413.576
1778432700000,95.13,95.22,94.93,94.95,18279.704
1778433000000,94.96,95.38,94.95,95.22,39207.714
1778433300000,95.22,95.45,95.17,95.44,18917.512
1778433600000,95.45,95.91,95.44,95.8,41136.913
1778433900000,95.8,95.99,95.7,95.93,8890.654
1778434200000,95.93,96.16,95.81,95.82,29322.55
1778434500000,95.82,95.85,95.65,95.77,11601.216
1778434800000,95.77,95.95,95.71,95.95,9995.53
1778435100000,95.95,95.95,95.7,95.79,6737.695
1778435400000,95.79,96.28,95.78,96.24,29395.09
1778435700000,96.23,96.5,96.23,96.49,17513.819
1778436000000,96.49,96.5,96.15,96.25,14362.315
1778436300000,96.26,96.31,96.12,96.24,10912.774
1778436600000,96.25,96.69,96.24,96.65,15537.787
1778436900000,96.66,96.67,96.41,96.5,14384.434
1778437200000,96.5,96.85,96.47,96.68,9669.055
1778437500000,96.68,97.0,96.57,96.61,37652.379
1778437800000,96.61,96.9,96.6,96.73,17873.241
1778438100000,96.72,96.73,96.53,96.63,9335.844
1778438400000,96.64,96.74,96.52,96.58,8050.596
1778438700000,96.58,96.77,96.58,96.75,5659.638
1778439000000,96.75,96.76,96.55,96.55,6295.536
1778439300000,96.55,96.56,96.4,96.44,4964.437
1778439600000,96.43,96.43,95.75,95.94,20305.548
1778439900000,95.95,96.19,95.95,96.17,10107.686
1778440200000,96.17,96.34,96.12,96.19,8514.076
1778440500000,96.18,96.5,96.15,96.34,8058.303
1778440800000,96.34,96.67,96.3,96.67,9090.284
1778441100000,96.67,96.88,96.58,96.81,9868.708
1778441400000,96.8,96.88,96.66,96.74,6655.876
1778441700000,96.73,96.73,96.46,96.51,4332.637
1778442000000,96.5,96.63,96.46,96.6,19828.226
1778442300000,96.59,96.65,96.45,96.49,2583.03
1778442600000,96.49,96.51,96.25,96.3,4937.953
1778442900000,96.3,96.49,96.3,96.47,4037.161
1778443200000,96.47,96.53,96.34,96.39,4788.898
1778443500000,96.38,96.6,96.38,96.6,4556.184
1778443800000,96.6,96.6,95.96,95.97,7134.707
1778444100000,95.97,96.04,95.52,95.75,20952.633
1778444400000,95.76,96.01,95.68,95.76,15882.093
1778444700000,95.77,95.92,95.72,95.82,5775.408
1778445000000,95.82,95.82,95.14,95.38,12159.185
1778445300000,95.38,95.56,95.32,95.34,10849.154
1778445600000,95.34,95.48,94.83,94.91,45177.716
1778445900000,94.92,94.92,93.55,93.65,60072.312
1778446200000,93.65,94.66,93.43,94.28,42040.42
1778446500000,94.28,94.57,94.24,94.52,16905.55
1778446800000,94.51,95.04,94.47,94.89,17631.773
1778447100000,94.89,95.25,94.81,95.2,12218.035
1778447400000,95.19,95.24,94.58,94.66,13563.178
1778447700000,94.66,95.15,94.64,95.06,9695.475
1778448000000,95.06,95.17,94.82,95.09,6776.455
1778448300000,95.08,95.34,95.0,95.33,4381.117
1778448600000,95.33,95.54,95.25,95.47,9933.569
1778448900000,95.47,95.6,95.04,95.05,10107.964
1778449200000,95.06,95.4,95.06,95.36,5195.653
1778449500000,95.37,95.54,95.37,95.4,4534.869
1778449800000,95.4,95.49,95.17,95.19,4252.657
1778450100000,95.19,95.29,95.06,95.08,7215.325
1778450400000,95.07,95.82,94.89,95.32,23476.102
1778450700000,95.32,95.58,95.26,95.45,8285.379
1778451000000,95.45,95.66,95.43,95.5,5832.072
1778451300000,95.51,95.64,95.32,95.6,12755.109
1778451600000,95.59,95.61,95.43,95.58,6300.27
1778451900000,95.57,96.08,95.53,95.75,15535.982
1778452200000,95.76,96.36,95.56,96.24,14313.102
1778452500000,96.25,96.27,95.87,95.93,7921.282
1778452800000,95.93,96.04,95.87,95.96,6900.949
1778453100000,95.97,96.16,95.97,96.13,3543.725
1778453400000,96.13,96.25,95.93,96.13,4470.21
1778453700000,96.13,96.34,96.12,96.23,8113.956
1778454000000,96.24,96.46,96.13,96.33,8400.293
1778454300000,96.33,96.43,96.23,96.41,7919.803
1778454600000,96.4,96.49,96.18,96.23,10728.921
1778454900000,96.23,96.32,95.99,96.11,6275.546
1778455200000,96.1,96.21,95.99,96.2,6273.314
1778455500000,96.19,96.71,96.19,96.34,38346.68
1778455800000,96.34,96.59,96.27,96.54,17776.575
1778456100000,96.55,96.86,96.5,96.78,14250.16
1778456400000,96.78,96.78,96.53,96.7,7398.887
1778456700000,96.69,96.71,96.53,96.61,10491.048
1778457000000,96.61,96.62,96.42,96.43,6422.158
1778457300000,96.43,96.5,96.33,96.47,7609.53
1778457600000,96.46,96.64,96.45,96.47,8476.018
1778457900000,96.48,96.61,96.3,96.32,9808.41
1778458200000,96.31,96.4,96.11,96.23,20203.526
1778458500000,96.23,96.25,95.92,96.0,29476.538
1778458800000,96.0,96.4,95.9,96.4,19612.418
1778459100000,96.41,96.54,96.04,96.11,11324.42
1778459400000,96.11,96.67,96.08,96.45,16628.356
1778459700000,96.46,96.58,96.41,96.42,8972.268
1778460000000,96.42,96.43,95.9,95.99,16715.423
1778460300000,95.99,96.12,95.83,95.96,13413.232
1778460600000,95.96,95.97,95.33,95.46,22939.624
1778460900000,95.45,95.8,95.35,95.79,29173.488
1778461200000,95.79,95.82,95.38,95.41,18265.974
1778461500000,95.41,95.62,95.32,95.55,9784.26
1778461800000,95.55,96.03,95.44,95.87,16954.59
1778462100000,95.88,96.38,95.79,96.32,17206.683
1778462400000,96.31,96.4,96.16,96.29,16325.039
1778462700000,96.3,96.34,96.08,96.12,6711.392
1778463000000,96.11,96.22,95.84,95.98,9416.566
1778463300000,95.99,96.04,95.86,95.96,7123.664
1778463600000,95.95,96.3,95.81,95.99,23680.601
1778463900000,95.98,96.25,95.79,96.24,13099.439
1778464200000,96.24,96.28,96.01,96.01,6814.624
1778464500000,96.02,96.12,95.97,96.05,6563.974
1778464800000,96.05,96.14,95.97,96.01,12086.69
1778465100000,96.02,96.05,95.7,95.75,10885.96
1778465400000,95.76,95.88,95.7,95.83,11558.563
1778465700000,95.83,95.83,95.54,95.65,12973.66
1778466000000,95.65,95.69,95.41,95.67,10056.878
1778466300000,95.67,95.71,95.55,95.58,6731.22
1778466600000,95.57,95.62,95.19,95.37,18281.976
1778466900000,95.38,95.47,95.29,95.44,11495.37
1778467200000,95.45,95.48,95.33,95.39,6762.707
1778467500000,95.39,95.45,95.24,95.25,31530.232
1778467800000,95.24,95.42,95.23,95.4,8003.601
1778468100000,95.4,95.4,95.27,95.3,4415.042
1778468400000,95.3,95.34,95.02,95.13,16719.64
1778468700000,95.14,95.26,94.96,95.03,19535.765
1778469000000,95.02,95.06,94.72,94.73,18205.46
1778469300000,94.73,95.0,94.68,94.96,12595.22
1778469600000,94.95,95.01,94.79,94.93,14079.955
1778469900000,94.92,94.98,94.72,94.74,14527.648
1778470200000,94.74,94.86,94.56,94.58,28135.644
1778470500000,94.59,94.69,94.46,94.65,14208.515
1778470800000,94.65,94.85,94.61,94.85,5493.924
1778471100000,94.85,94.95,94.76,94.77,6174.326
1778471400000,94.77,94.88,94.74,94.82,10262.793
1778471700000,94.83,94.85,94.73,94.76,4015.21
1778472000000,94.76,94.77,94.58,94.64,14788.147
1778472300000,94.65,94.71,94.47,94.48,7364.192
1778472600000,94.48,94.55,94.43,94.5,8787.713
1778472900000,94.5,94.68,94.5,94.63,3307.62
1778473200000,94.63,94.82,94.6,94.81,3140.308
1778473500000,94.81,94.88,94.75,94.83,3618.759
1778473800000,94.83,95.05,94.82,95.03,5869.027
1778474100000,95.03,95.09,95.01,95.09,4334.379
1778474400000,95.09,95.15,94.98,95.14,3801.323
1778474700000,95.13,95.18,94.93,94.93,3547.247
1778475000000,94.93,95.21,94.93,95.17,3708.151
1778475300000,95.17,95.17,94.97,94.97,4471.334
1778475600000,94.97,95.29,94.94,95.28,18608.246
1778475900000,95.29,95.31,95.14,95.24,7682.03
1778476200000,95.24,95.34,95.16,95.16,6356.528
1778476500000,95.16,95.43,95.15,95.42,7845.399
1778476800000,95.41,95.48,95.4,95.48,5685.824
1778477100000,95.48,95.6,95.43,95.6,5445.957
1778477400000,95.59,95.88,95.57,95.88,8168.1
1778477700000,95.88,95.88,95.62,95.65,6681.227
1778478000000,95.66,95.72,95.5,95.51,4899.137
1778478300000,95.51,95.69,95.48,95.68,6061.666
1778478600000,95.67,95.75,95.55,95.75,10832.758
1778478900000,95.74,95.78,95.64,95.71,2905.743
1778479200000,95.71,95.84,95.65,95.84,5023.448
1778479500000,95.83,95.96,95.72,95.93,4775.996
1778479800000,95.94,96.16,95.93,95.94,15565.068
1778480100000,95.94,95.97,95.73,95.84,6638.404
1778480400000,95.84,96.07,95.81,96.02,5160.637
1778480700000,96.02,96.03,95.95,95.98,2871.719
1778481000000,95.97,96.02,95.73,95.74,12139.377
1778481300000,95.74,95.81,95.7,95.74,5545.61
1778481600000,95.75,95.75,95.44,95.6,5806.499
1778481900000,95.6,95.66,95.42,95.43,9695.964
1778482200000,95.43,95.64,95.43,95.53,4773.268
1778482500000,95.53,95.6,95.49,95.49,4026.424
1778482800000,95.5,95.51,95.3,95.3,5889.84
1778483100000,95.31,95.4,95.25,95.37,4831.161
1778483400000,95.37,95.49,95.29,95.37,4769.957
1778483700000,95.36,95.54,95.25,95.54,4864.467
1778484000000,95.54,95.58,95.41,95.43,4501.218
1778484300000,95.43,95.46,95.25,95.31,4837.159
1778484600000,95.31,95.37,95.17,95.27,5852.76
1778484900000,95.27,95.4,95.26,95.36,10113.272
1778485200000,95.36,95.47,95.27,95.3,4677.859
1778485500000,95.3,95.43,95.3,95.37,2960.912
1778485800000,95.37,95.54,95.37,95.37,10851.311
1778486100000,95.38,95.39,95.27,95.33,13168.263
1778486400000,95.34,95.37,95.07,95.17,20559.732
1778486700000,95.18,95.23,94.88,94.97,23915.138
1778487000000,94.97,95.09,94.86,95.04,18769.292
1778487300000,95.05,95.12,94.95,95.08,8998.585
1778487600000,95.09,95.09,94.95,95.05,4545.629
1778487900000,95.05,95.09,94.62,94.62,27067.0
1778488200000,94.61,94.74,94.58,94.69,9821.621
1778488500000,94.69,94.9,94.68,94.77,14073.002
1778488800000,94.77,94.95,94.75,94.93,7801.77
1778489100000,94.93,95.0,94.9,95.0,8293.574
1778489400000,94.99,95.0,94.89,94.89,5818.377
1778489700000,94.89,94.93,94.71,94.79,10090.889
1778490000000,94.78,94.99,94.76,94.99,6581.63
1778490300000,94.99,95.25,94.98,95.24,13270.898
1778490600000,95.24,95.25,95.11,95.22,10462.853
1778490900000,95.21,95.25,95.13,95.15,6227.826
1778491200000,95.15,95.25,95.13,95.19,4414.97
1778491500000,95.19,95.29,95.16,95.25,4944.362
1778491800000,95.25,95.3,95.16,95.21,2644.314
1778492100000,95.22,95.23,95.1,95.16,2960.92
1778492400000,95.15,95.21,95.07,95.16,3589.438
1778492700000,95.16,95.35,95.11,95.29,6331.925
1778493000000,95.3,95.3,95.22,95.26,2925.956
1778493300000,95.27,95.34,95.21,95.3,3164.551
1778493600000,95.3,95.34,95.2,95.22,3936.12
1778493900000,95.23,95.4,95.17,95.4,4799.386
1778494200000,95.4,95.51,95.35,95.37,8990.573
1778494500000,95.37,95.57,95.32,95.5,6362.253
1778494800000,95.49,95.57,95.42,95.52,13400.947
1778495100000,95.52,95.56,95.46,95.5,8987.645
1778495400000,95.51,95.57,95.36,95.36,6533.937
1778495700000,95.36,95.38,95.11,95.17,11909.129
1778496000000,95.16,95.26,95.16,95.23,2975.984
1778496300000,95.22,95.29,95.1,95.23,2860.068
1778496600000,95.23,95.28,95.17,95.2,3489.449
1778496900000,95.2,95.21,95.05,95.07,5290.535
1778497200000,95.06,95.16,95.05,95.07,25246.112
1778497500000,95.08,95.11,95.04,95.09,4659.801
1778497800000,95.09,95.1,94.89,95.02,8811.513
1778498100000,95.03,95.3,95.02,95.22,5968.565
1778498400000,95.23,95.29,95.19,95.22,4815.872
1778498700000,95.22,95.25,95.16,95.2,3385.244
1778499000000,95.19,95.36,95.18,95.36,3537.515
1778499300000,95.36,95.49,95.36,95.45,7870.449
1778499600000,95.46,95.48,95.32,95.32,2445.507
1778499900000,95.33,95.37,95.19,95.2,7470.433
1778500200000,95.2,95.23,95.03,95.18,6095.654
1778500500000,95.19,95.26,95.15,95.25,2303.998
1778500800000,95.26,95.39,95.1,95.12,11838.788
1778501100000,95.11,95.14,94.86,94.89,15033.202
1778501400000,94.88,94.9,94.74,94.75,5011.401
1778501700000,94.74,94.94,94.67,94.85,9373.448
1778502000000,94.85,95.33,94.83,95.25,10454.847
1778502300000,95.25,95.31,95.15,95.2,4587.824
1778502600000,95.2,95.29,95.12,95.12,5868.92
1778502900000,95.11,95.18,95.0,95.06,8376.953
1778503200000,95.05,95.11,94.98,95.04,4383.078
1778503500000,95.04,95.22,94.9,95.0,16005.341
1778503800000,95.0,95.01,94.7,94.92,8853.778
1778504100000,94.92,94.92,94.78,94.81,6035.717
1778504400000,94.8,95.23,94.78,95.2,12978.781
1778504700000,95.2,95.39,95.13,95.3,7445.98
1778505000000,95.29,95.34,95.22,95.28,5827.301
1778505300000,95.27,95.34,95.12,95.14,5518.825
1778505600000,95.13,95.31,95.13,95.29,4644.898
1778505900000,95.28,95.28,95.07,95.14,5274.393
1778506200000,95.15,95.19,94.79,94.81,18244.778
1778506500000,94.8,94.89,94.56,94.83,25991.857
1778506800000,94.84,95.48,94.81,95.36,28746.338
1778507100000,95.35,95.45,95.23,95.38,23563.864
1778507400000,95.38,95.43,95.02,95.02,15603.893
1778507700000,95.01,95.25,94.91,95.23,8257.654
1778508000000,95.22,95.76,95.22,95.64,21817.341
1778508300000,95.64,95.87,95.61,95.8,10957.354
1778508600000,95.79,95.83,95.53,95.71,11111.562
1778508900000,95.71,95.77,95.53,95.56,5920.769
1778509200000,95.55,95.55,95.07,95.13,19634.873
1778509500000,95.12,95.17,94.76,94.76,15815.079
1778509800000,94.76,95.02,94.3,94.59,43167.082
1778510100000,94.58,95.0,94.5,94.96,17677.936
1778510400000,94.97,95.0,94.65,94.66,6308.636
1778510700000,94.66,94.67,94.4,94.48,14004.09
1778511000000,94.48,95.02,94.42,94.86,27776.708
1778511300000,94.86,95.21,94.84,95.17,43099.984
1778511600000,95.18,95.21,94.9,95.05,10752.906
1778511900000,95.05,95.11,94.98,95.06,25241.106
1778512200000,95.07,95.47,95.03,95.33,14727.636
1778512500000,95.33,95.65,95.33,95.45,17251.356
1778512800000,95.44,95.71,95.38,95.65,18931.771
1778513100000,95.65,96.48,95.63,96.22,53449.122
1778513400000,96.22,96.46,96.01,96.02,21549.452
1778513700000,96.01,96.21,96.0,96.12,9294.421
1778514000000,96.12,96.15,95.92,95.92,12076.203
1778514300000,95.91,96.07,95.86,95.99,10400.936
1778514600000,95.99,96.46,95.99,96.43,18302.731
1778514900000,96.42,96.8,96.42,96.8,32460.498
1778515200000,96.79,96.81,96.5,96.6,31712.446
1778515500000,96.59,97.63,96.57,97.5,53785.308
1778515800000,97.5,97.96,97.46,97.94,70966.737
1778516100000,97.95,98.0,97.35,97.57,44894.092
1778516400000,97.57,97.71,97.4,97.64,19190.803
1778516700000,97.63,97.69,97.22,97.44,15399.978
1778517000000,97.44,97.85,97.42,97.7,19418.805
1778517300000,97.7,97.77,97.5,97.7,12228.463
1778517600000,97.69,97.75,97.01,97.31,18528.825
1778517900000,97.3,97.8,97.28,97.67,13511.849
1778518200000,97.67,97.76,97.43,97.46,13223.383
1778518500000,97.46,97.48,97.33,97.35,10023.064
1778518800000,97.34,97.48,96.9,97.23,19151.341
1778519100000,97.23,97.32,96.97,97.13,10653.314
1778519400000,97.12,97.33,97.08,97.18,8656.017
1778519700000,97.17,97.5,97.14,97.45,7408.692
1778520000000,97.46,97.5,97.21,97.32,19490.954
1778520300000,97.32,97.33,97.12,97.23,4034.736
1778520600000,97.23,97.28,96.99,97.09,4699.446
1778520900000,97.1,97.71,97.09,97.59,10000.695
1778521200000,97.59,97.91,97.48,97.82,12824.821
1778521500000,97.82,97.97,97.63,97.76,18396.581
1778521800000,97.76,97.94,97.76,97.76,6932.439
1778522100000,97.75,97.89,97.7,97.77,3297.532
1778522400000,97.77,97.95,97.71,97.95,6133.606
1778522700000,97.95,98.1,97.81,97.85,20690.077
1778523000000,97.85,97.9,97.51,97.54,15473.32
1778523300000,97.55,97.61,97.29,97.42,8269.306
1778523600000,97.43,97.61,97.42,97.46,6381.341
1778523900000,97.45,97.71,97.34,97.58,6785.634
1778524200000,97.57,97.68,97.47,97.55,7322.781
1778524500000,97.54,97.58,97.41,97.53,9215.599
1778524800000,97.53,97.6,97.4,97.47,11313.746
1778525100000,97.48,97.78,97.34,97.6,25530.674
1778525400000,97.61,97.64,97.29,97.38,7249.362
1778525700000,97.38,97.5,97.26,97.29,4860.499
1778526000000,97.29,97.35,97.01,97.21,10685.258
1778526300000,97.22,97.48,97.18,97.45,6967.819
1778526600000,97.45,97.54,97.38,97.47,4936.98
1778526900000,97.47,97.52,97.37,97.51,4103.956
1778527200000,97.51,97.88,97.51,97.74,14364.977
1778527500000,97.74,97.85,97.68,97.71,8628.046
1778527800000,97.71,97.94,97.71,97.83,11306.75
1778528100000,97.82,97.98,97.8,97.96,4755.839
1778528400000,97.97,98.39,97.96,98.15,18643.924
1778528700000,98.16,98.22,98.04,98.21,5998.34
1778529000000,98.21,98.26,98.07,98.08,8522.804
1778529300000,98.08,98.3,98.0,98.19,17553.852
1778529600000,98.19,98.35,98.14,98.31,10224.76
1778529900000,98.3,98.41,98.22,98.31,4476.536
1778530200000,98.31,98.32,97.81,97.89,14998.884
1778530500000,97.9,98.09,97.83,98.05,5900.001
1778530800000,98.06,98.08,97.88,98.03,15603.502
1778531100000,98.02,98.02,97.78,97.81,8301.978
1778531400000,97.81,98.01,97.74,98.0,3935.213
1778531700000,98.0,98.02,97.82,97.87,2452.62
1778532000000,97.86,97.88,97.66,97.81,4714.722
1778532300000,97.82,97.92,97.78,97.86,3510.751
1778532600000,97.85,97.85,97.72,97.74,2505.847
1778532900000,97.73,97.73,97.61,97.63,12613.664
1778533200000,97.64,97.79,97.62,97.67,2575.827
1778533500000,97.66,97.67,97.42,97.44,3868.591
1778533800000,97.44,97.66,97.43,97.63,6393.297
1778534100000,97.62,97.69,97.46,97.48,5347.798
1778534400000,97.48,97.59,97.47,97.55,4294.13
1778534700000,97.55,97.67,97.55,97.56,1919.483
1778535000000,97.56,97.59,97.48,97.56,5271.239
1778535300000,97.56,97.81,97.54,97.61,6384.559
1778535600000,97.62,97.7,97.53,97.61,3850.944
1778535900000,97.61,97.61,97.47,97.55,4165.064
1778536200000,97.56,97.57,97.41,97.52,3767.532
1778536500000,97.52,97.58,97.33,97.41,2937.849
1778536800000,97.41,97.8,97.39,97.75,5429.362
1778537100000,97.76,97.76,97.41,97.48,2945.708
1778537400000,97.48,97.53,97.39,97.5,2696.309
1778537700000,97.49,97.65,97.46,97.65,5371.361
1778538000000,97.65,97.72,97.44,97.54,1650.443
1778538300000,97.53,97.55,97.36,97.47,3640.25
1778538600000,97.47,97.59,97.45,97.45,2456.582
1778538900000,97.44,97.59,97.43,97.56,2374.505
1778539200000,97.57,97.6,97.52,97.6,2686.249
1778539500000,97.6,97.71,97.56,97.64,2441.603
1778539800000,97.64,97.84,97.63,97.65,4206.858
1778540100000,97.65,97.68,97.59,97.65,3037.804
1778540400000,97.65,97.65,97.36,97.48,6413.209
1778540700000,97.49,97.53,97.35,97.35,8337.84
1778541000000,97.35,97.56,97.3,97.49,13151.458
1778541300000,97.49,97.5,97.34,97.35,13293.121
1778541600000,97.35,97.35,97.15,97.28,8004.043
1778541900000,97.28,97.28,97.1,97.16,8074.279
1778542200000,97.17,97.32,97.14,97.28,3620.198
1778542500000,97.28,97.47,97.26,97.45,4543.647
1778542800000,97.44,97.51,97.4,97.43,3906.576
1778543100000,97.43,97.45,97.29,97.3,2761.183
1778543400000,97.31,97.39,97.28,97.33,2361.655
1778543700000,97.33,97.44,97.3,97.37,6755.834
1778544000000,97.37,97.42,97.19,97.28,7073.61
1778544300000,97.29,97.32,97.18,97.29,7025.104
1778544600000,97.29,97.44,97.24,97.27,17361.874
1778544900000,97.26,97.48,97.25,97.37,6009.441
1778545200000,97.38,97.45,97.26,97.28,5995.912
1778545500000,97.27,97.47,97.23,97.45,5235.399
1778545800000,97.45,97.59,97.41,97.5,5942.268
1778546100000,97.5,97.6,97.46,97.52,5797.365
1778546400000,97.51,97.55,97.37,97.4,9692.399
1778546700000,97.41,97.55,97.41,97.53,7264.326
1778547000000,97.52,97.65,97.52,97.56,6097.416
1778547300000,97.56,97.68,97.48,97.54,5088.579
1778547600000,97.54,97.67,97.29,97.34,8734.61
1778547900000,97.35,97.42,97.13,97.21,8702.183
1778548200000,97.2,97.23,97.03,97.06,8755.799
1778548500000,97.06,97.07,96.71,96.94,21781.355
1778548800000,96.94,96.95,96.6,96.92,28477.482
1778549100000,96.93,96.99,96.76,96.83,6501.867
1778549400000,96.82,96.82,96.37,96.44,34858.406
1778549700000,96.43,96.51,95.98,96.0,55582.74
1778550000000,96.0,96.14,95.54,96.14,34553.495
1778550300000,96.13,96.3,96.01,96.29,18121.273
1778550600000,96.29,96.47,96.29,96.33,11830.277
1778550900000,96.32,96.35,96.21,96.28,9796.617
1778551200000,96.29,96.58,96.21,96.56,8768.793
1778551500000,96.56,96.72,96.48,96.65,11368.308
1778551800000,96.66,96.72,96.58,96.64,5334.925
1778552100000,96.64,96.65,96.16,96.2,10240.339
1778552400000,96.2,96.46,96.14,96.39,8788.833
1778552700000,96.38,96.59,96.36,96.58,13143.82
1778553000000,96.58,96.62,96.42,96.43,11211.36
1778553300000,96.42,96.46,96.28,96.36,20754.771
1778553600000,96.37,96.48,96.34,96.38,12779.132
1778553900000,96.37,96.5,96.37,96.44,10827.992
1778554200000,96.44,96.66,96.43,96.61,11485.03
1778554500000,96.61,96.61,96.48,96.55,4948.148
1778554800000,96.55,96.64,96.48,96.49,4775.962
1778555100000,96.48,96.55,96.42,96.5,4493.288
1778555400000,96.5,96.51,96.3,96.38,5436.472
1778555700000,96.37,96.38,96.23,96.26,8448.987
1778556000000,96.26,96.35,96.1,96.23,11614.158
1778556300000,96.23,96.27,96.16,96.23,3195.321
1778556600000,96.23,96.37,96.23,96.3,5111.725
1778556900000,96.3,96.37,96.24,96.31,4341.4
1778557200000,96.31,96.38,96.27,96.36,4181.665
1778557500000,96.35,96.35,96.06,96.16,6486.361
1778557800000,96.15,96.15,96.05,96.11,4285.834
1778558100000,96.11,96.15,96.05,96.14,2722.87
1778558400000,96.14,96.15,96.07,96.13,3176.569
1778558700000,96.14,96.2,96.11,96.15,3228.898
1778559000000,96.15,96.19,96.1,96.13,5410.709
1778559300000,96.14,96.37,96.1,96.3,7119.502
1778559600000,96.31,96.38,96.27,96.32,3421.584
1778559900000,96.32,96.35,96.25,96.28,2746.339
1778560200000,96.28,96.35,96.28,96.33,2163.585
1778560500000,96.33,96.44,96.31,96.43,2500.911
1778560800000,96.44,96.44,96.33,96.34,5849.363
1778561100000,96.33,96.5,96.33,96.5,2556.956
1778561400000,96.49,96.5,96.31,96.38,6840.166
1778561700000,96.38,96.41,96.35,96.36,1928.973
1778562000000,96.37,96.48,96.34,96.47,6176.947
1778562300000,96.46,96.5,96.34,96.35,2700.91
1778562600000,96.34,96.37,96.23,96.37,4464.894
1778562900000,96.36,96.58,96.36,96.56,5754.399
1778563200000,96.56,96.6,96.52,96.59,2697.535
1778563500000,96.59,96.72,96.58,96.63,4835.797
1778563800000,96.64,96.71,96.5,96.52,5439.196
1778564100000,96.52,96.77,96.52,96.75,3872.847
1778564400000,96.74,96.77,96.63,96.64,3166.642
1778564700000,96.64,96.76,96.6,96.76,3185.782
1778565000000,96.75,96.75,96.61,96.63,9639.967
1778565300000,96.64,96.74,96.57,96.58,4137.15
1778565600000,96.58,96.7,96.48,96.69,8522.478
1778565900000,96.7,96.71,96.57,96.64,3933.812
1778566200000,96.64,96.7,96.64,96.7,1489.649
1778566500000,96.7,96.88,96.69,96.83,6785.237
1778566800000,96.82,97.0,96.81,96.86,6748.767
1778567100000,96.87,96.93,96.74,96.75,3721.713
1778567400000,96.75,96.78,96.4,96.44,10948.017
1778567700000,96.44,96.53,96.37,96.4,6160.169
1778568000000,96.41,96.49,96.32,96.38,5453.741
1778568300000,96.38,96.43,96.32,96.32,2442.234
1778568600000,96.32,96.32,96.16,96.27,6455.448
1778568900000,96.26,96.26,96.18,96.21,2402.563
1778569200000,96.2,96.2,96.02,96.04,9943.407
1778569500000,96.05,96.09,95.82,96.07,23033.247
1778569800000,96.06,96.27,96.04,96.24,4738.87
1778570100000,96.24,96.24,96.03,96.21,7837.883
1778570400000,96.22,96.31,96.15,96.29,2984.162
1778570700000,96.29,96.29,96.05,96.06,6911.057
1778571000000,96.07,96.23,96.02,96.23,5456.616
1778571300000,96.22,96.23,96.08,96.13,4055.341
1778571600000,96.13,96.18,96.05,96.06,6816.375
1778571900000,96.06,96.11,95.85,96.09,7878.856
1778572200000,96.08,96.3,96.08,96.19,6217.513
1778572500000,96.18,96.19,96.0,96.05,4274.579
1778572800000,96.05,96.15,95.59,95.75,50265.978
1778573100000,95.75,95.88,95.64,95.79,12283.261
1778573400000,95.79,95.79,95.57,95.61,21102.802
1778573700000,95.61,95.63,95.4,95.57,19571.021
1778574000000,95.57,95.86,95.57,95.73,6379.503
1778574300000,95.72,95.72,95.59,95.64,5566.337
1778574600000,95.64,95.73,95.63,95.73,3769.629
1778574900000,95.73,95.84,95.72,95.77,3502.566
1778575200000,95.77,95.84,95.58,95.84,13955.968
1778575500000,95.84,95.9,95.71,95.75,5975.823
1778575800000,95.74,95.85,95.56,95.66,9950.78
1778576100000,95.65,95.7,95.58,95.65,4565.899
1778576400000,95.65,95.72,95.56,95.71,3875.996
1778576700000,95.72,95.72,95.45,95.62,6713.025
1778577000000,95.62,95.63,95.29,95.37,131796.925
1778577300000,95.37,95.5,95.31,95.5,12320.896
1778577600000,95.49,95.56,95.45,95.56,9321.79
1778577900000,95.55,95.58,95.47,95.51,5175.38
1778578200000,95.51,95.91,95.51,95.9,28678.835
1778578500000,95.9,95.97,95.87,95.97,6276.749
1778578800000,95.97,96.06,95.95,95.97,9340.256
1778579100000,95.96,96.04,95.83,95.86,4967.306
1778579400000,95.85,95.88,95.73,95.76,2923.228
1778579700000,95.75,95.8,95.71,95.78,4678.985
1778580000000,95.78,95.86,95.74,95.78,6608.468
1778580300000,95.77,95.9,95.76,95.88,5313.434
1778580600000,95.89,95.97,95.69,95.7,21412.642
1778580900000,95.69,95.69,95.5,95.56,6830.443
1778581200000,95.56,95.58,95.19,95.39,16108.715
1778581500000,95.4,95.43,95.3,95.42,7182.144
1778581800000,95.43,95.48,95.11,95.18,19021.858
1778582100000,95.19,95.3,95.1,95.16,6608.594
1778582400000,95.17,95.21,95.04,95.15,8836.344
1778582700000,95.14,95.17,94.94,94.98,16397.069
1778583000000,94.99,95.12,94.95,95.03,10948.539
1778583300000,95.02,95.03,94.94,95.0,7455.984
1778583600000,95.0,95.03,94.87,94.97,7268.199
1778583900000,94.97,94.97,94.67,94.92,16575.349
1778584200000,94.93,95.05,94.77,94.8,8977.969
1778584500000,94.8,94.8,94.6,94.69,13434.759
1778584800000,94.69,94.74,94.63,94.67,14718.092
1778585100000,94.66,94.78,94.66,94.75,4437.91
1778585400000,94.74,94.84,94.74,94.8,5853.796
1778585700000,94.8,94.84,94.73,94.79,4893.89
1778586000000,94.8,94.92,94.77,94.91,4121.432
1778586300000,94.91,94.92,94.79,94.85,6452.922
1778586600000,94.84,94.91,94.81,94.89,8703.262
1778586900000,94.9,95.0,94.87,94.98,6302.886
1778587200000,94.97,94.99,94.88,94.89,12055.526
1778587500000,94.89,95.0,94.76,95.0,8610.349
1778587800000,95.0,95.13,94.99,95.09,14174.245
1778588100000,95.09,95.21,95.04,95.18,11627.188
1778588400000,95.17,95.19,95.02,95.05,8913.708
1778588700000,95.04,95.07,94.81,94.89,16773.443
1778589000000,94.89,95.11,94.39,94.85,43251.381
1778589300000,94.85,95.42,94.85,95.41,20558.531
1778589600000,95.41,95.56,95.25,95.32,35249.638
1778589900000,95.32,95.42,95.26,95.41,12325.25
1778590200000,95.42,95.43,95.32,95.36,15769.609
1778590500000,95.37,95.37,95.19,95.22,7826.168
1778590800000,95.22,95.4,95.16,95.3,9597.309
1778591100000,95.29,95.37,95.28,95.32,9639.732
1778591400000,95.32,95.32,95.02,95.03,6270.356
1778591700000,95.03,95.13,94.84,94.87,11251.198
1778592000000,94.87,95.11,94.81,95.1,4910.428
1778592300000,95.09,95.09,94.96,95.0,5022.654
1778592600000,94.99,95.08,94.84,94.91,12553.844
1778592900000,94.9,95.11,94.67,95.11,14672.357
1778593200000,95.1,95.2,95.0,95.16,9446.198
1778593500000,95.16,95.38,94.84,94.96,22907.634
1778593800000,94.96,95.01,94.83,94.92,9405.73
1778594100000,94.92,94.92,94.55,94.7,29688.997
1778594400000,94.71,94.94,94.59,94.86,15386.223
1778594700000,94.87,95.07,94.81,94.91,15211.009
1778595000000,94.91,95.09,94.82,95.06,8103.295
1778595300000,95.06,95.21,94.93,95.15,10943.512
1778595600000,95.15,95.24,95.07,95.15,8942.126
1778595900000,95.16,95.24,94.61,94.8,20153.17
1778596200000,94.8,94.87,94.4,94.59,32586.162
1778596500000,94.59,95.13,94.47,95.06,15207.435
1778596800000,95.06,95.14,94.93,94.93,10888.422
1778597100000,94.94,94.94,94.62,94.71,11906.53
1778597400000,94.71,94.74,94.47,94.61,10962.425
1778597700000,94.6,94.6,94.38,94.54,14387.211
1778598000000,94.55,94.57,94.34,94.53,16014.605
1778598300000,94.54,94.77,94.47,94.75,10062.601
1778598600000,94.75,94.78,94.59,94.62,4100.608
1778598900000,94.61,94.61,94.43,94.51,9060.962
1778599200000,94.5,94.52,93.55,93.69,102234.334
1778599500000,93.69,93.92,93.6,93.83,24075.378
1778599800000,93.84,94.24,93.8,94.17,17131.343
1778600100000,94.17,94.19,94.03,94.05,16609.608
1778600400000,94.05,94.21,93.97,94.13,12097.331
1778600700000,94.14,94.23,93.78,93.91,23510.576
1778601000000,93.9,94.14,93.9,94.11,15761.506
1778601300000,94.12,94.17,93.84,93.85,10321.416
1778601600000,93.85,94.17,93.63,93.98,17536.162
1778601900000,93.97,94.09,93.95,94.06,18672.033
1778602200000,94.05,94.19,93.95,94.09,13039.315
1778602500000,94.09,94.27,93.98,94.24,14875.245
1778602800000,94.23,94.32,94.07,94.14,7991.751
1778603100000,94.14,94.23,94.06,94.16,13211.833
1778603400000,94.17,94.21,94.05,94.08,5675.004
1778603700000,94.09,94.21,94.05,94.06,5563.632
1778604000000,94.05,94.09,93.9,94.07,8765.897
1778604300000,94.06,94.1,93.68,93.79,34183.279
1778604600000,93.79,93.82,93.6,93.82,21088.693
1778604900000,93.82,93.97,93.79,93.83,11585.856
1778605200000,93.84,94.14,93.82,94.1,7380.34
1778605500000,94.1,94.13,94.02,94.03,4887.379
1778605800000,94.03,94.23,94.01,94.23,9144.954
1778606100000,94.23,94.55,94.23,94.43,14617.935
1778606400000,94.43,94.57,94.42,94.53,15942.497
1778606700000,94.53,94.54,94.4,94.45,7296.23
1778607000000,94.45,94.63,94.45,94.61,9579.693
1778607300000,94.61,94.64,94.48,94.55,8505.324
1778607600000,94.55,94.67,94.5,94.64,7040.046
1778607900000,94.65,94.68,94.5,94.51,5773.623
1778608200000,94.51,94.6,94.47,94.56,4621.502
1778608500000,94.57,94.58,94.48,94.52,5437.193
1778608800000,94.51,94.6,94.4,94.56,8084.68
1778609100000,94.55,94.58,94.44,94.51,3661.899
1778609400000,94.51,94.52,94.36,94.45,7021.542
1778609700000,94.45,94.58,94.44,94.51,3680.268
1778610000000,94.52,94.54,94.46,94.47,2452.341
1778610300000,94.47,94.53,94.35,94.43,5129.209
1778610600000,94.42,94.59,94.41,94.53,7952.723
1778610900000,94.53,94.64,94.48,94.56,3486.636
1778611200000,94.55,94.66,94.55,94.62,4824.829
1778611500000,94.62,94.66,94.5,94.54,3522.231
1778611800000,94.55,95.01,94.55,94.72,50880.906
1778612100000,94.72,94.73,94.55,94.56,6363.388
1778612400000,94.56,94.78,94.56,94.78,4979.038
1778612700000,94.77,94.99,94.74,94.93,10352.533
1778613000000,94.93,95.0,94.9,94.94,9575.39
1778613300000,94.94,94.95,94.78,94.78,2837.189
1778613600000,94.78,94.79,94.66,94.72,8201.899
1778613900000,94.72,94.74,94.58,94.59,2650.057
1778614200000,94.59,94.82,94.57,94.82,13780.446
1778614500000,94.83,94.86,94.68,94.77,3487.338
1778614800000,94.76,94.77,94.65,94.7,3256.169
1778615100000,94.7,94.81,94.68,94.79,2269.933
1778615400000,94.79,94.97,94.77,94.86,6411.277
1778615700000,94.86,94.93,94.86,94.92,5699.547
1778616000000,94.92,94.98,94.81,94.97,5411.145
1778616300000,94.97,94.97,94.88,94.89,5415.268
1778616600000,94.88,94.92,94.83,94.9,3168.608
1778616900000,94.91,94.97,94.85,94.94,3918.184
1778617200000,94.94,94.95,94.87,94.88,5974.303
1778617500000,94.88,94.95,94.87,94.95,3018.821
1778617800000,94.95,94.95,94.73,94.77,6043.986
1778618100000,94.77,94.83,94.68,94.69,5114.662
1778618400000,94.69,94.75,94.65,94.75,4957.947
1778618700000,94.74,94.82,94.67,94.67,3367.699
1778619000000,94.67,94.77,94.62,94.77,2642.166
1778619300000,94.77,94.77,94.7,94.74,2025.094
1778619600000,94.75,94.85,94.72,94.85,5925.537
1778619900000,94.85,94.86,94.78,94.8,1452.715
1778620200000,94.81,94.81,94.73,94.78,2180.8
1778620500000,94.78,94.8,94.72,94.73,1907.642
1778620800000,94.74,94.78,94.72,94.78,1266.688
1778621100000,94.77,94.77,94.7,94.75,1483.732
1778621400000,94.75,94.79,94.6,94.62,2088.651
1778621700000,94.62,94.72,94.61,94.66,4823.372
1778622000000,94.67,94.72,94.64,94.71,2160.711
1778622300000,94.7,94.71,94.54,94.54,1595.628
1778622600000,94.54,94.61,94.54,94.6,2300.722
1778622900000,94.6,94.74,94.59,94.67,2250.055
1778623200000,94.68,94.97,94.68,94.94,5643.765
1778623500000,94.94,95.05,94.84,94.84,4991.895
1778623800000,94.83,94.85,94.73,94.74,1640.137
1778624100000,94.74,94.84,94.71,94.84,2921.169
1778624400000,94.85,94.86,94.81,94.85,2362.481
1778624700000,94.85,94.85,94.74,94.75,1851.518
1778625000000,94.74,94.82,94.69,94.7,2666.118
1778625300000,94.7,94.72,94.64,94.72,1108.123
1778625600000,94.72,94.75,94.7,94.74,1540.459
1778625900000,94.74,94.75,94.68,94.7,1017.589
1778626200000,94.71,94.77,94.7,94.73,2649.582
1778626500000,94.74,94.78,94.67,94.67,891.139
1778626800000,94.67,94.75,94.66,94.7,1974.216
1778627100000,94.7,94.71,94.64,94.69,2902.859
1778627400000,94.7,94.75,94.47,94.57,7095.088
1778627700000,94.57,94.66,94.55,94.63,1893.769
1778628000000,94.64,94.68,94.61,94.67,1760.014
1778628300000,94.67,94.72,94.65,94.67,1363.824
1778628600000,94.67,94.68,94.52,94.52,2318.485
1778628900000,94.51,94.53,94.4,94.46,7118.945
1778629200000,94.45,94.49,94.4,94.41,4612.231
1778629500000,94.41,94.43,94.29,94.36,9428.291
1778629800000,94.36,94.4,94.28,94.34,5532.994
1778630100000,94.34,94.35,94.23,94.28,6446.103
1778630400000,94.28,94.32,94.05,94.2,11215.666
1778630700000,94.2,94.27,94.14,94.15,14213.971
1778631000000,94.14,94.24,94.13,94.16,12751.324
1778631300000,94.17,94.44,94.16,94.42,13712.983
1778631600000,94.42,94.49,94.34,94.45,4935.933
1778631900000,94.45,94.56,94.36,94.36,9971.786
1778632200000,94.37,94.45,94.35,94.41,4181.63
1778632500000,94.41,94.59,94.41,94.59,6124.72
1778632800000,94.58,94.64,94.55,94.57,4659.441
1778633100000,94.56,94.57,94.42,94.44,6029.153
1778633400000,94.44,94.47,94.33,94.47,3411.565
1778633700000,94.47,94.57,94.46,94.48,4690.303
1778634000000,94.48,94.61,94.48,94.6,3683.392
1778634300000,94.61,94.91,94.59,94.87,22042.989
1778634600000,94.87,95.15,94.86,95.03,15303.763
1778634900000,95.03,95.13,94.93,95.13,10392.388
1778635200000,95.13,95.38,95.13,95.32,20596.429
1778635500000,95.32,95.32,95.21,95.28,11213.209
1778635800000,95.28,95.44,95.28,95.34,12855.111
1778636100000,95.34,95.38,95.19,95.28,7356.43
1778636400000,95.29,95.35,95.18,95.26,6666.854
1778636700000,95.27,95.35,95.14,95.29,5631.519
1778637000000,95.3,95.36,95.16,95.16,5951.999
1778637300000,95.16,95.23,95.1,95.2,4927.265
1778637600000,95.2,95.25,95.02,95.04,3630.074
1778637900000,95.05,95.26,95.04,95.26,5561.665
1778638200000,95.26,95.33,95.17,95.21,6644.634
1778638500000,95.21,95.24,95.08,95.12,4475.779
1778638800000,95.12,95.57,95.11,95.48,10614.75
1778639100000,95.48,95.48,95.27,95.35,8019.315
1778639400000,95.35,95.37,95.25,95.31,4150.595
1778639700000,95.31,95.37,95.25,95.25,2590.443
1778640000000,95.25,95.28,95.19,95.28,2336.738
1778640300000,95.28,95.34,95.21,95.24,3574.636
1778640600000,95.25,95.27,95.17,95.17,5632.615
1778640900000,95.17,95.25,95.16,95.25,3144.072
1778641200000,95.24,95.24,95.18,95.21,2489.829
1778641500000,95.21,95.26,95.08,95.14,5143.18
1778641800000,95.15,95.28,95.08,95.09,7700.748
1778642100000,95.09,95.21,95.08,95.14,7431.145
1778642400000,95.14,95.2,95.14,95.17,3828.421
1778642700000,95.18,95.3,95.18,95.27,2403.06
1778643000000,95.27,95.35,95.24,95.31,4788.701
1778643300000,95.3,95.49,95.3,95.42,7591.474
1778643600000,95.41,95.5,95.4,95.48,7460.44
1778643900000,95.49,95.55,95.44,95.52,4695.857
1778644200000,95.52,95.59,95.47,95.55,7933.285
1778644500000,95.55,95.58,95.52,95.56,3134.007
1778644800000,95.56,95.72,95.49,95.66,10804.01
1778645100000,95.67,95.67,95.52,95.52,7775.23
1778645400000,95.52,95.6,95.52,95.59,3590.395
1778645700000,95.59,95.63,95.49,95.62,6775.797
1778646000000,95.63,95.84,95.63,95.75,8292.041
1778646300000,95.76,95.8,95.7,95.73,16972.897
1778646600000,95.73,95.99,95.58,95.59,29888.969
1778646900000,95.59,95.71,95.58,95.64,5360.998
1778647200000,95.63,95.69,95.53,95.58,5894.878
1778647500000,95.58,95.58,95.43,95.56,4480.717
1778647800000,95.57,95.62,95.5,95.58,2683.59
1778648100000,95.58,95.65,95.48,95.5,6674.99
1778648400000,95.49,95.51,95.37,95.45,4759.677
1778648700000,95.45,95.47,95.29,95.3,9257.27
1778649000000,95.31,95.45,95.3,95.4,4175.525
1778649300000,95.39,95.4,95.15,95.16,11219.941
1778649600000,95.15,95.51,95.1,95.48,18873.716
1778649900000,95.48,95.48,95.43,95.45,2021.625
1778650200000,95.44,95.45,95.34,95.34,5424.661
1778650500000,95.34,95.35,95.18,95.22,3775.324
1778650800000,95.22,95.26,95.19,95.23,3343.812
1778651100000,95.24,95.28,95.13,95.28,4655.432
1778651400000,95.28,95.37,95.28,95.28,3862.115
1778651700000,95.28,95.33,95.2,95.26,4815.37
1778652000000,95.26,95.32,95.16,95.32,4242.49
1778652300000,95.32,95.49,95.32,95.46,3365.915
1778652600000,95.46,95.58,95.45,95.58,4409.993
1778652900000,95.58,95.7,95.37,95.46,28037.825
1778653200000,95.45,95.45,95.2,95.29,5521.611
1778653500000,95.29,95.34,95.17,95.29,6961.514
1778653800000,95.29,95.32,95.21,95.22,3059.481
1778654100000,95.22,95.26,95.21,95.23,1929.501
1778654400000,95.23,95.26,95.17,95.25,4819.6
1778654700000,95.25,95.29,95.19,95.21,2098.296
1778655000000,95.22,95.23,95.12,95.2,3806.201
1778655300000,95.21,95.21,95.13,95.14,3335.446
1778655600000,95.14,95.22,95.12,95.18,3381.297
1778655900000,95.17,95.2,95.13,95.2,1392.725
1778656200000,95.19,95.23,95.17,95.22,1236.115
1778656500000,95.22,95.31,95.1,95.1,4361.425
1778656800000,95.11,95.14,94.9,94.97,11492.365
1778657100000,94.97,95.09,94.96,94.97,3873.322
1778657400000,94.98,95.07,94.88,95.06,4110.509
1778657700000,95.06,95.18,95.01,95.09,5674.94
1778658000000,95.09,95.21,95.09,95.2,3596.549
1778658300000,95.19,95.23,95.13,95.14,2009.773
1778658600000,95.14,95.14,95.04,95.05,3676.288
1778658900000,95.05,95.17,95.01,95.14,5593.555
1778659200000,95.14,95.26,95.1,95.24,9924.783
1778659500000,95.24,95.27,95.17,95.17,3470.254
1778659800000,95.17,95.23,95.13,95.17,3245.207
1778660100000,95.16,95.26,95.14,95.16,2800.275
1778660400000,95.16,95.23,95.15,95.19,3081.619
1778660700000,95.2,95.3,95.16,95.17,4469.708
1778661000000,95.17,95.18,95.02,95.16,4450.389
1778661300000,95.17,95.36,95.14,95.36,3916.173
1778661600000,95.37,95.77,95.37,95.73,12248.463
1778661900000,95.74,95.77,95.52,95.52,7657.749
1778662200000,95.52,95.65,95.51,95.55,3177.872
1778662500000,95.55,95.61,95.54,95.57,3760.326
1778662800000,95.57,95.79,95.57,95.79,13381.505
1778663100000,95.79,95.88,95.71,95.73,13514.937
1778663400000,95.74,95.77,95.66,95.72,13183.327
1778663700000,95.72,95.83,95.71,95.77,22987.2
1778664000000,95.77,95.8,95.64,95.67,6886.086
1778664300000,95.66,95.75,95.66,95.74,5324.86
1778664600000,95.74,95.89,95.71,95.75,11738.239
1778664900000,95.75,95.86,95.75,95.83,16599.16
1778665200000,95.83,95.83,95.71,95.74,5128.467
1778665500000,95.73,95.84,95.71,95.77,5360.615
1778665800000,95.76,95.77,95.67,95.74,6569.965
1778666100000,95.74,95.77,95.68,95.73,6273.628
1778666400000,95.73,95.78,95.57,95.64,8187.917
1778666700000,95.65,95.66,95.48,95.55,6081.528
1778667000000,95.55,95.55,95.34,95.37,6813.855
1778667300000,95.36,95.42,95.33,95.38,8618.115
1778667600000,95.39,95.46,95.38,95.45,4483.381
1778667900000,95.46,95.46,95.13,95.14,6864.655
1778668200000,95.14,95.2,95.08,95.09,17474.697
1778668500000,95.08,95.12,94.96,94.96,8325.532
1778668800000,94.96,94.99,94.76,94.84,9087.141
1778669100000,94.84,94.96,94.78,94.78,6083.83
1778669400000,94.78,94.84,94.74,94.81,10500.263
1778669700000,94.81,94.85,94.79,94.79,4637.076
1778670000000,94.8,94.83,94.55,94.56,12889.481
1778670300000,94.56,94.56,94.31,94.48,39288.145
1778670600000,94.48,94.48,94.3,94.39,22556.522
1778670900000,94.39,94.55,94.25,94.42,26503.898
1778671200000,94.42,94.58,94.37,94.51,8986.762
1778671500000,94.51,94.52,94.38,94.38,5987.717
1778671800000,94.39,94.57,94.37,94.56,6946.244
1778672100000,94.56,94.58,94.53,94.57,4992.972
1778672400000,94.58,94.62,94.53,94.62,7372.436
1778672700000,94.62,94.66,94.45,94.45,4126.819
1778673000000,94.45,94.46,94.25,94.34,13141.172
1778673300000,94.33,94.39,94.31,94.33,3846.498
1778673600000,94.33,94.62,94.3,94.6,15118.57
1778673900000,94.59,94.6,94.49,94.58,6230.66
1778674200000,94.59,94.62,94.42,94.54,9115.652
1778674500000,94.54,94.64,94.53,94.61,6651.657
1778674800000,94.61,94.61,94.0,94.13,26633.114
1778675100000,94.12,94.25,94.08,94.18,10055.118
1778675400000,94.18,94.19,93.29,93.6,93076.438
1778675700000,93.61,93.7,92.24,92.61,168866.356
1778676000000,92.61,93.08,92.44,93.03,47353.95
1778676300000,93.02,93.24,92.98,93.17,20406.631
1778676600000,93.17,93.25,93.01,93.06,15968.068
1778676900000,93.05,93.19,93.01,93.16,12618.798
1778677200000,93.17,93.44,93.17,93.42,17269.33
1778677500000,93.42,93.44,93.3,93.4,8989.362
1778677800000,93.39,93.44,93.35,93.37,7037.999
1778678100000,93.36,93.44,93.3,93.32,5845.556
1778678400000,93.32,93.39,93.24,93.34,9019.051
1778678700000,93.34,93.37,93.2,93.26,6574.028
1778679000000,93.26,93.36,93.08,93.17,15388.221
1778679300000,93.17,93.2,92.82,92.9,20589.293
1778679600000,92.9,93.03,92.73,92.88,35761.204
1778679900000,92.87,92.87,91.95,92.28,101334.851
1778680200000,92.27,92.4,92.1,92.4,16528.266
1778680500000,92.41,92.44,92.11,92.28,15549.096
1778680800000,92.29,92.29,91.38,91.89,103624.204
1778681100000,91.9,92.03,91.74,91.94,22059.169
1778681400000,91.94,92.11,91.93,92.04,24843.335
1778681700000,92.03,92.14,91.9,91.97,13725.388
1778682000000,91.98,92.18,91.96,92.05,11954.245
1778682300000,92.05,92.33,92.02,92.23,14696.237
1778682600000,92.22,92.29,92.01,92.12,12803.231
1778682900000,92.11,92.11,91.95,92.01,12321.08
1778683200000,92.02,92.03,91.82,91.83,9972.45
1778683500000,91.82,91.89,91.69,91.71,11835.158
1778683800000,91.71,91.9,91.68,91.79,14276.908
1778684100000,91.8,91.83,91.71,91.78,7991.418
1778684400000,91.77,91.94,91.75,91.78,11776.941
1778684700000,91.79,91.79,90.98,91.36,65158.759
1778685000000,91.36,91.39,90.99,91.03,23770.078
1778685300000,91.03,91.29,91.0,91.0,14935.716
1778685600000,91.0,91.11,90.89,90.99,20587.37
1778685900000,90.99,90.99,90.74,90.87,29634.458
1778686200000,90.86,91.04,90.77,91.02,21006.68
1778686500000,91.01,91.02,90.75,90.75,15460.045
1778686800000,90.76,91.0,90.76,90.84,12441.2
1778687100000,90.84,90.9,90.68,90.78,20613.282
1778687400000,90.77,90.78,90.62,90.72,13043.952
1778687700000,90.73,90.76,90.27,90.43,35172.199
1778688000000,90.43,91.02,90.41,90.94,26727.357
1778688300000,90.93,90.96,90.57,90.59,20523.134
1778688600000,90.59,90.79,90.59,90.73,19136.467
1778688900000,90.73,90.75,90.53,90.6,17940.349
1778689200000,90.59,90.96,90.56,90.84,15243.916
1778689500000,90.84,91.01,90.75,90.94,19308.825
1778689800000,90.94,91.16,90.83,91.13,16264.864
1778690100000,91.13,91.14,90.86,90.99,17453.684
1778690400000,90.99,91.1,90.95,90.98,10039.69
1778690700000,90.98,91.26,90.92,91.23,10810.294
1778691000000,91.22,91.22,90.9,90.98,20013.617
1778691300000,90.97,91.07,90.85,90.87,11640.745
1778691600000,90.87,91.12,90.87,91.11,37657.506
1778691900000,91.11,91.16,90.84,90.89,30019.371
1778692200000,90.89,91.05,90.89,91.02,11680.422
1778692500000,91.03,91.09,90.74,90.94,22839.296
1778692800000,90.93,91.07,90.9,90.9,11128.807
1778693100000,90.9,91.08,90.9,90.98,12056.791
1778693400000,90.98,91.03,90.71,90.75,14039.623
1778693700000,90.75,90.93,90.75,90.86,11505.851
1778694000000,90.85,90.96,90.82,90.94,5992.936
1778694300000,90.94,90.96,90.81,90.93,10800.644
1778694600000,90.94,91.01,90.89,90.89,6872.42
1778694900000,90.89,90.96,90.75,90.89,16068.296
1778695200000,90.9,91.05,90.86,90.9,12625.984
1778695500000,90.91,91.07,90.91,91.01,8416.901
1778695800000,91.02,91.13,91.02,91.07,12618.136
1778696100000,91.07,91.26,91.02,91.25,10614.396
1778696400000,91.25,91.36,91.21,91.31,15649.145
1778696700000,91.32,91.38,91.27,91.32,8348.28
1778697000000,91.32,91.38,91.29,91.37,5892.823
1778697300000,91.36,91.41,91.24,91.28,7545.141
1778697600000,91.27,91.35,91.0,91.01,7582.081
1778697900000,91.01,91.05,90.77,90.89,10218.906
1778698200000,90.89,90.99,90.86,90.98,5699.901
1778698500000,90.99,91.09,90.93,90.93,4429.099
1778698800000,90.93,90.96,90.65,90.72,12873.416
1778699100000,90.72,90.78,90.61,90.67,7826.876
1778699400000,90.67,90.76,90.65,90.65,6792.08
1778699700000,90.65,90.69,90.51,90.61,9637.557
1778700000000,90.6,90.65,90.49,90.56,10784.502
1778700300000,90.55,90.72,90.53,90.67,4021.183
1778700600000,90.67,90.83,90.67,90.79,4291.049
1778700900000,90.79,90.96,90.72,90.9,6893.99
1778701200000,90.9,90.97,90.87,90.9,3987.861
1778701500000,90.91,91.02,90.89,90.92,3977.675
1778701800000,90.91,90.97,90.83,90.92,5847.345
1778702100000,90.92,90.98,90.9,90.96,4727.935
1778702400000,90.95,91.06,90.93,91.02,7529.744
1778702700000,91.02,91.06,90.96,91.01,4012.206
1778703000000,91.01,91.2,91.01,91.1,10408.059
1778703300000,91.1,91.32,91.09,91.28,5671.532
1778703600000,91.27,91.28,91.15,91.21,5163.967
1778703900000,91.21,91.22,91.12,91.14,2872.681
1778704200000,91.15,91.35,91.14,91.3,5047.561
1778704500000,91.3,91.34,91.25,91.27,2394.826
1778704800000,91.28,91.34,91.12,91.15,9037.929
1778705100000,91.15,91.26,91.13,91.13,11131.775
1778705400000,91.13,91.19,91.08,91.17,3810.438
1778705700000,91.16,91.24,91.13,91.24,5936.762
1778706000000,91.25,91.27,91.06,91.18,9019.544
1778706300000,91.17,91.2,90.86,90.88,13947.035
1778706600000,90.88,90.95,90.73,90.95,7865.432
1778706900000,90.95,90.95,90.88,90.93,3811.273
1778707200000,90.93,90.98,90.84,90.88,3501.417
1778707500000,90.87,90.98,90.83,90.9,4808.646
1778707800000,90.91,90.98,90.84,90.9,3676.02
1778708100000,90.9,90.96,90.87,90.96,4156.796
1778708400000,90.96,90.97,90.85,90.91,4497.451
1778708700000,90.91,90.94,90.78,90.91,6427.504
1778709000000,90.91,91.02,90.91,90.99,6403.134
1778709300000,90.99,91.01,90.86,90.89,4694.517
1778709600000,90.9,90.95,90.81,90.84,7990.755
1778709900000,90.84,90.86,90.64,90.86,14604.13
1778710200000,90.86,90.98,90.86,90.96,6138.275
1778710500000,90.96,90.97,90.85,90.86,4096.71
1778710800000,90.85,90.99,90.83,90.99,2968.108
1778711100000,90.98,91.14,90.96,91.13,4828.492
1778711400000,91.12,91.18,91.03,91.08,4020.952
1778711700000,91.09,91.13,91.0,91.06,2777.191
1778712000000,91.06,91.18,91.06,91.11,3692.032
1778712300000,91.1,91.21,91.09,91.13,4234.573
1778712600000,91.13,91.25,91.13,91.21,5733.625
1778712900000,91.21,91.21,91.15,91.18,3431.733
1778713200000,91.17,91.28,91.08,91.1,8117.489
1778713500000,91.11,91.28,91.11,91.27,3616.422
1778713800000,91.27,91.32,91.18,91.26,5461.356
1778714100000,91.26,91.27,91.2,91.2,3059.775
1778714400000,91.21,91.24,91.17,91.22,4796.172
1778714700000,91.21,91.33,91.11,91.22,7000.483
1778715000000,91.23,91.28,91.06,91.1,4867.851
1778715300000,91.11,91.2,91.08,91.13,4500.933
1778715600000,91.12,91.17,91.11,91.15,1446.653
1778715900000,91.15,91.19,91.11,91.11,3225.871
1778716200000,91.12,91.15,91.06,91.15,7172.143
1778716500000,91.14,91.17,91.08,91.17,8403.425
1778716800000,91.17,91.33,91.16,91.3,6526.678
1778717100000,91.29,91.42,91.16,91.38,26861.558
1778717400000,91.38,91.38,91.28,91.37,8590.109
1778717700000,91.37,91.42,91.33,91.34,7120.573
1778718000000,91.34,91.34,91.11,91.18,10281.991
1778718300000,91.17,91.2,91.07,91.16,4018.852
1778718600000,91.17,91.32,91.17,91.31,8279.955
1778718900000,91.3,91.3,91.21,91.24,3929.601
1778719200000,91.24,91.24,91.14,91.21,4638.094
1778719500000,91.22,91.29,91.2,91.24,4101.758
1778719800000,91.25,91.26,91.18,91.23,3597.142
1778720100000,91.24,91.3,91.21,91.21,2427.556
1778720400000,91.21,91.37,91.17,91.3,5517.24
1778720700000,91.31,91.33,91.18,91.2,3774.435
1778721000000,91.2,91.26,91.11,91.17,4114.179
1778721300000,91.17,91.22,91.0,91.2,6288.944
1778721600000,91.19,91.27,91.13,91.16,6437.786
1778721900000,91.17,91.25,91.09,91.09,4088.773
1778722200000,91.1,91.17,91.0,91.15,6138.594
1778722500000,91.15,91.17,91.02,91.15,7082.886
1778722800000,91.15,91.19,91.0,91.11,5525.662
1778723100000,91.11,91.23,91.02,91.17,4398.05
1778723400000,91.17,91.26,91.17,91.23,3067.167
1778723700000,91.24,91.26,91.15,91.16,2146.13
1778724000000,91.16,91.23,91.11,91.11,3013.681
1778724300000,91.11,91.2,91.09,91.2,3682.84
1778724600000,91.19,91.26,91.11,91.11,2914.155
1778724900000,91.12,91.15,91.03,91.08,3718.69
1778725200000,91.08,91.21,91.08,91.2,4200.155
1778725500000,91.19,91.23,91.17,91.18,2239.076
1778725800000,91.19,91.19,91.04,91.11,2588.134
1778726100000,91.1,91.11,91.02,91.05,1886.492
1778726400000,91.05,91.09,90.92,91.06,5658.614
1778726700000,91.07,91.08,90.68,90.69,13086.608
1778727000000,90.69,90.73,90.46,90.65,14395.286
1778727300000,90.66,90.7,90.51,90.58,5554.925
1778727600000,90.58,90.78,90.51,90.74,7214.258
1778727900000,90.74,90.75,90.02,90.3,42097.881
1778728200000,90.31,90.56,90.31,90.51,12495.621
1778728500000,90.51,90.52,90.29,90.37,11698.599
1778728800000,90.36,90.36,89.96,90.16,26309.994
1778729100000,90.17,90.59,90.17,90.55,13626.284
1778729400000,90.55,90.58,90.47,90.53,4215.66
1778729700000,90.53,90.58,90.22,90.24,10953.537
1778730000000,90.24,90.34,90.21,90.3,8548.371
1778730300000,90.3,90.33,89.97,89.97,13440.267
1778730600000,89.98,90.08,89.92,90.08,15186.573
1778730900000,90.07,90.08,89.82,89.93,44329.489
1778731200000,89.93,90.02,89.86,89.91,7862.75
1778731500000,89.92,90.23,89.91,90.23,6854.417
1778731800000,90.22,90.26,90.16,90.21,3932.003
1778732100000,90.22,90.38,90.15,90.34,9152.715
1778732400000,90.34,90.34,90.25,90.31,5233.711
1778732700000,90.3,90.38,90.29,90.32,4365.839
1778733000000,90.32,90.36,90.26,90.29,3963.308
1778733300000,90.3,90.43,90.27,90.43,4170.156
1778733600000,90.42,90.46,90.37,90.42,5565.729
1778733900000,90.42,90.62,90.32,90.54,5850.886
1778734200000,90.55,90.59,90.48,90.54,6926.635
1778734500000,90.53,90.54,90.45,90.48,4496.449
1778734800000,90.48,90.61,90.4,90.59,5031.11
1778735100000,90.59,90.62,90.51,90.57,4174.215
1778735400000,90.57,90.62,90.51,90.52,3969.004
1778735700000,90.52,90.63,90.48,90.62,8313.82
1778736000000,90.62,90.86,90.62,90.86,10407.634
1778736300000,90.85,90.89,90.78,90.87,3533.936
1778736600000,90.88,91.13,90.87,91.06,9452.776
1778736900000,91.07,91.17,91.05,91.12,4922.108
1778737200000,91.11,91.2,91.05,91.12,8053.406
1778737500000,91.12,91.28,91.12,91.21,7973.672
1778737800000,91.21,91.47,91.2,91.32,10634.539
1778738100000,91.33,91.35,91.24,91.29,8421.741
1778738400000,91.29,91.34,91.19,91.28,9931.056
1778738700000,91.29,91.47,91.26,91.26,6350.427
1778739000000,91.27,91.45,91.26,91.45,5446.831
1778739300000,91.45,91.46,91.3,91.38,7108.657
1778739600000,91.38,91.43,91.35,91.38,3605.306
1778739900000,91.39,91.41,91.33,91.34,2926.323
1778740200000,91.34,91.37,91.17,91.18,8837.734
1778740500000,91.18,91.24,91.16,91.23,3583.147
1778740800000,91.23,91.31,91.21,91.26,13302.498
1778741100000,91.27,91.34,91.24,91.29,4085.624
1778741400000,91.3,91.38,91.29,91.38,2647.883
1778741700000,91.38,91.42,91.37,91.41,4838.859
1778742000000,91.42,92.02,91.11,91.14,104063.707
1778742300000,91.15,91.2,91.04,91.1,9766.113
1778742600000,91.09,91.09,90.91,90.92,11049.164
1778742900000,90.93,90.93,90.75,90.81,10140.246
1778743200000,90.81,90.93,90.78,90.81,4515.95
1778743500000,90.81,90.92,90.77,90.85,6882.405
1778743800000,90.85,91.02,90.83,90.99,4589.12
1778744100000,90.98,91.15,90.69,91.13,35888.661
1778744400000,91.13,91.16,91.06,91.07,3632.375
1778744700000,91.07,91.08,90.97,91.04,2951.222
1778745000000,91.03,91.07,90.95,90.98,9961.547
1778745300000,90.99,91.11,90.86,90.88,8060.449
1778745600000,90.88,90.98,90.72,90.78,6858.066
1778745900000,90.77,90.91,90.67,90.89,15440.02
1778746200000,90.9,91.07,90.88,91.03,4613.675
1778746500000,91.04,91.12,91.04,91.07,14773.03
1778746800000,91.06,91.07,90.95,90.97,11097.496
1778747100000,90.97,91.02,90.94,90.98,4690.188
1778747400000,90.98,91.21,90.98,91.21,7248.806
1778747700000,91.2,91.3,91.18,91.28,8861.313
1778748000000,91.28,91.28,91.15,91.2,4200.961
1778748300000,91.2,91.23,91.04,91.04,10908.209
1778748600000,91.04,91.15,91.0,91.13,3463.522
1778748900000,91.14,91.14,91.06,91.06,4526.471
1778749200000,91.07,91.14,91.04,91.05,3622.731
1778749500000,91.04,91.12,91.03,91.09,2161.116
1778749800000,91.09,91.15,90.98,90.99,3778.441
1778750100000,90.98,90.99,90.91,90.99,1736.863
1778750400000,90.98,91.09,90.97,90.97,2931.508
1778750700000,90.97,90.97,90.83,90.88,4285.646
1778751000000,90.87,90.9,90.73,90.89,5730.718
1778751300000,90.89,90.9,90.59,90.68,6343.707
1778751600000,90.67,90.76,90.63,90.69,2806.036
1778751900000,90.7,90.71,90.61,90.68,8350.755
1778752200000,90.68,90.78,90.66,90.75,3958.325
1778752500000,90.76,90.91,90.76,90.86,1804.965
1778752800000,90.86,90.96,90.82,90.9,2423.31
1778753100000,90.89,90.93,90.73,90.78,3432.227
1778753400000,90.78,91.1,90.75,90.94,6162.976
1778753700000,90.93,91.12,90.93,91.11,3674.707
1778754000000,91.1,91.13,90.99,91.0,2869.74
1778754300000,91.0,91.04,90.97,91.01,3281.506
1778754600000,91.01,91.02,90.91,91.0,2693.774
1778754900000,91.01,91.06,90.95,90.95,2137.982
1778755200000,90.95,90.95,90.66,90.78,7256.689
1778755500000,90.79,90.97,90.79,90.96,9972.286
1778755800000,90.97,91.08,90.95,91.08,2886.492
1778756100000,91.08,91.14,91.05,91.05,2626.444
1778756400000,91.05,91.1,91.0,91.03,3338.105
1778756700000,91.02,91.09,90.92,91.09,2531.864
1778757000000,91.09,91.1,90.9,90.9,5712.151
1778757300000,90.9,91.0,90.88,90.96,2946.453
1778757600000,90.95,91.02,90.73,90.74,3330.814
1778757900000,90.75,90.83,90.7,90.76,5220.489
1778758200000,90.75,90.79,90.63,90.67,3880.52
1778758500000,90.68,90.79,90.62,90.74,6499.117
1778758800000,90.74,90.77,90.65,90.66,2422.482
1778759100000,90.67,90.78,90.62,90.69,3880.361
1778759400000,90.7,90.78,90.63,90.77,5502.984
1778759700000,90.77,90.77,90.64,90.64,2813.94
1778760000000,90.64,90.83,90.54,90.83,7391.685
1778760300000,90.83,90.87,90.77,90.85,3552.227
1778760600000,90.84,90.95,90.82,90.88,4685.567
1778760900000,90.87,90.94,90.75,90.78,4090.865
1778761200000,90.79,90.92,90.79,90.91,4583.59
1778761500000,90.91,91.04,90.89,90.92,4868.681
1778761800000,90.91,91.16,90.89,91.15,6878.943
1778762100000,91.15,91.25,91.06,91.12,7834.669
1778762400000,91.13,91.17,91.03,91.12,4928.576
1778762700000,91.13,91.23,91.1,91.23,9490.568
1778763000000,91.23,91.29,91.19,91.24,7729.474
1778763300000,91.25,91.29,91.2,91.22,7176.625
1778763600000,91.22,91.26,91.11,91.25,8392.091
1778763900000,91.25,91.29,91.2,91.28,6930.075
1778764200000,91.27,91.41,91.24,91.38,9352.791
1778764500000,91.37,91.5,91.16,91.19,11779.194
1778764800000,91.19,91.46,91.12,91.39,15175.296
1778765100000,91.39,91.41,91.22,91.25,8053.037
1778765400000,91.26,91.34,91.17,91.21,19529.475
1778765700000,91.2,91.21,90.84,91.04,17223.113
1778766000000,91.04,91.13,90.9,91.11,7201.139
1778766300000,91.12,91.28,91.08,91.23,15055.344
1778766600000,91.24,91.31,91.02,91.12,12970.856
1778766900000,91.12,91.15,90.74,90.78,10179.544
1778767200000,90.78,91.04,90.74,90.96,6692.226
1778767500000,90.96,90.99,90.63,90.93,12991.426
1778767800000,90.92,91.12,90.88,91.06,7213.661
1778768100000,91.06,91.46,91.05,91.45,17356.71
1778768400000,91.45,91.66,91.35,91.58,36937.986
1778768700000,91.58,91.65,91.32,91.5,16086.564
1778769000000,91.5,91.53,91.27,91.37,9739.36
1778769300000,91.37,91.58,91.31,91.52,8319.963
1778769600000,91.52,91.65,91.48,91.62,12612.036
1778769900000,91.63,92.11,91.63,92.08,38323.544
1778770200000,92.08,92.29,92.07,92.26,49463.071
1778770500000,92.25,92.35,92.15,92.28,26968.722
1778770800000,92.29,92.4,92.12,92.18,22928.606
1778771100000,92.18,92.24,91.96,92.01,24644.912
1778771400000,92.01,92.28,91.96,92.27,9286.106
1778771700000,92.27,92.53,92.15,92.52,22138.196
1778772000000,92.52,92.69,92.4,92.57,34616.172
1778772300000,92.57,92.57,92.46,92.5,15086.218
1778772600000,92.49,92.72,92.38,92.47,20613.468
1778772900000,92.46,92.51,92.21,92.29,14889.412
1778773200000,92.29,92.49,92.29,92.48,11101.33
1778773500000,92.49,92.65,92.45,92.65,9726.863
1778773800000,92.65,93.23,92.61,93.2,41461.391
1778774100000,93.2,93.25,93.05,93.16,18389.89
1778774400000,93.16,93.35,93.05,93.08,30247.962
1778774700000,93.08,93.48,93.05,93.45,17993.562
1778775000000,93.46,93.68,93.46,93.5,27996.035
1778775300000,93.5,93.54,93.15,93.2,14132.422
1778775600000,93.2,93.31,93.11,93.16,15848.47
1778775900000,93.17,93.31,93.13,93.3,15721.955
1778776200000,93.31,93.37,93.18,93.18,10671.974
1778776500000,93.18,93.31,93.02,93.14,16058.631
1778776800000,93.14,93.37,93.14,93.24,8275.377
1778777100000,93.24,93.34,92.88,92.88,19275.642
1778777400000,92.88,92.96,92.34,92.51,30953.949
1778777700000,92.51,93.4,92.48,93.33,29835.014
1778778000000,93.32,93.45,93.11,93.34,23671.195
1778778300000,93.34,93.59,93.32,93.36,28461.278
1778778600000,93.36,93.48,92.98,93.04,22373.251
1778778900000,93.04,93.04,92.53,92.55,28111.2
1778779200000,92.55,92.69,92.37,92.51,20992.66
1778779500000,92.51,92.51,92.3,92.42,15478.311
1778779800000,92.41,92.61,92.29,92.59,13018.649
1778780100000,92.6,92.79,92.6,92.66,13456.779
1778780400000,92.66,92.95,92.6,92.93,16656.184
1778780700000,92.93,93.31,92.93,93.16,17712.209
1778781000000,93.16,93.17,92.94,93.0,15522.296
1778781300000,92.99,93.15,92.99,93.02,13827.364
1778781600000,93.01,93.05,92.7,92.75,13413.099
1778781900000,92.76,93.06,92.75,93.05,9651.177
1778782200000,93.05,93.37,93.0,93.35,10465.509
1778782500000,93.35,93.38,93.17,93.35,8345.79
1778782800000,93.36,93.5,93.35,93.5,10538.138
1778783100000,93.49,93.64,93.47,93.57,22635.303
1778783400000,93.57,93.58,93.14,93.15,12236.999
1778783700000,93.15,93.34,93.15,93.29,5636.931
1778784000000,93.3,93.3,93.12,93.22,4081.121
1778784300000,93.22,93.42,93.21,93.39,9627.38
1778784600000,93.39,93.46,93.29,93.34,4857.61
1778784900000,93.35,93.59,93.34,93.43,6590.499
1778785200000,93.44,93.64,93.43,93.45,5491.699
1778785500000,93.44,93.62,93.44,93.52,5785.058
1778785800000,93.52,93.54,93.32,93.37,4365.748
1778786100000,93.38,93.48,93.3,93.47,8519.454
1778786400000,93.46,93.5,93.17,93.17,5021.741
1778786700000,93.17,93.19,92.93,92.96,7876.462
1778787000000,92.96,93.23,92.96,93.2,9732.041
1778787300000,93.19,93.2,92.98,93.03,13069.924
1778787600000,93.02,93.1,92.95,93.08,15361.376
1778787900000,93.07,93.07,92.93,92.93,4822.738
1778788200000,92.92,92.98,92.8,92.95,8146.366
1778788500000,92.94,92.95,92.8,92.9,10127.358
1778788800000,92.91,93.0,92.86,92.95,6828.066
1778789100000,92.94,92.95,92.78,92.8,7433.104
1778789400000,92.81,92.91,92.66,92.66,4473.951
1778789700000,92.67,92.84,92.63,92.65,7988.936
1778790000000,92.65,92.68,92.52,92.67,9794.969
1778790300000,92.66,92.67,92.43,92.54,9738.309
1778790600000,92.54,92.58,92.45,92.45,3221.873
1778790900000,92.46,92.47,92.37,92.39,4369.388
1778791200000,92.39,92.59,92.37,92.57,3476.892
1778791500000,92.57,92.64,92.54,92.6,4645.628
1778791800000,92.6,92.8,92.6,92.7,3707.959
1778792100000,92.71,92.75,92.68,92.73,2029.776
1778792400000,92.73,92.87,92.67,92.68,6029.615
1778792700000,92.69,92.84,92.68,92.84,1976.477
1778793000000,92.83,92.84,92.58,92.62,4322.822
1778793300000,92.62,92.7,92.54,92.61,3424.776
1778793600000,92.61,92.75,92.59,92.72,5206.601
1778793900000,92.72,92.83,92.68,92.77,3284.312
1778794200000,92.77,92.95,92.77,92.88,2616.809
1778794500000,92.87,92.94,92.77,92.87,4704.771
1778794800000,92.87,92.91,92.79,92.8,2015.999
1778795100000,92.8,92.8,92.7,92.77,2350.798
1778795400000,92.77,92.81,92.72,92.81,1320.096
1778795700000,92.8,92.8,92.64,92.7,3719.134
1778796000000,92.71,92.77,92.62,92.74,5187.982
1778796300000,92.73,92.86,92.72,92.83,5290.925
1778796600000,92.83,92.85,92.76,92.85,1945.047
1778796900000,92.85,92.85,92.65,92.65,2113.61
1778797200000,92.66,92.76,92.65,92.75,3432.243
1778797500000,92.75,92.78,92.73,92.77,1742.597
1778797800000,92.77,92.92,92.75,92.85,6197.689
1778798100000,92.85,92.87,92.82,92.86,3258.837
1778798400000,92.85,92.89,92.84,92.87,2434.834
1778798700000,92.87,92.91,92.84,92.86,4322.774
1778799000000,92.86,92.86,92.7,92.7,3739.963
1778799300000,92.7,92.71,92.57,92.66,7445.478
1778799600000,92.65,92.67,92.53,92.54,8747.819
1778799900000,92.54,92.57,92.34,92.38,10858.272
1778800200000,92.38,92.46,92.37,92.42,5547.63
1778800500000,92.43,92.45,92.33,92.36,3549.078
1778800800000,92.35,92.48,92.3,92.46,7306.142
1778801100000,92.46,92.6,92.44,92.57,3277.004
1778801400000,92.56,92.58,92.48,92.49,2348.534
1778801700000,92.49,92.55,92.45,92.45,2306.16
1778802000000,92.45,92.53,92.44,92.49,3690.189
1778802300000,92.49,92.49,92.16,92.2,10592.828
1778802600000,92.2,92.23,92.13,92.17,3069.983
1778802900000,92.18,92.18,92.11,92.15,5579.234
1778803200000,92.16,92.19,92.1,92.18,6746.245
1778803500000,92.18,92.28,92.16,92.26,4231.97
1778803800000,92.25,92.38,92.24,92.38,7214.366
1778804100000,92.38,92.52,92.34,92.45,15505.349
1778804400000,92.44,92.52,92.34,92.5,4190.008
1778804700000,92.5,92.51,92.45,92.48,1803.554
1778805000000,92.48,92.66,92.34,92.57,9545.345
1778805300000,92.57,92.63,92.49,92.53,6209.082
1778805600000,92.53,92.54,92.1,92.3,10418.936
1778805900000,92.31,92.48,92.28,92.47,10241.275
1778806200000,92.46,92.47,92.32,92.36,3701.759
1778806500000,92.36,92.45,92.35,92.43,5445.454
1778806800000,92.43,92.55,92.43,92.52,9294.368
1778807100000,92.52,92.54,92.38,92.41,5019.13
1778807400000,92.4,92.42,92.35,92.42,3636.069
1778807700000,92.41,92.52,92.3,92.39,4842.018
1778808000000,92.39,92.39,92.21,92.28,6350.335
1778808300000,92.28,92.34,92.19,92.19,3773.004
1778808600000,92.18,92.19,91.81,92.04,20501.359
1778808900000,92.05,92.3,92.01,92.18,5504.966
1778809200000,92.18,92.26,92.12,92.21,3385.847
1778809500000,92.21,92.23,91.94,92.01,5984.613
1778809800000,92.02,92.02,91.69,91.92,11394.019
1778810100000,91.93,91.93,91.74,91.74,7227.191
1778810400000,91.75,92.08,91.47,92.03,93566.933
1778810700000,92.04,92.05,91.88,91.95,32719.418
1778811000000,91.95,91.98,91.79,91.91,7613.916
1778811300000,91.91,92.05,91.82,91.88,12027.268
1778811600000,91.88,91.94,91.7,91.93,9422.693
1778811900000,91.92,91.92,91.7,91.73,5657.637
1778812200000,91.73,91.73,91.47,91.59,21371.665
1778812500000,91.58,91.84,91.55,91.73,5343.438
1778812800000,91.72,92.11,91.72,92.09,11575.483
1778813100000,92.09,92.2,92.08,92.08,5525.297
1778813400000,92.08,92.44,92.07,92.42,9915.259
1778813700000,92.41,92.43,92.34,92.36,5485.846
1778814000000,92.36,92.47,92.28,92.29,5828.339
1778814300000,92.29,92.31,92.12,92.17,5188.217
1778814600000,92.17,92.3,92.17,92.23,3748.981
1778814900000,92.23,92.26,92.15,92.25,2928.157
1778815200000,92.25,92.28,92.15,92.28,3010.921
1778815500000,92.29,92.31,92.25,92.28,5216.547
1778815800000,92.29,92.29,91.9,91.93,8781.678
1778816100000,91.93,92.06,91.88,91.95,5251.679
1778816400000,91.95,92.05,91.95,92.01,2661.536
1778816700000,92.01,92.05,91.94,91.95,2753.098
1778817000000,91.94,92.07,91.94,92.07,2009.876
1778817300000,92.07,92.13,92.05,92.06,6627.294
1778817600000,92.05,92.05,91.87,91.91,2329.785
1778817900000,91.91,92.04,91.91,91.95,2883.752
1778818200000,91.96,92.0,91.88,91.99,2461.104
1778818500000,91.99,92.01,91.83,91.84,2334.14
1778818800000,91.85,91.86,91.67,91.8,6004.928
1778819100000,91.81,91.85,91.69,91.71,3859.127
1778819400000,91.72,91.73,91.57,91.72,8774.023
1778819700000,91.73,91.76,91.65,91.73,4241.836
1778820000000,91.73,91.86,91.72,91.72,2531.473
1778820300000,91.72,91.76,91.5,91.56,7911.836
1778820600000,91.56,91.56,91.4,91.45,7680.462
1778820900000,91.44,91.45,91.27,91.28,7572.408
1778821200000,91.29,91.49,91.2,91.48,10592.533
1778821500000,91.47,91.49,91.21,91.37,14289.595
1778821800000,91.38,91.49,91.33,91.49,6131.251
1778822100000,91.49,91.54,91.39,91.48,5912.554
1778822400000,91.47,91.53,91.39,91.5,6534.761
1778822700000,91.49,91.51,91.32,91.36,7733.736
1778823000000,91.36,91.37,90.73,90.76,47471.814
1778823300000,90.75,90.76,90.26,90.59,84828.134
1778823600000,90.59,90.72,90.45,90.67,13699.619
1778823900000,90.67,90.67,90.41,90.51,14939.351
1778824200000,90.52,90.74,90.52,90.67,7607.235
1778824500000,90.67,90.76,90.52,90.6,12649.065
1778824800000,90.6,91.03,90.59,90.73,26504.408
1778825100000,90.72,90.76,90.63,90.7,13896.265
1778825400000,90.7,90.74,90.53,90.67,12718.141
1778825700000,90.68,90.77,90.56,90.57,5604.162
1778826000000,90.56,90.7,90.47,90.65,6508.046
1778826300000,90.64,90.81,90.63,90.81,3136.919
1778826600000,90.81,90.98,90.79,90.87,5467.453
1778826900000,90.86,90.96,90.85,90.95,4224.894
1778827200000,90.95,91.06,90.95,91.04,3375.876
1778827500000,91.04,91.08,90.99,91.07,4016.771
1778827800000,91.06,91.08,90.97,91.0,3787.415
1778828100000,91.0,91.07,90.96,91.02,2485.081
1778828400000,91.02,91.06,90.98,90.99,5071.946
1778828700000,90.98,91.08,90.94,91.02,5085.121
1778829000000,91.02,91.25,91.02,91.23,3529.955
1778829300000,91.22,91.29,91.1,91.15,12208.376
1778829600000,91.16,91.69,91.16,91.56,32814.018
1778829900000,91.56,91.71,91.55,91.57,14337.926
1778830200000,91.56,91.58,91.32,91.38,13594.618
1778830500000,91.39,91.39,91.24,91.37,14528.847
1778830800000,91.36,91.4,91.3,91.37,5434.536
1778831100000,91.37,91.64,91.33,91.61,23862.52
1778831400000,91.6,91.69,91.6,91.64,2637.789
1778831700000,91.65,91.72,91.6,91.6,3802.915
1778832000000,91.61,91.62,91.34,91.39,11071.862
1778832300000,91.39,91.48,91.35,91.46,4615.897
1778832600000,91.46,91.48,91.39,91.45,2682.595
1778832900000,91.46,91.46,91.16,91.24,12441.175
1778833200000,91.24,91.31,91.21,91.28,7304.742
1778833500000,91.28,91.32,91.11,91.14,6550.328
1778833800000,91.13,91.23,90.94,91.23,15501.163
1778834100000,91.23,91.38,91.19,91.37,9325.824
1778834400000,91.37,91.47,91.34,91.44,9939.557
1778834700000,91.44,91.65,91.36,91.63,20783.603
1778835000000,91.63,91.65,91.18,91.25,22933.585
1778835300000,91.24,91.3,91.18,91.27,7700.457
1778835600000,91.27,91.29,91.09,91.15,4527.117
1778835900000,91.15,91.23,90.95,90.99,16521.386
1778836200000,90.99,91.28,90.94,91.2,28478.043
1778836500000,91.21,91.21,91.08,91.1,3669.946
1778836800000,91.1,91.17,91.02,91.16,3683.663
1778837100000,91.15,91.22,91.07,91.21,2769.292
1778837400000,91.22,91.29,91.16,91.28,3339.205
1778837700000,91.28,91.33,91.16,91.25,13648.146
1778838000000,91.24,91.25,90.94,90.97,22565.953
1778838300000,90.96,91.11,90.92,91.08,6808.102
1778838600000,91.07,91.1,90.96,91.06,6899.604
1778838900000,91.05,91.19,90.99,91.17,4013.179
1778839200000,91.17,91.18,91.01,91.04,4694.298
1778839500000,91.04,91.2,91.01,91.2,2964.485
1778839800000,91.19,91.28,91.17,91.25,5867.466
1778840100000,91.24,91.25,91.01,91.01,4192.185
1778840400000,91.02,91.13,91.02,91.13,2774.453
1778840700000,91.13,91.2,91.05,91.08,4865.154
1778841000000,91.08,91.31,91.08,91.19,5178.143
1778841300000,91.2,91.2,91.08,91.09,3479.919
1778841600000,91.08,91.22,91.02,91.22,3653.783
1778841900000,91.22,91.43,91.21,91.28,9914.743
1778842200000,91.29,91.57,91.29,91.49,8640.493
1778842500000,91.49,91.51,91.44,91.47,4053.735
1778842800000,91.47,91.54,91.39,91.42,10236.184
1778843100000,91.41,91.42,91.27,91.28,2205.251
1778843400000,91.29,91.43,91.26,91.43,6150.783
1778843700000,91.43,91.49,91.35,91.4,3451.104
1778844000000,91.39,91.44,91.29,91.29,3623.401
1778844300000,91.28,91.35,91.27,91.35,2343.931
1778844600000,91.34,91.39,91.3,91.34,3245.935
1778844900000,91.34,91.4,91.3,91.3,2620.646
1778845200000,91.3,91.32,91.24,91.29,2255.582
1778845500000,91.29,91.37,91.26,91.26,4962.924
1778845800000,91.26,91.35,91.24,91.33,3985.061
1778846100000,91.34,91.34,91.18,91.27,3006.434
1778846400000,91.26,91.27,91.09,91.11,9151.587
1778846700000,91.12,91.13,90.84,91.06,13943.223
1778847000000,91.06,91.1,90.78,90.79,8249.103
1778847300000,90.79,90.95,90.71,90.95,13080.408
1778847600000,90.94,91.0,90.82,90.85,5896.973
1778847900000,90.85,90.87,90.81,90.85,2347.944
1778848200000,90.85,90.9,90.67,90.9,8863.039
1778848500000,90.9,90.9,90.7,90.73,2549.941
1778848800000,90.73,90.74,90.61,90.65,4670.506
1778849100000,90.64,90.69,90.59,90.61,3810.966
1778849400000,90.62,90.76,90.58,90.62,7227.397
1778849700000,90.62,90.67,90.57,90.66,4731.135
1778850000000,90.66,90.66,90.26,90.36,22327.532
1778850300000,90.37,90.39,90.26,90.29,5689.102
1778850600000,90.3,90.36,90.21,90.34,14345.111
1778850900000,90.34,90.44,90.27,90.44,5016.645
1778851200000,90.44,90.58,90.43,90.54,5905.149
1778851500000,90.54,90.57,90.42,90.48,6886.688
1778851800000,90.48,90.49,89.66,89.93,72337.577
1778852100000,89.93,89.93,89.15,89.32,42335.366
1778852400000,89.31,89.58,89.19,89.24,25113.1
1778852700000,89.24,89.68,89.12,89.51,36783.649
1778853000000,89.51,89.54,88.69,89.35,66515.336
1778853300000,89.35,89.35,88.73,88.9,25533.769
1778853600000,88.91,89.15,88.55,88.89,47985.291
1778853900000,88.88,89.24,88.73,89.13,22405.314
1778854200000,89.13,89.53,89.07,89.36,28108.248
1778854500000,89.36,89.55,89.27,89.43,17841.094
1778854800000,89.43,89.47,89.29,89.33,13812.88
1778855100000,89.33,89.34,89.02,89.11,16860.423
1778855400000,89.12,89.28,89.02,89.18,16150.501
1778855700000,89.17,89.25,89.08,89.16,18366.306
1778856000000,89.15,89.31,89.1,89.12,8149.776
1778856300000,89.12,89.14,88.81,88.94,20642.003
1778856600000,88.94,89.07,88.78,89.02,19884.431
1778856900000,89.02,89.23,88.95,89.06,16122.607
1778857200000,89.05,89.15,88.85,89.0,15581.156
1778857500000,89.01,89.18,88.94,89.18,6448.395
1778857800000,89.18,89.23,89.08,89.09,7492.355
1778858100000,89.09,89.2,88.98,89.15,13546.646
1778858400000,89.16,89.28,89.11,89.14,9839.277
1778858700000,89.13,89.15,88.89,89.02,11783.843
1778859000000,89.02,89.18,89.02,89.09,7196.65
1778859300000,89.08,89.11,88.93,89.0,8570.279
1778859600000,88.99,89.1,88.75,88.82,13467.511
1778859900000,88.81,88.96,88.7,88.86,17838.554
1778860200000,88.86,89.02,88.82,88.99,9870.206
1778860500000,89.0,89.12,88.94,89.04,9875.277
1778860800000,89.04,89.07,88.95,89.04,15031.333
1778861100000,89.04,89.06,88.88,88.98,10404.772
1778861400000,88.99,89.0,88.81,88.95,10626.243
1778861700000,88.94,89.07,88.86,89.02,15964.799
1778862000000,89.03,89.28,89.02,89.24,10803.631
1778862300000,89.24,89.56,89.11,89.45,20849.245
1778862600000,89.45,89.7,89.45,89.58,20302.296
1778862900000,89.58,89.66,89.53,89.63,6994.364
1778863200000,89.62,89.62,89.48,89.51,4145.747
1778863500000,89.5,89.55,89.25,89.47,10765.582
1778863800000,89.47,89.53,89.28,89.34,6052.72
1778864100000,89.34,89.51,89.34,89.5,4551.074
1778864400000,89.51,89.68,89.49,89.62,7476.657
1778864700000,89.62,89.9,89.6,89.78,14654.06
1778865000000,89.78,89.78,89.64,89.69,5406.224
1778865300000,89.7,89.73,89.59,89.69,6002.81
1778865600000,89.69,89.8,89.61,89.74,7065.02
1778865900000,89.74,89.9,89.73,89.75,9262.093
1778866200000,89.75,89.8,89.69,89.77,6890.565
1778866500000,89.77,89.83,89.67,89.8,4666.706
1778866800000,89.81,89.85,89.65,89.7,10679.189
1778867100000,89.7,89.74,89.62,89.69,3017.704
1778867400000,89.69,89.74,89.62,89.73,3548.761
1778867700000,89.73,89.84,89.71,89.82,8481.106
1778868000000,89.81,90.09,89.81,89.99,13220.476
1778868300000,89.99,89.99,89.82,89.88,5736.541
1778868600000,89.87,89.99,89.84,89.96,3856.486
1778868900000,89.95,90.01,89.64,89.64,5688.323
1778869200000,89.65,89.85,89.65,89.83,4274.084
1778869500000,89.83,89.86,89.71,89.76,8425.017
1778869800000,89.77,89.77,89.47,89.64,9396.159
1778870100000,89.64,89.84,89.61,89.79,6154.231
1778870400000,89.78,89.89,89.77,89.88,5607.239
1778870700000,89.88,89.88,89.72,89.88,7599.735
1778871000000,89.88,89.92,89.8,89.89,6335.549
1778871300000,89.88,89.93,89.78,89.8,4410.957
1778871600000,89.79,89.8,89.48,89.52,10494.408
1778871900000,89.53,89.61,89.52,89.54,5143.508
1778872200000,89.53,89.55,89.41,89.5,5185.788
1778872500000,89.49,89.59,89.49,89.54,3343.067
1778872800000,89.54,89.63,89.52,89.59,3320.145
1778873100000,89.59,89.62,89.54,89.56,2484.773
1778873400000,89.56,89.65,89.5,89.56,5154.318
1778873700000,89.56,89.58,89.49,89.54,3747.153
1778874000000,89.53,89.56,89.41,89.42,3810.273
1778874300000,89.42,89.54,89.35,89.53,20716.065
1778874600000,89.52,89.52,89.4,89.44,7142.326
1778874900000,89.43,89.47,89.35,89.42,7447.758
1778875200000,89.41,89.5,89.4,89.43,5566.0
1778875500000,89.43,89.43,89.1,89.24,8798.544
1778875800000,89.24,89.33,89.21,89.29,3303.48
1778876100000,89.28,89.31,89.21,89.23,3089.618
1778876400000,89.23,89.31,89.12,89.26,4887.9
1778876700000,89.26,89.41,89.26,89.4,3101.055
1778877000000,89.41,89.43,89.32,89.33,6638.327
1778877300000,89.33,89.34,89.19,89.2,4971.704
1778877600000,89.2,89.22,89.16,89.17,2651.911
1778877900000,89.16,89.21,89.08,89.15,5229.811
1778878200000,89.16,89.29,89.15,89.28,3898.196
1778878500000,89.27,89.28,89.21,89.28,2846.212
1778878800000,89.28,89.33,89.26,89.29,2942.288
1778879100000,89.29,89.36,89.27,89.36,3875.911
1778879400000,89.35,89.42,89.32,89.4,2778.786
1778879700000,89.4,89.43,89.35,89.41,6702.506
1778880000000,89.41,89.41,89.27,89.29,3706.833
1778880300000,89.3,89.35,89.17,89.27,10043.004
1778880600000,89.27,89.31,89.16,89.2,6846.973
1778880900000,89.2,89.22,89.16,89.17,1417.757
1778881200000,89.17,89.25,89.16,89.22,3516.05
1778881500000,89.22,89.24,89.12,89.13,1971.555
1778881800000,89.13,89.19,89.1,89.16,1444.557
1778882100000,89.16,89.16,89.0,89.05,5288.36
1778882400000,89.06,89.2,89.05,89.17,4451.124
1778882700000,89.17,89.25,89.17,89.25,4189.23
1778883000000,89.25,89.26,89.2,89.2,2082.658
1778883300000,89.2,89.23,89.18,89.19,3309.448
1778883600000,89.19,89.28,89.14,89.26,3152.731
1778883900000,89.27,89.27,89.17,89.21,2452.127
1778884200000,89.2,89.29,89.15,89.16,2315.01
1778884500000,89.15,89.24,89.14,89.22,2511.474
1778884800000,89.22,89.27,89.19,89.25,1700.655
1778885100000,89.25,89.31,89.22,89.27,5022.198
1778885400000,89.28,89.31,89.24,89.28,1373.488
1778885700000,89.27,89.36,89.27,89.33,2622.367
1778886000000,89.33,89.39,89.27,89.34,3737.798
1778886300000,89.33,89.34,89.3,89.31,2143.37
1778886600000,89.31,89.31,89.27,89.27,2703.627
1778886900000,89.27,89.37,89.25,89.34,5518.395
1778887200000,89.34,89.34,89.25,89.29,2726.077
1778887500000,89.28,89.33,89.27,89.3,2112.965
1778887800000,89.29,89.33,89.26,89.29,2725.28
1778888100000,89.29,89.31,89.21,89.29,2284.855
1778888400000,89.29,89.34,89.28,89.32,5260.601
1778888700000,89.32,89.32,89.23,89.28,3668.929
1778889000000,89.28,89.29,89.23,89.26,2324.199
1778889300000,89.25,89.27,89.23,89.24,4303.863
1778889600000,89.23,89.28,89.14,89.27,5494.5
1778889900000,89.27,89.44,89.26,89.35,4095.764
1778890200000,89.35,89.42,89.32,89.42,3906.114
1778890500000,89.42,89.43,89.3,89.3,4294.23
1778890800000,89.3,89.42,89.29,89.38,6166.444
1778891100000,89.37,89.42,89.34,89.34,2198.853
1778891400000,89.35,89.36,89.29,89.3,4424.959
1778891700000,89.31,89.39,89.28,89.38,3566.552
1778892000000,89.38,89.4,89.3,89.31,3182.782
1778892300000,89.31,89.35,89.27,89.33,3739.642
1778892600000,89.32,89.33,89.24,89.25,2518.568
1778892900000,89.26,89.26,89.16,89.22,4783.499
1778893200000,89.22,89.24,89.18,89.21,3563.708
1778893500000,89.22,89.26,89.22,89.22,3766.027
1778893800000,89.22,89.26,89.18,89.24,4021.508
1778894100000,89.25,89.26,89.14,89.23,4353.803
1778894400000,89.22,89.29,89.17,89.17,7211.381
1778894700000,89.18,89.18,89.02,89.03,9671.993
1778895000000,89.02,89.1,89.01,89.08,5568.662
1778895300000,89.08,89.08,88.95,88.98,6933.252
1778895600000,88.99,89.02,88.96,88.99,3022.19
1778895900000,88.98,89.17,88.98,89.11,10388.818
1778896200000,89.1,89.2,89.1,89.19,2633.422
1778896500000,89.19,89.35,89.18,89.3,9584.33
1778896800000,89.3,89.39,89.18,89.32,9341.853
1778897100000,89.32,89.32,89.21,89.27,26118.589
1778897400000,89.27,89.31,89.25,89.3,1814.971
1778897700000,89.3,89.32,89.19,89.25,3166.795
1778898000000,89.25,89.26,89.17,89.19,3031.588
1778898300000,89.19,89.2,89.08,89.08,4548.63
1778898600000,89.08,89.12,88.97,89.05,6576.118
1778898900000,89.05,89.09,89.04,89.06,1131.351
1778899200000,89.05,89.12,89.02,89.08,4471.849
1778899500000,89.08,89.1,89.06,89.06,747.791
1778899800000,89.05,89.14,89.05,89.13,2044.89
1778900100000,89.13,89.21,89.09,89.2,5121.859
1778900400000,89.2,89.25,89.16,89.23,6601.659
1778900700000,89.23,89.27,89.21,89.22,3747.409
1778901000000,89.23,89.26,89.21,89.21,3954.52
1778901300000,89.22,89.25,89.21,89.24,3127.738
1778901600000,89.23,89.27,89.21,89.24,1346.552
1778901900000,89.25,89.25,89.17,89.23,1125.88
1778902200000,89.23,89.23,89.13,89.19,1598.001
1778902500000,89.18,89.2,89.12,89.16,1688.108
1778902800000,89.16,89.17,89.04,89.04,3256.676
1778903100000,89.04,89.1,89.04,89.04,2483.672
1778903400000,89.04,89.08,89.0,89.07,2186.728
1778903700000,89.08,89.12,89.04,89.05,947.776
1778904000000,89.05,89.06,88.93,89.05,4350.397
1778904300000,89.05,89.09,89.0,89.06,4551.381
1778904600000,89.06,89.06,88.96,88.98,3384.059
1778904900000,88.97,89.02,88.96,88.97,2291.012
1778905200000,88.96,88.99,88.92,88.94,2166.685
1778905500000,88.93,88.95,88.75,88.8,6219.336
1778905800000,88.81,88.81,88.19,88.24,48602.764
1778906100000,88.24,88.45,88.22,88.41,7793.202
1778906400000,88.41,88.67,88.4,88.64,6048.021
1778906700000,88.63,88.64,88.51,88.58,6539.719
1778907000000,88.58,88.74,88.54,88.73,7013.577
1778907300000,88.73,88.86,88.71,88.86,8406.017
1778907600000,88.86,88.93,88.42,88.63,31840.277
1778907900000,88.62,88.66,88.56,88.61,5003.442
1778908200000,88.61,88.62,88.51,88.6,5591.268
1778908500000,88.6,88.63,88.56,88.58,3366.654
1778908800000,88.58,88.58,88.54,88.56,1578.729
1778909100000,88.57,88.65,88.55,88.59,3275.92
1778909400000,88.59,88.62,88.44,88.46,3879.815
1778909700000,88.46,88.51,88.28,88.4,11166.547
1778910000000,88.4,88.7,88.32,88.62,24157.285
1778910300000,88.62,88.7,88.6,88.66,5680.374
1778910600000,88.65,88.68,88.62,88.65,2293.296
1778910900000,88.65,88.65,88.52,88.57,2188.26
1778911200000,88.58,88.64,88.52,88.62,3424.744
1778911500000,88.62,88.66,88.42,88.42,2882.597
1778911800000,88.43,88.46,88.3,88.36,6926.981
1778912100000,88.35,88.4,88.31,88.35,4921.629
1778912400000,88.34,88.34,88.1,88.21,12046.079
1778912700000,88.22,88.36,88.15,88.31,8395.513
1778913000000,88.3,88.45,88.26,88.41,7166.391
1778913300000,88.4,88.45,88.15,88.15,6373.663
1778913600000,88.16,88.23,88.0,88.07,44867.544
1778913900000,88.08,88.18,87.9,87.93,22418.746
1778914200000,87.92,88.11,87.81,88.11,16619.334
1778914500000,88.11,88.15,87.99,88.01,10468.013
1778914800000,88.01,88.01,87.91,87.96,7375.051
1778915100000,87.96,87.96,87.68,87.68,25063.077
1778915400000,87.68,87.7,86.93,87.18,82219.581
1778915700000,87.19,87.23,86.72,87.07,83730.059
1778916000000,87.07,87.21,87.03,87.19,18813.278
1778916300000,87.19,87.4,87.17,87.37,11981.757
1778916600000,87.36,87.4,87.15,87.35,10071.107
1778916900000,87.35,87.7,87.29,87.65,12476.205
1778917200000,87.65,87.73,87.61,87.65,7000.935
1778917500000,87.66,87.72,87.44,87.48,9925.345
1778917800000,87.48,87.49,87.38,87.39,5135.543
1778918100000,87.39,87.5,87.36,87.47,5132.653
1778918400000,87.46,87.62,87.42,87.6,7584.206
1778918700000,87.6,87.6,87.47,87.52,5584.478
1778919000000,87.52,87.57,87.46,87.48,4463.324
1778919300000,87.48,87.5,87.42,87.48,4842.478
1778919600000,87.48,87.53,87.33,87.49,13303.474
1778919900000,87.49,87.52,87.46,87.48,2525.473
1778920200000,87.49,87.62,87.44,87.5,5577.997
1778920500000,87.5,87.53,87.46,87.5,4260.575
1778920800000,87.5,87.61,87.5,87.55,6021.583
1778921100000,87.56,87.56,87.43,87.48,5290.175
1778921400000,87.49,87.56,87.44,87.56,3009.037
1778921700000,87.55,87.56,87.47,87.48,1838.988
1778922000000,87.48,87.51,87.4,87.47,3869.178
1778922300000,87.46,87.5,87.38,87.4,2745.806
1778922600000,87.4,87.4,87.21,87.26,8621.548
1778922900000,87.26,87.28,85.88,86.07,146160.085
1778923200000,86.07,86.21,85.85,86.09,29713.459
1778923500000,86.09,86.22,85.78,85.98,31856.134
1778923800000,85.97,86.28,85.96,86.24,13638.561
1778924100000,86.24,86.27,86.12,86.2,10866.977
1778924400000,86.21,86.27,86.13,86.14,7592.428
1778924700000,86.14,86.3,85.92,85.97,15748.172
1778925000000,85.98,86.24,85.94,86.23,8370.043
1778925300000,86.22,86.23,86.04,86.05,5568.877
1778925600000,86.04,86.15,85.86,85.96,13053.953
1778925900000,85.96,86.02,85.63,85.74,27740.619
1778926200000,85.74,85.89,85.66,85.81,18969.2
1778926500000,85.82,85.9,85.67,85.79,13878.73
1778926800000,85.8,85.82,85.73,85.78,6379.517
1778927100000,85.79,85.83,85.52,85.7,19833.56
1778927400000,85.71,86.05,85.7,85.94,11930.284
1778927700000,85.95,86.0,85.7,85.79,7379.638
1778928000000,85.79,85.98,85.72,85.82,11143.743
1778928300000,85.82,85.93,85.78,85.9,5586.238
1778928600000,85.89,85.95,85.82,85.9,5768.904
1778928900000,85.9,86.03,85.9,86.01,9155.012
1778929200000,86.02,86.2,86.02,86.17,13537.674
1778929500000,86.16,86.16,86.11,86.12,3619.426
1778929800000,86.13,86.19,86.11,86.16,5872.789
1778930100000,86.16,86.28,86.13,86.27,7377.133
1778930400000,86.28,86.28,86.08,86.14,7859.123
1778930700000,86.15,86.2,86.12,86.19,4533.388
1778931000000,86.19,86.21,86.15,86.21,3990.91
1778931300000,86.2,86.33,86.2,86.26,6969.304
1778931600000,86.26,86.26,86.21,86.23,2883.827
1778931900000,86.23,86.26,86.19,86.19,4269.374
1778932200000,86.2,86.23,86.11,86.18,6588.801
1778932500000,86.18,86.18,86.11,86.11,2284.909
1778932800000,86.12,86.2,86.03,86.14,6996.393
1778933100000,86.14,86.2,86.14,86.17,2764.42
1778933400000,86.16,86.2,86.1,86.17,9420.732
1778933700000,86.16,86.18,86.01,86.05,7074.4
1778934000000,86.06,86.24,86.04,86.15,5862.222
1778934300000,86.16,86.21,86.11,86.16,3833.86
1778934600000,86.17,86.31,86.17,86.31,2638.69
1778934900000,86.31,86.31,86.24,86.29,7952.135
1778935200000,86.3,86.33,86.27,86.3,2832.538
1778935500000,86.31,86.44,86.29,86.37,4557.377
1778935800000,86.37,86.41,86.29,86.29,2913.512
1778936100000,86.29,86.32,86.25,86.26,1723.454
1778936400000,86.26,86.28,86.12,86.2,4099.964
1778936700000,86.2,86.25,86.16,86.21,3613.25
1778937000000,86.22,86.32,86.13,86.18,4005.101
1778937300000,86.17,86.31,86.11,86.3,3489.678
1778937600000,86.3,86.3,86.15,86.16,4414.215
1778937900000,86.15,86.35,86.14,86.31,4207.78
1778938200000,86.31,86.35,86.22,86.23,4576.708
1778938500000,86.22,86.24,86.11,86.24,7089.692
1778938800000,86.24,86.31,86.21,86.29,1771.262
1778939100000,86.29,86.31,86.24,86.26,2626.897
1778939400000,86.26,86.32,86.23,86.27,4499.854
1778939700000,86.27,86.31,86.22,86.26,2050.248
1778940000000,86.26,86.31,86.13,86.14,8659.898
1778940300000,86.13,86.17,86.08,86.1,4756.669
1778940600000,86.1,86.19,86.07,86.13,6353.471
1778940900000,86.13,86.14,86.09,86.11,3603.548
1778941200000,86.12,86.19,86.08,86.17,3603.335
1778941500000,86.17,86.27,86.16,86.19,4565.845
1778941800000,86.2,86.32,86.19,86.27,5495.523
1778942100000,86.27,86.32,86.22,86.23,5413.051
1778942400000,86.23,86.46,86.23,86.46,6260.924
1778942700000,86.46,86.71,86.38,86.46,11540.385
1778943000000,86.47,86.49,86.29,86.32,5142.129
1778943300000,86.32,86.45,86.32,86.4,7378.235
1778943600000,86.39,86.6,86.37,86.56,3807.869
1778943900000,86.55,86.57,86.42,86.46,5920.248
1778944200000,86.45,86.45,86.34,86.39,4870.341
1778944500000,86.39,86.45,86.34,86.37,6157.349
1778944800000,86.37,86.37,86.27,86.36,4922.504
1778945100000,86.37,86.45,86.34,86.35,3877.24
1778945400000,86.34,86.55,86.34,86.52,10466.752
1778945700000,86.51,86.62,86.47,86.6,4914.152
1778946000000,86.59,86.59,86.48,86.57,3852.501
1778946300000,86.56,86.67,86.54,86.66,4107.657
1778946600000,86.67,86.67,86.52,86.52,4342.452
1778946900000,86.52,86.59,86.47,86.5,3453.208
1778947200000,86.49,86.74,86.39,86.67,9861.631
1778947500000,86.67,86.7,86.5,86.54,8301.534
1778947800000,86.54,86.54,86.38,86.4,5742.656
1778948100000,86.39,86.7,86.37,86.68,8904.428
1778948400000,86.69,86.69,86.58,86.65,3556.871
1778948700000,86.65,86.7,86.6,86.63,4361.05
1778949000000,86.63,86.7,86.61,86.7,3513.783
1778949300000,86.69,86.78,86.58,86.77,6255.243
1778949600000,86.76,86.78,86.49,86.57,7402.995
1778949900000,86.57,86.72,86.56,86.69,3127.248
1778950200000,86.69,86.7,86.61,86.65,4275.279
1778950500000,86.65,86.69,86.61,86.63,2938.227
1778950800000,86.64,86.75,86.63,86.74,4502.558
1778951100000,86.74,86.77,86.72,86.74,2173.519
1778951400000,86.74,86.75,86.66,86.72,2775.332
1778951700000,86.72,86.73,86.64,86.73,2653.281
1778952000000,86.74,86.78,86.7,86.75,2381.309
1778952300000,86.75,86.85,86.75,86.81,4280.81
1778952600000,86.81,86.87,86.8,86.87,1629.472
1778952900000,86.87,86.92,86.85,86.86,5073.176
1778953200000,86.85,86.88,86.83,86.83,1965.069
1778953500000,86.83,86.95,86.83,86.94,3489.841
1778953800000,86.93,86.96,86.78,86.8,2706.985
1778954100000,86.81,86.81,86.75,86.81,2285.334
1778954400000,86.81,86.89,86.76,86.76,3847.825
1778954700000,86.76,86.8,86.67,86.69,4595.441
1778955000000,86.7,86.76,86.66,86.75,2515.025
1778955300000,86.75,86.78,86.65,86.68,1527.322
1778955600000,86.68,86.7,86.6,86.68,2220.165
1778955900000,86.67,86.75,86.67,86.75,1783.125
1778956200000,86.75,86.83,86.74,86.82,1605.952
1778956500000,86.81,86.83,86.73,86.74,3766.557
1778956800000,86.74,86.85,86.7,86.81,2519.892
1778957100000,86.8,86.83,86.77,86.77,1579.398
1778957400000,86.77,86.97,86.76,86.84,6364.34
1778957700000,86.84,86.89,86.81,86.81,1552.991
1778958000000,86.81,86.83,86.75,86.82,2627.449
1778958300000,86.83,86.85,86.73,86.78,4379.42
1778958600000,86.77,86.78,86.74,86.78,1057.609
1778958900000,86.77,86.84,86.77,86.8,4294.62
1778959200000,86.8,86.8,86.7,86.73,1217.851
1778959500000,86.73,86.84,86.72,86.81,2212.665
1778959800000,86.81,86.81,86.76,86.81,1559.814
1778960100000,86.81,86.85,86.78,86.82,7146.356
1778960400000,86.82,86.82,86.77,86.8,1259.492
1778960700000,86.79,86.85,86.78,86.83,1935.104
1778961000000,86.83,86.85,86.67,86.7,14362.963
1778961300000,86.7,86.7,86.65,86.69,4450.931
1778961600000,86.69,86.75,86.68,86.74,3279.658
1778961900000,86.74,86.8,86.74,86.79,4596.298
1778962200000,86.79,86.87,86.76,86.84,7289.801
1778962500000,86.84,86.88,86.83,86.88,1368.237
1778962800000,86.87,86.88,86.83,86.86,1667.033
1778963100000,86.85,86.88,86.8,86.8,3253.306
1778963400000,86.79,86.8,86.69,86.74,4123.08
1778963700000,86.74,86.78,86.7,86.7,2840.322
1778964000000,86.7,86.72,86.68,86.72,2727.91
1778964300000,86.72,86.73,86.7,86.73,852.473
1778964600000,86.73,86.74,86.7,86.71,973.462
1778964900000,86.71,86.74,86.66,86.68,2068.438
1778965200000,86.67,86.75,86.66,86.74,2120.636
1778965500000,86.73,86.77,86.67,86.69,2881.47
1778965800000,86.69,86.72,86.64,86.72,5293.775
1778966100000,86.72,86.72,86.63,86.63,1732.669
1778966400000,86.63,86.68,86.63,86.64,2176.642
1778966700000,86.63,86.7,86.62,86.66,1881.963
1778967000000,86.66,86.69,86.62,86.62,1771.321
1778967300000,86.62,86.66,86.56,86.61,8140.943
1778967600000,86.61,86.62,86.49,86.58,5087.724
1778967900000,86.59,86.59,86.51,86.51,1104.62
1778968200000,86.51,86.61,86.51,86.6,1284.226
1778968500000,86.59,86.62,86.57,86.59,1285.547
1778968800000,86.59,86.62,86.48,86.48,3172.055
1778969100000,86.49,86.52,86.45,86.47,1897.525
1778969400000,86.46,86.59,86.46,86.59,1000.036
1778969700000,86.59,86.64,86.57,86.62,944.035
1778970000000,86.62,86.69,86.62,86.68,1651.47
1778970300000,86.69,86.69,86.64,86.65,1528.416
1778970600000,86.64,86.67,86.62,86.65,679.636
1778970900000,86.65,86.66,86.59,86.62,1132.792
1778971200000,86.62,86.63,86.61,86.62,428.23
1778971500000,86.63,86.65,86.56,86.57,4092.338
1778971800000,86.56,86.6,86.54,86.54,1349.769
1778972100000,86.54,86.56,86.52,86.54,1192.471
1778972400000,86.53,86.57,86.5,86.5,1284.136
1778972700000,86.5,86.59,86.49,86.58,5483.843
1778973000000,86.58,86.58,86.56,86.57,1079.306
1778973300000,86.57,86.7,86.57,86.68,2722.207
1778973600000,86.68,86.69,86.59,86.62,888.059
1778973900000,86.61,86.65,86.6,86.61,5199.18
1778974200000,86.61,86.66,86.6,86.61,4532.959
1778974500000,86.61,86.65,86.59,86.62,1120.637
1778974800000,86.61,86.61,86.59,86.6,2993.784
1778975100000,86.6,86.66,86.57,86.58,1090.84
1778975400000,86.58,86.58,86.54,86.54,923.894
1778975700000,86.54,86.58,86.53,86.54,2057.838
1778976000000,86.53,86.72,86.53,86.66,2967.871
1778976300000,86.66,86.69,86.58,86.65,2770.478
1778976600000,86.65,86.72,86.55,86.56,5737.29
1778976900000,86.55,86.62,86.55,86.56,4024.473
1778977200000,86.55,86.56,86.44,86.56,8762.461
1778977500000,86.56,86.56,86.44,86.51,3898.69
1778977800000,86.51,86.51,86.47,86.48,2167.348
1778978100000,86.48,86.56,86.47,86.48,5014.952
1778978400000,86.48,86.48,86.32,86.33,6597.711
1778978700000,86.33,86.35,86.26,86.29,7597.14
1778979000000,86.3,86.38,86.28,86.3,2990.302
1778979300000,86.3,86.32,85.97,86.13,17935.701
1778979600000,86.12,86.22,85.93,86.17,10236.47
1778979900000,86.17,86.3,86.14,86.29,4091.334
1778980200000,86.28,86.34,86.24,86.25,1897.622
1778980500000,86.25,86.26,86.07,86.11,3313.584
1778980800000,86.1,86.13,85.95,86.03,3758.792
1778981100000,86.03,86.06,85.81,85.88,7811.099
1778981400000,85.88,86.03,85.67,85.85,23270.394
1778981700000,85.84,85.91,85.59,85.91,8977.561
1778982000000,85.91,85.91,85.59,85.77,11373.215
1778982300000,85.77,85.93,85.73,85.77,7443.808
1778982600000,85.77,85.89,85.77,85.86,2550.73
1778982900000,85.86,85.9,85.75,85.75,2970.963
1778983200000,85.76,85.91,85.76,85.89,3633.727
1778983500000,85.9,85.95,85.85,85.92,3428.336
1778983800000,85.93,86.06,85.93,85.99,3726.568
1778984100000,85.99,86.05,85.94,86.05,2287.147
1778984400000,86.05,86.08,85.98,86.03,10853.325
1778984700000,86.03,86.17,86.0,86.15,10014.488
1778985000000,86.15,86.18,86.03,86.09,5266.611
1778985300000,86.08,86.27,85.93,86.01,27958.498
1778985600000,86.01,86.03,85.96,86.0,6396.292
1778985900000,86.0,86.03,85.87,85.89,10398.245
1778986200000,85.89,86.09,85.81,86.01,20662.861
1778986500000,86.0,86.01,85.96,86.0,3337.798
1778986800000,86.01,86.21,85.99,86.2,7700.57
1778987100000,86.2,86.23,86.19,86.2,5236.768
1778987400000,86.21,86.25,86.2,86.21,1868.502
1778987700000,86.2,86.34,86.2,86.25,4286.605
1778988000000,86.24,86.25,86.19,86.21,2330.889
1778988300000,86.21,86.23,86.16,86.22,2438.615
1778988600000,86.23,86.39,86.2,86.39,3579.391
1778988900000,86.38,86.44,86.37,86.41,3845.927
1778989200000,86.41,86.46,86.36,86.45,4293.644
1778989500000,86.45,86.58,86.44,86.57,12063.14
1778989800000,86.57,86.63,86.5,86.53,8387.199
1778990100000,86.53,86.53,86.5,86.53,1935.433
1778990400000,86.52,86.64,86.47,86.63,4142.288
1778990700000,86.62,86.67,86.6,86.63,3497.809
1778991000000,86.63,86.66,86.61,86.65,2380.588
1778991300000,86.66,86.71,86.66,86.71,6756.111
1778991600000,86.71,86.88,86.69,86.84,8578.911
1778991900000,86.85,86.89,86.78,86.8,3449.19
1778992200000,86.81,86.81,86.73,86.76,6237.292
1778992500000,86.75,86.94,86.75,86.89,7800.905
1778992800000,86.89,86.98,86.88,86.94,5432.433
1778993100000,86.93,86.96,86.87,86.87,2094.444
1778993400000,86.87,86.9,86.84,86.85,2562.401
1778993700000,86.85,86.89,86.84,86.86,2832.643
1778994000000,86.87,86.92,86.85,86.91,3816.886
1778994300000,86.9,87.29,86.9,87.16,15756.081
1778994600000,87.17,87.17,87.05,87.07,3239.96
1778994900000,87.07,87.08,87.01,87.02,2531.904
1778995200000,87.01,87.02,86.9,87.01,9863.87
1778995500000,87.0,87.02,86.94,86.95,3455.354
1778995800000,86.96,86.96,86.89,86.96,2123.872
1778996100000,86.96,87.02,86.95,87.02,887.297
1778996400000,87.01,87.03,86.96,86.97,1476.807
1778996700000,86.97,87.05,86.97,87.05,4512.59
1778997000000,87.05,87.05,86.89,86.94,15081.264
1778997300000,86.94,86.94,86.89,86.91,1591.124
1778997600000,86.9,87.01,86.9,86.97,1958.507
1778997900000,86.97,87.0,86.92,86.98,1723.735
1778998200000,86.97,87.01,86.97,87.0,1107.268
1778998500000,87.0,87.01,86.97,86.99,1456.388
1778998800000,86.99,86.99,86.81,86.83,5973.526
1778999100000,86.83,86.88,86.8,86.88,5199.987
1778999400000,86.88,86.9,86.86,86.9,3070.288
1778999700000,86.9,86.95,86.9,86.95,1557.903
1779000000000,86.94,86.94,86.71,86.76,3556.916
1779000300000,86.75,86.81,86.74,86.77,3280.554
1779000600000,86.77,86.82,86.77,86.82,1359.633
1779000900000,86.81,86.85,86.78,86.85,1805.241
1779001200000,86.85,86.87,86.78,86.83,2587.048
1779001500000,86.84,86.84,86.78,86.82,1831.663
1779001800000,86.81,86.86,86.81,86.84,1232.139
1779002100000,86.84,86.84,86.79,86.8,1350.125
1779002400000,86.79,86.9,86.78,86.9,2744.425
1779002700000,86.9,86.97,86.9,86.9,2742.602
1779003000000,86.91,87.1,86.9,87.1,5730.961
1779003300000,87.1,87.1,86.91,86.98,5186.426
1779003600000,86.98,86.99,86.86,86.94,6086.595
1779003900000,86.94,86.97,86.93,86.95,2835.895
1779004200000,86.94,86.99,86.92,86.98,2758.544
1779004500000,86.99,87.01,86.95,86.97,1959.891
1779004800000,86.98,87.03,86.81,86.85,6837.332
1779005100000,86.85,86.95,86.84,86.94,3050.499
1779005400000,86.95,86.95,86.72,86.76,7547.035
1779005700000,86.76,86.8,86.68,86.75,3697.81
1779006000000,86.75,86.82,86.73,86.79,2499.346
1779006300000,86.79,86.79,86.6,86.66,7082.91
1779006600000,86.66,86.7,86.63,86.65,2098.695
1779006900000,86.65,86.79,86.65,86.74,3959.801
1779007200000,86.73,86.73,86.63,86.7,3167.443
1779007500000,86.7,86.71,86.66,86.71,772.163
1779007800000,86.71,86.78,86.69,86.76,3070.675
1779008100000,86.75,86.83,86.75,86.83,2543.754
1779008400000,86.82,86.85,86.72,86.73,12858.385
1779008700000,86.74,86.87,86.74,86.83,3366.332
1779009000000,86.83,86.91,86.83,86.9,1790.477
1779009300000,86.89,86.96,86.88,86.95,3047.369
1779009600000,86.96,87.02,86.76,86.85,19671.927
1779009900000,86.85,86.87,86.78,86.87,3900.975
1779010200000,86.86,86.86,86.81,86.83,4435.693
1779010500000,86.83,86.85,86.76,86.82,3154.768
1779010800000,86.82,86.82,86.73,86.73,2540.29
1779011100000,86.73,86.77,86.72,86.77,2577.511
1779011400000,86.77,86.87,86.76,86.85,4984.816
1779011700000,86.84,86.94,86.81,86.89,8258.519
1779012000000,86.9,87.18,86.86,87.11,9210.572
1779012300000,87.11,87.11,86.99,87.04,9598.419
1779012600000,87.05,87.23,86.97,87.14,13647.911
1779012900000,87.14,87.2,87.07,87.1,8291.302
1779013200000,87.1,87.16,87.04,87.13,9177.213
1779013500000,87.14,87.26,87.11,87.13,6565.597
1779013800000,87.12,87.13,86.97,87.0,16654.738
1779014100000,87.0,87.12,87.0,87.01,14668.015
1779014400000,87.01,87.01,86.88,86.94,11815.299
1779014700000,86.93,86.94,86.9,86.93,6933.041
1779015000000,86.92,86.94,86.87,86.88,5130.877
1779015300000,86.88,87.09,86.81,87.0,16701.816
1779015600000,86.99,87.02,86.84,86.93,7986.688
1779015900000,86.92,86.99,86.9,86.99,5942.221
1779016200000,86.99,87.0,86.86,86.87,2119.676
1779016500000,86.87,86.92,86.83,86.83,5972.501
1779016800000,86.84,86.87,86.8,86.87,2613.121
1779017100000,86.87,86.88,86.81,86.83,2699.521
1779017400000,86.83,86.93,86.78,86.91,4564.124
1779017700000,86.91,86.91,86.85,86.86,2197.542
1779018000000,86.86,86.96,86.86,86.95,2966.855
1779018300000,86.95,87.0,86.91,86.94,5575.354
1779018600000,86.93,86.94,86.87,86.87,2235.149
1779018900000,86.87,86.89,86.86,86.89,3272.644
1779019200000,86.89,86.93,86.86,86.87,1542.691
1779019500000,86.87,86.91,86.86,86.89,1724.758
1779019800000,86.9,86.97,86.9,86.92,4396.524
1779020100000,86.92,86.99,86.91,86.92,2955.027
1779020400000,86.91,86.96,86.86,86.93,3046.726
1779020700000,86.94,86.96,86.92,86.93,1052.079
1779021000000,86.93,86.96,86.89,86.94,1761.284
1779021300000,86.93,87.02,86.9,86.92,4774.713
1779021600000,86.91,86.95,86.91,86.94,2623.849
1779021900000,86.94,87.0,86.83,86.83,7088.853
1779022200000,86.83,86.86,86.8,86.83,2289.333
1779022500000,86.83,86.85,86.72,86.76,4241.935
1779022800000,86.76,86.77,86.61,86.72,5505.682
1779023100000,86.72,86.78,86.66,86.66,2501.619
1779023400000,86.66,86.7,86.48,86.51,17256.53
1779023700000,86.5,86.51,86.3,86.43,9619.526
1779024000000,86.43,86.43,86.36,86.39,5124.181
1779024300000,86.39,86.49,86.38,86.48,3381.253
1779024600000,86.49,86.52,86.43,86.52,2851.562
1779024900000,86.52,86.61,86.51,86.57,3134.298
1779025200000,86.56,86.58,86.48,86.51,5190.926
1779025500000,86.51,86.59,86.5,86.55,2751.009
1779025800000,86.55,86.6,86.42,86.43,9312.756
1779026100000,86.44,86.46,86.37,86.41,4706.534
1779026400000,86.41,86.43,86.26,86.38,10918.902
1779026700000,86.39,86.42,86.3,86.34,4088.432
1779027000000,86.34,86.38,86.28,86.34,5248.052
1779027300000,86.33,86.33,85.95,86.18,27064.413
1779027600000,86.18,86.29,86.12,86.26,7057.484
1779027900000,86.26,86.46,86.25,86.34,4025.434
1779028200000,86.34,86.39,86.17,86.28,5157.674
1779028500000,86.28,86.33,86.21,86.22,2891.555
1779028800000,86.23,86.31,86.22,86.3,2374.425
1779029100000,86.3,86.37,86.3,86.36,1646.561
1779029400000,86.35,86.38,86.29,86.38,1560.535
1779029700000,86.39,86.41,86.3,86.31,1779.81
1779030000000,86.31,86.34,86.19,86.34,3177.124
1779030300000,86.33,86.46,86.33,86.44,1676.403
1779030600000,86.44,86.47,86.38,86.39,2424.823
1779030900000,86.38,86.38,86.17,86.35,5856.232
1779031200000,86.35,86.36,86.28,86.33,2247.398
1779031500000,86.32,86.34,86.29,86.31,572.793
1779031800000,86.31,86.43,86.3,86.42,2363.025
1779032100000,86.41,86.47,86.38,86.43,2256.674
1779032400000,86.42,86.48,86.36,86.42,5672.11
1779032700000,86.42,86.49,86.41,86.46,1483.096
1779033000000,86.46,86.46,86.44,86.45,1140.516
1779033300000,86.44,86.49,86.44,86.46,1705.683
1779033600000,86.46,86.58,86.45,86.54,4216.915
1779033900000,86.54,86.54,86.48,86.5,3221.19
1779034200000,86.5,86.54,86.47,86.53,4794.548
1779034500000,86.53,86.61,86.5,86.55,2337.218
1779034800000,86.56,86.57,86.46,86.53,2209.361
1779035100000,86.53,86.62,86.53,86.62,2334.487
1779035400000,86.62,86.69,86.57,86.61,2226.009
1779035700000,86.6,86.6,86.53,86.55,1530.333
1779036000000,86.56,86.62,86.55,86.58,1333.505
1779036300000,86.57,86.58,86.42,86.44,4941.621
1779036600000,86.45,86.47,86.36,86.47,3198.713
1779036900000,86.47,86.47,86.11,86.3,14767.145
1779037200000,86.31,86.33,86.17,86.3,4832.233
1779037500000,86.3,86.36,86.26,86.36,6363.222
1779037800000,86.35,86.36,86.12,86.16,3633.968
1779038100000,86.16,86.17,86.01,86.15,5962.148
1779038400000,86.16,86.23,86.15,86.19,3422.511
1779038700000,86.19,86.2,86.14,86.19,1787.439
1779039000000,86.2,86.21,86.0,86.14,5216.997
1779039300000,86.15,86.16,86.04,86.14,4167.89
1779039600000,86.14,86.24,86.12,86.24,2507.023
1779039900000,86.24,86.28,86.21,86.28,1121.986
1779040200000,86.27,86.3,86.22,86.23,2570.821
1779040500000,86.23,86.3,86.2,86.24,9128.607
1779040800000,86.24,86.43,86.21,86.35,7786.222
1779041100000,86.36,86.39,86.24,86.24,4946.459
1779041400000,86.25,86.29,86.22,86.22,2112.804
1779041700000,86.22,86.24,86.05,86.05,3383.752
1779042000000,86.05,86.16,86.02,86.15,16356.186
1779042300000,86.16,86.26,86.15,86.26,1860.608
1779042600000,86.26,86.31,86.22,86.25,5597.308
1779042900000,86.24,86.3,86.24,86.29,4400.489
1779043200000,86.28,86.3,86.24,86.24,1489.938
1779043500000,86.23,86.29,86.19,86.28,2075.429
1779043800000,86.29,86.36,86.26,86.36,1709.984
1779044100000,86.36,86.44,86.36,86.43,2859.764
1779044400000,86.43,86.54,86.43,86.52,3266.037
1779044700000,86.52,86.58,86.5,86.53,1535.832
1779045000000,86.53,86.53,86.44,86.46,1741.905
1779045300000,86.47,86.48,86.43,86.47,1193.847
1779045600000,86.47,86.58,86.46,86.5,2804.311
1779045900000,86.51,86.53,86.47,86.47,1357.914
1779046200000,86.47,86.55,86.47,86.51,1687.381
1779046500000,86.51,86.58,86.49,86.58,1718.355
1779046800000,86.59,86.74,86.58,86.7,3342.993
1779047100000,86.7,86.94,86.65,86.91,12347.382
1779047400000,86.9,86.94,86.83,86.84,12464.396
1779047700000,86.84,86.84,86.76,86.79,1707.574
1779048000000,86.8,86.85,86.74,86.78,3547.297
1779048300000,86.78,86.82,86.71,86.72,3047.201
1779048600000,86.71,86.84,86.68,86.77,6741.267
1779048900000,86.77,86.77,86.66,86.67,3274.804
1779049200000,86.66,86.67,86.57,86.66,1942.023
1779049500000,86.65,86.69,86.65,86.67,1936.131
1779049800000,86.67,86.77,86.66,86.69,2866.943
1779050100000,86.69,86.72,86.59,86.63,7560.905
1779050400000,86.63,86.7,86.63,86.67,1864.408
1779050700000,86.67,86.68,86.63,86.67,1496.073
1779051000000,86.67,86.7,86.65,86.68,945.745
1779051300000,86.68,86.69,86.66,86.68,948.518
1779051600000,86.68,86.69,86.6,86.66,1939.078
1779051900000,86.67,86.71,86.66,86.7,898.998
1779052200000,86.71,86.8,86.7,86.75,2755.672
1779052500000,86.74,86.76,86.68,86.76,1401.967
1779052800000,86.76,86.89,86.76,86.89,3871.326
1779053100000,86.89,86.92,86.86,86.92,2239.284
1779053400000,86.92,86.93,86.83,86.87,1673.412
1779053700000,86.88,86.97,86.83,86.84,3018.2
1779054000000,86.83,86.92,86.83,86.9,3332.231
1779054300000,86.9,86.91,86.87,86.88,4211.859
1779054600000,86.87,86.91,86.87,86.89,1179.169
1779054900000,86.9,86.96,86.89,86.94,1861.639
1779055200000,86.93,86.93,86.34,86.64,16267.553
1779055500000,86.65,86.76,86.43,86.45,7612.926
1779055800000,86.45,86.47,86.22,86.35,13498.935
1779056100000,86.36,86.41,86.18,86.2,6692.093
1779056400000,86.21,86.31,86.06,86.17,12547.606
1779056700000,86.18,86.18,86.02,86.14,8218.685
1779057000000,86.13,86.34,86.09,86.32,5126.009
1779057300000,86.31,86.33,86.07,86.29,6386.651
1779057600000,86.29,86.44,86.29,86.32,4647.169
1779057900000,86.32,86.33,86.21,86.27,3301.645
1779058200000,86.27,86.27,86.0,86.08,11279.859
1779058500000,86.07,86.25,86.07,86.23,5215.991
1779058800000,86.24,86.25,86.07,86.13,5151.221
1779059100000,86.13,86.16,85.95,86.09,10557.305
1779059400000,86.09,86.17,86.08,86.09,6574.105
1779059700000,86.08,86.09,85.71,85.96,23223.452
1779060000000,85.95,86.14,85.9,86.03,12390.836
1779060300000,86.04,86.07,85.71,85.81,22297.246
1779060600000,85.8,85.87,85.64,85.86,8383.667
1779060900000,85.86,85.86,85.6,85.61,6352.815
1779061200000,85.62,85.68,83.5,84.52,313057.737
1779061500000,84.52,84.89,84.39,84.76,46041.231
1779061800000,84.76,85.43,84.65,85.2,53578.567
1779062100000,85.19,85.3,85.13,85.24,23668.655
1779062400000,85.23,85.27,84.77,84.97,26416.1
1779062700000,84.96,84.96,84.62,84.63,19786.039
1779063000000,84.64,84.93,84.4,84.93,32858.611
1779063300000,84.93,85.14,84.84,84.9,15259.975
1779063600000,84.89,85.14,84.88,85.08,12307.951
1779063900000,85.08,85.29,85.01,85.12,29857.018
1779064200000,85.11,85.23,84.9,85.07,26152.427
1779064500000,85.07,85.2,84.91,85.02,25218.057
1779064800000,85.03,85.09,84.9,84.91,14133.028
1779065100000,84.9,85.05,84.88,85.02,9052.613
1779065400000,85.01,85.13,84.92,85.01,11871.577
1779065700000,85.02,85.36,85.02,85.36,17809.771
1779066000000,85.35,85.37,85.15,85.25,7483.67
1779066300000,85.26,85.36,85.16,85.3,8058.196
1779066600000,85.3,85.47,85.19,85.19,13525.827
1779066900000,85.19,85.2,84.89,84.89,16188.239
1779067200000,84.9,85.01,84.7,84.92,15107.595
1779067500000,84.93,84.95,84.75,84.89,8440.653
1779067800000,84.89,84.9,84.64,84.68,23863.455
1779068100000,84.68,84.92,84.66,84.89,11605.418
1779068400000,84.88,84.93,84.68,84.73,8878.889
1779068700000,84.73,84.85,84.54,84.74,10994.776
1779069000000,84.75,84.87,84.69,84.86,6470.683
1779069300000,84.86,85.14,84.83,84.98,7693.635
1779069600000,84.98,85.23,84.89,85.16,7668.623
1779069900000,85.16,85.32,85.08,85.24,4797.967
1779070200000,85.24,85.35,85.17,85.32,3704.048
1779070500000,85.32,85.34,85.06,85.12,16461.228
1779070800000,85.11,85.16,84.99,85.11,8363.567
1779071100000,85.12,85.14,85.02,85.06,3063.075
1779071400000,85.06,85.18,85.0,85.1,4208.41
1779071700000,85.09,85.09,84.9,84.94,8458.388
1779072000000,84.93,84.99,84.86,84.97,2544.324
1779072300000,84.98,85.07,84.94,84.95,5419.479
1779072600000,84.94,84.97,84.72,84.8,10521.348
1779072900000,84.8,84.9,84.76,84.89,3381.533
1779073200000,84.88,85.1,84.88,85.07,7014.896
1779073500000,85.07,85.24,85.05,85.19,3911.587
1779073800000,85.2,85.25,84.97,84.99,4451.066
1779074100000,84.99,85.05,84.96,84.98,5451.244
1779074400000,84.97,84.97,84.81,84.97,3817.788
1779074700000,84.96,85.02,84.85,84.98,4029.238
1779075000000,84.97,84.98,84.75,84.82,13183.356
1779075300000,84.81,84.85,84.69,84.82,24401.381
1779075600000,84.82,84.97,84.79,84.94,4213.306
1779075900000,84.94,85.02,84.92,85.0,24645.796
1779076200000,85.0,85.01,84.8,84.83,4630.679
1779076500000,84.83,84.91,84.82,84.85,4697.896
1779076800000,84.85,85.02,84.84,84.95,3519.773
1779077100000,84.95,85.03,84.94,85.03,8389.776
1779077400000,85.02,85.13,84.97,85.12,3455.06
1779077700000,85.12,85.14,84.96,84.99,4977.679
1779078000000,84.99,84.99,84.67,84.67,6313.67
1779078300000,84.67,84.74,84.58,84.74,4722.94
1779078600000,84.73,84.8,84.68,84.76,5229.359
1779078900000,84.77,84.92,84.76,84.9,5265.337
1779079200000,84.9,85.15,84.9,85.12,5610.947
1779079500000,85.13,85.3,85.12,85.14,8252.961
1779079800000,85.14,85.23,85.04,85.22,6951.392
1779080100000,85.23,85.3,85.14,85.26,4373.219
1779080400000,85.26,85.36,85.21,85.33,4946.532
1779080700000,85.33,85.34,85.23,85.31,4158.599
1779081000000,85.32,85.36,85.26,85.29,6087.998
1779081300000,85.28,85.28,85.15,85.18,6412.701
1779081600000,85.19,85.28,85.17,85.23,13596.57
1779081900000,85.23,85.32,85.2,85.24,3881.835
1779082200000,85.25,85.31,84.95,84.96,30474.511
1779082500000,84.95,84.97,84.82,84.92,8101.652
1779082800000,84.91,84.94,84.64,84.87,39192.092
1779083100000,84.86,84.92,84.83,84.9,5278.958
1779083400000,84.89,84.94,84.83,84.9,3470.895
1779083700000,84.89,84.94,84.78,84.86,4557.701
1779084000000,84.86,84.98,84.79,84.79,5941.39
1779084300000,84.78,84.81,84.3,84.45,36677.453
1779084600000,84.46,84.7,84.34,84.68,17609.365
1779084900000,84.68,84.88,84.61,84.65,9005.755
1779085200000,84.64,84.64,84.27,84.49,21441.091
1779085500000,84.49,84.59,84.47,84.48,8803.056
1779085800000,84.49,84.7,84.37,84.69,15127.945
1779086100000,84.69,84.83,84.49,84.5,28672.816
1779086400000,84.51,84.67,84.51,84.67,5418.163
1779086700000,84.68,84.89,84.65,84.86,5239.067
1779087000000,84.86,84.86,84.66,84.74,4437.853
1779087300000,84.74,84.83,84.71,84.74,2956.434
1779087600000,84.74,84.9,84.74,84.83,5696.103
1779087900000,84.83,84.85,84.75,84.76,4158.909
1779088200000,84.76,84.76,84.64,84.74,5034.954
1779088500000,84.74,84.74,84.53,84.53,4039.107
1779088800000,84.52,84.6,84.41,84.59,8186.343
1779089100000,84.58,85.01,84.58,84.94,9616.39
1779089400000,84.94,84.98,84.85,84.91,4543.415
1779089700000,84.9,84.9,84.78,84.79,4164.361
1779090000000,84.79,84.82,84.53,84.57,5756.191
1779090300000,84.56,84.72,84.56,84.64,4359.744
1779090600000,84.64,84.77,84.58,84.76,4416.517
1779090900000,84.77,84.82,84.68,84.76,5897.695
1779091200000,84.76,84.99,84.73,84.98,10642.99
1779091500000,84.98,85.01,84.86,84.87,14850.908
1779091800000,84.86,84.92,84.8,84.82,11633.841
1779092100000,84.81,84.87,84.76,84.8,4302.963
1779092400000,84.8,84.89,84.78,84.84,5333.847
1779092700000,84.84,84.9,84.83,84.83,2465.148
1779093000000,84.84,84.85,84.65,84.81,5304.665
1779093300000,84.81,84.81,84.6,84.71,2960.596
1779093600000,84.7,84.73,84.67,84.68,4489.291
1779093900000,84.68,84.77,84.65,84.69,3581.872
1779094200000,84.69,84.9,84.68,84.89,6802.766
1779094500000,84.88,84.92,84.85,84.91,2823.079
1779094800000,84.9,84.93,84.7,84.75,3712.456
1779095100000,84.74,84.75,84.65,84.68,6692.762
1779095400000,84.69,84.71,84.59,84.64,5621.52
1779095700000,84.63,84.76,84.62,84.66,4705.675
1779096000000,84.66,84.74,84.66,84.74,2419.284
1779096300000,84.73,84.73,84.62,84.67,2299.05
1779096600000,84.68,84.68,84.54,84.64,4171.728
1779096900000,84.64,84.74,84.64,84.7,4480.603
1779097200000,84.71,84.72,84.61,84.61,3149.447
1779097500000,84.62,84.74,84.6,84.68,3733.924
1779097800000,84.68,84.7,84.52,84.54,8038.186
1779098100000,84.54,84.58,84.46,84.49,6028.225
1779098400000,84.49,84.51,84.36,84.38,9256.927
1779098700000,84.37,84.42,84.21,84.33,16277.448
1779099000000,84.34,84.38,84.24,84.26,7397.436
1779099300000,84.26,84.36,84.24,84.33,4139.393
1779099600000,84.32,84.41,84.24,84.34,4610.192
1779099900000,84.34,84.43,84.3,84.37,8010.244
1779100200000,84.37,84.43,84.3,84.32,12676.445
1779100500000,84.31,84.42,84.24,84.39,5652.38
1779100800000,84.38,84.41,84.29,84.32,3423.96
1779101100000,84.32,84.49,84.32,84.41,6269.989
1779101400000,84.41,84.44,84.34,84.34,5090.927
1779101700000,84.35,84.35,84.23,84.26,8406.215
1779102000000,84.27,84.33,84.09,84.27,12563.669
1779102300000,84.27,84.27,84.1,84.1,5758.475
1779102600000,84.11,84.26,84.08,84.22,4654.918
1779102900000,84.23,84.45,84.22,84.41,5565.806
1779103200000,84.41,84.41,84.29,84.33,3155.669
1779103500000,84.34,84.39,84.32,84.32,2606.986
1779103800000,84.32,84.58,84.22,84.53,11539.729
1779104100000,84.54,84.89,84.42,84.89,18114.453
1779104400000,84.89,85.32,84.84,85.23,39333.469
1779104700000,85.23,85.25,85.01,85.08,15909.048
1779105000000,85.08,85.1,84.91,84.96,8615.771
1779105300000,84.96,85.04,84.94,84.96,5963.336
1779105600000,84.97,85.33,84.97,85.02,23191.144
1779105900000,85.03,85.38,85.03,85.29,10850.301
1779106200000,85.29,85.33,85.2,85.3,6422.122
1779106500000,85.29,85.36,85.16,85.27,13483.962
1779106800000,85.26,85.49,85.25,85.47,13557.676
1779107100000,85.47,85.48,85.18,85.18,13376.094
1779107400000,85.18,85.46,85.09,85.44,16415.238
1779107700000,85.45,85.63,85.41,85.6,16748.281
1779108000000,85.59,85.77,85.55,85.71,26074.303
1779108300000,85.71,85.8,85.56,85.57,9253.315
1779108600000,85.57,85.61,85.48,85.51,5909.716
1779108900000,85.52,85.61,85.47,85.57,8060.069
1779109200000,85.57,85.57,85.29,85.32,16906.412
1779109500000,85.32,85.37,85.26,85.28,6007.232
1779109800000,85.28,85.4,85.25,85.38,3761.321
1779110100000,85.38,85.39,85.23,85.3,5106.742
1779110400000,85.29,85.31,85.23,85.28,2598.646
1779110700000,85.27,85.31,85.14,85.16,13143.298
1779111000000,85.15,85.15,84.74,84.87,29926.875
1779111300000,84.87,84.96,84.33,84.7,32247.76
1779111600000,84.69,84.96,84.43,84.6,24426.771
1779111900000,84.59,84.92,84.46,84.76,28590.372
1779112200000,84.76,85.02,84.73,84.9,20253.995
1779112500000,84.89,84.95,84.63,84.69,9424.261
1779112800000,84.69,84.69,84.4,84.64,13600.911
1779113100000,84.64,84.66,84.42,84.61,19341.103
1779113400000,84.6,84.62,84.34,84.42,10117.186
1779113700000,84.42,84.52,84.02,84.3,29734.311
1779114000000,84.31,84.44,84.24,84.3,16836.834
1779114300000,84.3,84.44,84.2,84.23,10278.715
1779114600000,84.23,84.32,83.83,83.9,33784.251
1779114900000,83.9,84.25,83.75,84.18,24708.06
1779115200000,84.17,84.21,84.03,84.05,10557.677
1779115500000,84.05,84.06,83.72,83.94,12700.554
1779115800000,83.93,84.11,83.87,83.88,7284.088
1779116100000,83.88,83.99,83.8,83.98,10078.725
1779116400000,83.98,84.02,83.62,83.72,32125.824
1779116700000,83.71,83.9,83.64,83.75,10564.716
1779117000000,83.75,84.06,83.74,83.95,15690.743
1779117300000,83.95,83.98,83.71,83.75,11667.212
1779117600000,83.74,83.87,83.74,83.83,8308.811
1779117900000,83.84,84.0,83.71,83.74,9069.502
1779118200000,83.73,83.99,83.64,83.99,12644.025
1779118500000,83.99,84.12,83.98,83.99,14344.398
1779118800000,83.99,84.21,83.97,84.14,7853.973
1779119100000,84.14,84.21,84.11,84.12,4600.139
1779119400000,84.12,84.31,84.1,84.3,7532.295
1779119700000,84.3,84.4,84.17,84.2,7418.527
1779120000000,84.21,84.26,84.09,84.13,4214.399
1779120300000,84.13,84.21,84.08,84.18,6193.876
1779120600000,84.18,84.55,84.15,84.38,24376.029
1779120900000,84.38,84.49,84.36,84.42,5272.24
1779121200000,84.41,84.51,84.17,84.28,8938.087
1779121500000,84.28,84.28,84.01,84.08,11694.332
1779121800000,84.07,84.24,83.99,84.2,11326.75
1779122100000,84.19,84.4,84.19,84.3,10689.012
1779122400000,84.31,84.36,84.23,84.33,6240.101
1779122700000,84.34,84.48,84.33,84.35,8988.14
1779123000000,84.36,84.45,84.3,84.44,4831.054
1779123300000,84.44,84.5,84.33,84.33,7556.171
1779123600000,84.33,84.49,84.25,84.49,5247.956
1779123900000,84.49,84.7,84.45,84.51,7991.452
1779124200000,84.51,84.54,84.35,84.4,4734.84
1779124500000,84.41,84.57,84.41,84.52,7481.231
1779124800000,84.53,84.55,84.38,84.49,3967.846
1779125100000,84.49,84.49,84.4,84.45,3630.334
1779125400000,84.45,84.47,84.32,84.35,3060.469
1779125700000,84.35,84.37,84.27,84.33,2624.81
1779126000000,84.32,84.44,84.3,84.38,2666.53
1779126300000,84.38,84.46,84.3,84.35,3395.456
1779126600000,84.36,84.47,84.36,84.38,3449.955
1779126900000,84.38,84.42,84.32,84.41,3755.384
1779127200000,84.41,84.43,84.2,84.22,5560.392
1779127500000,84.22,84.23,84.01,84.1,7866.82
1779127800000,84.11,84.11,83.97,84.02,4157.066
1779128100000,84.02,84.02,83.77,83.83,6856.519
1779128400000,83.83,83.87,83.71,83.84,6072.942
1779128700000,83.84,83.88,83.5,83.83,30889.408
1779129000000,83.82,83.96,83.77,83.91,2725.093
1779129300000,83.92,83.99,83.8,83.83,12223.581
1779129600000,83.83,83.95,83.81,83.9,10680.984
1779129900000,83.9,83.98,83.79,83.84,7634.522
1779130200000,83.83,83.88,83.71,83.72,3382.592
1779130500000,83.71,83.85,83.51,83.53,14889.458
1779130800000,83.53,84.95,83.51,84.67,52209.873
1779131100000,84.67,84.79,84.31,84.59,14185.024
1779131400000,84.6,84.71,84.54,84.61,15941.772
1779131700000,84.61,84.68,84.47,84.55,7577.943
1779132000000,84.54,84.68,84.45,84.46,12260.59
1779132300000,84.45,84.52,84.33,84.45,6618.016
1779132600000,84.45,84.65,84.43,84.53,6610.216
1779132900000,84.54,84.76,84.54,84.68,10526.649
1779133200000,84.69,84.95,84.67,84.88,11071.964
1779133500000,84.89,85.02,84.86,84.94,23902.22
1779133800000,84.95,85.23,84.93,85.05,13889.728
1779134100000,85.04,85.15,84.98,84.99,9267.002
1779134400000,85.0,85.23,85.0,85.07,15772.932
1779134700000,85.07,85.15,85.0,85.13,6935.366
1779135000000,85.13,85.33,85.13,85.24,7099.947
1779135300000,85.23,85.37,85.23,85.3,7334.108
1779135600000,85.29,85.36,85.22,85.36,7530.706
1779135900000,85.35,85.38,85.31,85.34,5815.353
1779136200000,85.35,85.41,85.23,85.25,7081.843
1779136500000,85.25,85.27,85.14,85.14,10649.193
1779136800000,85.14,85.15,85.02,85.06,3482.025
1779137100000,85.07,85.07,84.9,84.91,4622.847
1779137400000,84.91,84.97,84.85,84.96,3523.286
1779137700000,84.95,85.02,84.88,84.93,7040.614
1779138000000,84.93,84.97,84.79,84.89,8700.525
1779138300000,84.89,84.89,84.81,84.86,3700.514
1779138600000,84.86,85.15,84.82,85.08,7107.021
1779138900000,85.08,85.15,85.06,85.12,2721.215
1779139200000,85.13,85.21,85.12,85.14,6950.58
1779139500000,85.14,85.36,85.12,85.3,10111.355
1779139800000,85.31,85.67,85.31,85.46,15601.879
1779140100000,85.46,85.54,85.4,85.5,15396.593
1779140400000,85.5,85.57,85.44,85.54,8312.045
1779140700000,85.55,85.55,85.44,85.47,3186.976
1779141000000,85.48,85.59,85.47,85.56,2535.095
1779141300000,85.56,85.6,85.56,85.57,3517.446
1779141600000,85.58,85.62,85.46,85.49,12001.116
1779141900000,85.5,85.68,85.5,85.58,5520.11
1779142200000,85.58,85.66,85.54,85.63,6259.387
1779142500000,85.62,85.77,85.59,85.71,8862.185
1779142800000,85.71,85.75,85.63,85.68,3496.587
1779143100000,85.67,85.68,85.55,85.56,7007.695
1779143400000,85.56,85.6,85.52,85.52,7594.052
1779143700000,85.52,85.59,85.52,85.55,1541.556
1779144000000,85.55,85.55,85.36,85.41,4513.783
1779144300000,85.41,85.41,85.3,85.32,3215.628
1779144600000,85.32,85.38,85.27,85.35,4218.061
1779144900000,85.35,85.46,85.33,85.46,1962.522
1779145200000,85.45,85.64,85.44,85.55,4188.022
1779145500000,85.54,85.54,85.43,85.53,4657.858
1779145800000,85.54,85.55,85.47,85.47,1935.823
1779146100000,85.48,85.48,85.41,85.41,1973.89
1779146400000,85.41,85.52,85.38,85.5,2776.754
1779146700000,85.49,85.51,85.46,85.46,1226.468
1779147000000,85.46,85.48,85.36,85.39,2729.567
1779147300000,85.39,85.5,85.38,85.5,2048.43
1779147600000,85.5,85.55,85.47,85.55,2916.621
1779147900000,85.54,85.54,85.36,85.4,5180.804
1779148200000,85.39,85.4,85.26,85.3,2326.007
1779148500000,85.29,85.38,85.29,85.38,1339.229
1779148800000,85.38,85.45,85.34,85.34,7285.824
1779149100000,85.35,85.48,85.32,85.44,3363.003
1779149400000,85.45,85.61,85.45,85.52,4717.956
1779149700000,85.52,85.63,85.49,85.63,3016.59
1779150000000,85.63,85.97,85.62,85.79,12686.168
1779150300000,85.79,85.87,85.77,85.8,10584.15
1779150600000,85.81,85.86,85.74,85.75,14245.026
1779150900000,85.75,85.81,85.64,85.66,3920.172
1779151200000,85.66,85.66,85.58,85.64,13377.758
1779151500000,85.64,85.7,85.61,85.7,4666.442
1779151800000,85.69,85.79,85.59,85.6,4012.822
1779152100000,85.6,85.64,85.57,85.58,6947.725
1779152400000,85.58,85.58,85.44,85.51,8407.291
1779152700000,85.51,85.6,85.49,85.54,4509.035
1779153000000,85.54,85.58,85.46,85.5,2667.833
1779153300000,85.5,85.51,85.31,85.37,7426.48
1779153600000,85.36,85.38,85.22,85.24,4705.21
1779153900000,85.24,85.25,85.05,85.08,10311.661
1779154200000,85.08,85.27,85.0,85.26,10483.441
1779154500000,85.25,85.35,85.18,85.18,4544.765
1779154800000,85.17,85.29,85.14,85.23,3300.631
1779155100000,85.24,85.24,85.0,85.03,4594.845
1779155400000,85.02,85.09,85.0,85.02,3416.381
1779155700000,85.02,85.02,84.9,84.9,6939.753
1779156000000,84.9,84.99,84.62,84.71,11336.667
1779156300000,84.71,84.84,84.68,84.73,3231.85
1779156600000,84.74,84.87,84.74,84.87,7583.248
1779156900000,84.86,84.97,84.76,84.93,5530.572
1779157200000,84.94,85.3,84.93,85.28,7161.408
1779157500000,85.28,85.28,85.09,85.09,3616.725
1779157800000,85.09,85.1,84.97,84.97,3723.832
1779158100000,84.98,85.0,84.9,84.96,3484.534
1779158400000,84.96,84.98,84.9,84.94,2780.868
1779158700000,84.94,85.04,84.9,84.96,3510.288
1779159000000,84.97,84.97,84.81,84.84,3850.985
1779159300000,84.84,84.87,84.8,84.86,3720.536
1779159600000,84.85,84.85,84.73,84.81,3430.869
1779159900000,84.82,84.94,84.8,84.94,3942.368
1779160200000,84.94,85.01,84.88,85.0,4672.599
1779160500000,85.0,85.16,84.99,85.02,4263.019
1779160800000,85.02,85.05,84.96,84.99,3223.338
1779161100000,85.0,85.05,85.0,85.01,2020.562
1779161400000,85.02,85.12,85.02,85.11,1836.265
1779161700000,85.11,85.2,85.09,85.17,2552.311
1779162000000,85.18,85.22,85.13,85.2,2024.235
1779162300000,85.2,85.23,85.16,85.2,1112.28
1779162600000,85.19,85.23,85.12,85.14,2989.156
1779162900000,85.14,85.16,85.03,85.07,2461.758
1779163200000,85.08,85.15,85.0,85.13,5546.979
1779163500000,85.14,85.23,85.07,85.23,3387.012
1779163800000,85.23,85.31,85.22,85.24,1976.169
1779164100000,85.25,85.25,85.1,85.12,3157.794
1779164400000,85.12,85.18,84.95,84.99,3810.451
1779164700000,84.99,84.99,84.79,84.82,6509.447
1779165000000,84.83,84.97,84.8,84.94,3812.675
1779165300000,84.95,85.12,84.95,85.1,4536.072
1779165600000,85.1,85.18,85.09,85.11,3607.896
1779165900000,85.12,85.23,85.05,85.22,8301.266
1779166200000,85.23,85.25,85.18,85.21,2128.93
1779166500000,85.2,85.22,85.15,85.15,1361.985
1779166800000,85.15,85.18,85.06,85.11,3634.342
1779167100000,85.12,85.12,85.01,85.1,2297.908
1779167400000,85.1,85.12,84.92,84.98,3670.179
1779167700000,84.98,84.98,84.69,84.69,7307.54
1779168000000,84.7,84.74,84.48,84.5,29551.58
1779168300000,84.5,84.85,84.47,84.84,15174.404
1779168600000,84.83,85.02,84.79,84.96,6671.715
1779168900000,84.95,85.18,84.94,85.13,4931.139
1779169200000,85.12,85.27,85.12,85.13,7236.99
1779169500000,85.13,85.28,85.11,85.24,4039.638
1779169800000,85.24,85.28,85.19,85.19,2112.178
1779170100000,85.19,85.22,85.17,85.19,1599.984
1779170400000,85.18,85.24,85.12,85.24,2203.06
1779170700000,85.23,85.24,85.16,85.21,5135.231
1779171000000,85.22,85.31,85.18,85.29,2531.567
1779171300000,85.28,85.32,85.16,85.22,3353.484
1779171600000,85.22,85.3,85.22,85.24,1969.626
1779171900000,85.25,85.35,85.25,85.31,3621.969
1779172200000,85.3,85.42,85.29,85.39,3924.496
1779172500000,85.39,85.49,85.29,85.49,5629.096
1779172800000,85.49,85.6,85.46,85.58,5759.976
1779173100000,85.57,85.62,85.26,85.29,30528.697
1779173400000,85.3,85.36,85.24,85.27,7800.064
1779173700000,85.27,85.33,85.25,85.26,2475.235
1779174000000,85.27,85.27,85.13,85.2,3507.085
1779174300000,85.2,85.48,85.18,85.38,4700.357
1779174600000,85.39,85.4,85.28,85.4,3806.101
1779174900000,85.4,85.44,85.31,85.43,3827.27
1779175200000,85.44,85.49,85.36,85.36,4858.736
1779175500000,85.37,85.37,85.31,85.34,3709.765
1779175800000,85.35,85.44,85.33,85.44,3108.061
1779176100000,85.43,85.55,85.4,85.47,3481.442
1779176400000,85.48,85.55,85.44,85.5,3082.855
1779176700000,85.49,85.6,85.46,85.55,4401.498
1779177000000,85.55,85.64,85.46,85.48,5556.013
1779177300000,85.48,85.54,85.46,85.51,2869.563
1779177600000,85.51,85.51,85.32,85.35,6608.669
1779177900000,85.35,85.35,85.15,85.16,9865.683
1779178200000,85.16,85.19,85.04,85.18,13672.842
1779178500000,85.18,85.41,85.11,85.3,22856.878
1779178800000,85.31,85.35,85.16,85.2,3900.035
1779179100000,85.2,85.25,85.06,85.22,6110.97
1779179400000,85.22,85.36,85.17,85.33,4408.374
1779179700000,85.34,85.4,85.31,85.39,4538.579
1779180000000,85.39,85.59,85.39,85.4,4405.635
1779180300000,85.4,85.47,85.37,85.4,2600.595
1779180600000,85.39,85.42,85.34,85.36,1882.888
1779180900000,85.36,85.37,85.24,85.25,4423.663
1779181200000,85.24,85.31,85.14,85.25,4934.61
1779181500000,85.25,85.27,85.19,85.24,2579.981
1779181800000,85.25,85.28,85.19,85.21,1879.893
1779182100000,85.21,85.22,85.04,85.04,5053.689
1779182400000,85.05,85.05,84.88,84.94,16993.559
1779182700000,84.95,84.96,84.58,84.6,29288.947
1779183000000,84.6,84.75,84.5,84.58,16778.358
1779183300000,84.59,84.71,84.58,84.71,7354.008
1779183600000,84.7,84.79,84.67,84.75,5055.233
1779183900000,84.76,84.78,84.61,84.77,6462.034
1779184200000,84.78,84.84,84.7,84.75,8677.939
1779184500000,84.76,84.81,84.75,84.77,7727.551
1779184800000,84.76,84.77,84.64,84.67,4949.711
1779185100000,84.66,84.79,84.62,84.71,3164.002
1779185400000,84.71,84.75,84.65,84.69,1708.357
1779185700000,84.69,84.7,84.58,84.62,3421.038
1779186000000,84.62,84.67,84.57,84.63,2307.245
1779186300000,84.63,84.67,84.63,84.67,2250.098
1779186600000,84.68,84.88,84.67,84.78,3629.11
1779186900000,84.79,84.82,84.51,84.69,10199.409
1779187200000,84.7,84.7,84.42,84.45,8348.625
1779187500000,84.45,84.59,84.31,84.56,12050.928
1779187800000,84.56,84.65,84.56,84.62,3263.038
1779188100000,84.63,84.82,84.63,84.7,6149.367
1779188400000,84.71,84.77,84.68,84.68,9803.901
1779188700000,84.69,84.83,84.68,84.81,7352.245
1779189000000,84.82,84.82,84.66,84.73,4491.493
1779189300000,84.74,84.77,84.66,84.66,3796.776
1779189600000,84.66,84.67,84.5,84.53,4560.178
1779189900000,84.54,84.6,84.48,84.6,6966.015
1779190200000,84.6,84.62,84.56,84.59,2190.543
1779190500000,84.59,84.61,84.47,84.47,3225.445
1779190800000,84.47,84.47,84.27,84.29,5907.576
1779191100000,84.28,84.43,84.27,84.41,4575.538
1779191400000,84.42,84.53,84.39,84.47,6769.099
1779191700000,84.47,84.5,84.39,84.39,4052.446
1779192000000,84.39,84.51,84.3,84.42,4077.674
1779192300000,84.43,84.54,84.42,84.54,5213.909
1779192600000,84.54,84.57,84.47,84.56,6371.931
1779192900000,84.56,84.67,84.55,84.58,4836.507
1779193200000,84.58,84.64,84.58,84.63,2008.573
1779193500000,84.64,84.64,84.59,84.62,6879.528
1779193800000,84.61,84.72,84.61,84.67,2358.13
1779194100000,84.68,84.73,84.67,84.69,1419.832
1779194400000,84.7,84.79,84.67,84.74,3726.35
1779194700000,84.74,84.77,84.71,84.73,5021.377
1779195000000,84.73,84.79,84.71,84.78,3755.207
1779195300000,84.78,84.79,84.72,84.78,8219.652
1779195600000,84.78,84.9,84.77,84.8,5441.12
1779195900000,84.8,84.8,84.58,84.69,7689.5
1779196200000,84.69,84.76,84.61,84.71,7349.681
1779196500000,84.71,84.73,84.58,84.58,2337.05
1779196800000,84.57,84.67,84.42,84.61,9449.344
1779197100000,84.61,84.61,84.39,84.41,5542.082
1779197400000,84.41,84.86,84.41,84.85,13945.865
1779197700000,84.84,85.1,84.79,84.89,14284.344
1779198000000,84.88,84.89,84.61,84.64,5724.181
1779198300000,84.63,84.93,84.62,84.82,14793.281
1779198600000,84.82,85.01,84.77,85.0,6699.399
1779198900000,85.01,85.07,84.78,84.8,8494.504
1779199200000,84.8,84.94,84.57,84.92,15348.508
1779199500000,84.92,84.94,84.47,84.52,17659.258
1779199800000,84.52,84.66,84.38,84.4,15318.879
1779200100000,84.4,84.45,84.21,84.33,15411.86
1779200400000,84.33,84.34,84.08,84.24,23438.125
1779200700000,84.23,84.43,84.17,84.28,9908.621
1779201000000,84.28,84.3,84.07,84.11,9935.487
1779201300000,84.11,84.37,84.1,84.34,11307.878
1779201600000,84.33,84.45,84.24,84.27,8929.189
1779201900000,84.26,84.31,83.7,83.96,26363.954
1779202200000,83.97,84.02,83.91,83.99,11512.893
1779202500000,83.99,84.19,83.99,84.11,9277.645
1779202800000,84.12,84.36,84.03,84.35,13333.987
1779203100000,84.35,84.35,84.15,84.24,4380.809
1779203400000,84.24,84.34,84.22,84.34,3323.245
1779203700000,84.34,84.47,84.3,84.31,8570.046
1779204000000,84.3,84.32,84.07,84.08,4651.67
1779204300000,84.07,84.23,84.06,84.23,9626.925
1779204600000,84.22,84.58,84.21,84.47,10031.311
1779204900000,84.46,84.52,84.35,84.51,6543.947
1779205200000,84.5,84.5,84.3,84.32,3934.535
1779205500000,84.33,84.36,84.24,84.32,3153.057
1779205800000,84.32,84.46,84.31,84.33,3322.084
1779206100000,84.32,84.37,84.21,84.37,3638.014
1779206400000,84.38,84.44,84.34,84.36,3206.422
1779206700000,84.36,84.36,84.17,84.17,6442.755
1779207000000,84.17,84.26,84.15,84.21,3221.524
1779207300000,84.22,84.4,84.22,84.32,5604.357
1779207600000,84.32,84.39,84.27,84.34,4013.586
1779207900000,84.35,84.41,84.34,84.39,2273.228
1779208200000,84.38,84.67,84.38,84.66,5938.952
1779208500000,84.67,84.72,84.57,84.63,4881.157
1779208800000,84.63,84.74,84.63,84.73,6112.09
1779209100000,84.74,84.8,84.71,84.71,4787.398
1779209400000,84.72,84.87,84.67,84.83,4564.118
1779209700000,84.82,84.91,84.77,84.85,4903.048
1779210000000,84.85,84.97,84.83,84.97,9825.951
1779210300000,84.96,84.96,84.78,84.8,6056.951
1779210600000,84.8,84.82,84.72,84.8,4279.435
1779210900000,84.8,85.04,84.78,84.93,11419.288
1779211200000,84.93,84.96,84.82,84.83,2360.571
1779211500000,84.84,84.84,84.69,84.72,3837.537
1779211800000,84.73,84.73,84.56,84.56,4294.785
1779212100000,84.56,84.8,84.53,84.77,4918.528
1779212400000,84.77,84.82,84.64,84.67,4421.669
1779212700000,84.67,84.68,84.47,84.59,4189.25
1779213000000,84.58,84.63,84.56,84.59,1176.177
1779213300000,84.59,84.71,84.59,84.68,2354.453
1779213600000,84.68,84.69,84.58,84.61,1411.346
1779213900000,84.62,84.8,84.62,84.76,1899.001
1779214200000,84.76,84.79,84.7,84.74,2885.499
1779214500000,84.73,84.74,84.67,84.74,2753.495
1779214800000,84.73,84.76,84.5,84.52,8376.61
1779215100000,84.53,84.56,84.41,84.42,3076.701
1779215400000,84.42,84.47,84.25,84.4,6697.336
1779215700000,84.41,84.49,84.4,84.48,8125.088
1779216000000,84.48,84.49,84.41,84.46,1975.626
1779216300000,84.47,84.52,84.44,84.51,1409.771
1779216600000,84.51,84.52,84.43,84.44,1991.396
1779216900000,84.44,84.44,84.3,84.37,5521.74
1779217200000,84.37,84.48,84.36,84.42,3870.697
1779217500000,84.41,84.64,84.41,84.61,3300.709
1779217800000,84.6,84.72,84.57,84.71,3219.45
1779218100000,84.71,84.74,84.52,84.56,3184.141
1779218400000,84.56,84.57,84.4,84.41,3019.8
1779218700000,84.4,84.42,84.24,84.31,3022.855
1779219000000,84.3,84.46,84.22,84.41,6644.733
1779219300000,84.41,84.51,84.4,84.48,2010.008
1779219600000,84.47,84.51,84.39,84.47,14825.181
1779219900000,84.48,84.5,84.37,84.45,7026.174
1779220200000,84.45,84.46,84.33,84.33,3926.126
1779220500000,84.32,84.38,84.29,84.35,1617.481
1779220800000,84.36,84.43,84.32,84.32,2761.386
1779221100000,84.32,84.42,84.3,84.41,3806.546
1779221400000,84.42,84.51,84.42,84.45,2505.656
1779221700000,84.44,84.51,84.42,84.45,4403.003
1779222000000,84.44,84.47,84.4,84.41,2885.452
1779222300000,84.41,84.43,84.37,84.4,8536.083
1779222600000,84.4,84.46,84.38,84.43,7967.172
1779222900000,84.42,84.53,84.32,84.44,33470.824
1779223200000,84.44,84.46,84.42,84.45,2986.011
1779223500000,84.46,84.57,84.45,84.52,9218.232
1779223800000,84.52,84.56,84.49,84.55,1856.919
1779224100000,84.54,84.58,84.51,84.51,5970.304
1779224400000,84.52,84.53,84.39,84.43,7752.22
1779224700000,84.43,84.46,84.42,84.45,1112.108
1779225000000,84.45,84.66,84.44,84.59,10616.075
1779225300000,84.6,84.64,84.53,84.54,2388.863
1779225600000,84.54,84.61,84.53,84.61,1636.344
1779225900000,84.61,84.63,84.52,84.55,4242.689
1779226200000,84.55,84.63,84.55,84.62,1241.711
1779226500000,84.62,84.63,84.57,84.59,1491.257
1779226800000,84.59,84.62,84.55,84.58,3850.119
1779227100000,84.58,84.59,84.51,84.52,2389.431
1779227400000,84.52,84.61,84.51,84.56,3369.409
1779227700000,84.56,84.57,84.43,84.44,2740.336
1779228000000,84.43,84.43,84.23,84.3,10445.556
1779228300000,84.29,84.35,84.26,84.29,1821.006
1779228600000,84.3,84.34,84.26,84.29,2603.436
1779228900000,84.29,84.29,84.14,84.23,7722.151
1779229200000,84.24,84.27,84.11,84.11,2984.735
1779229500000,84.12,84.14,84.05,84.1,8655.268
1779229800000,84.1,84.24,84.0,84.22,5310.206
1779230100000,84.22,84.22,84.11,84.14,2034.691
1779230400000,84.14,84.22,84.13,84.18,1716.812
1779230700000,84.18,84.2,84.11,84.17,2690.814
1779231000000,84.18,84.18,84.11,84.15,1945.005
1779231300000,84.16,84.19,84.1,84.1,1874.755
1779231600000,84.1,84.17,84.03,84.15,3804.913
1779231900000,84.14,84.23,84.11,84.23,1795.27
1779232200000,84.23,84.33,84.23,84.25,1380.039
1779232500000,84.25,84.37,84.22,84.35,1934.781
1779232800000,84.34,84.44,84.33,84.42,2264.498
1779233100000,84.43,84.47,84.41,84.47,1025.367
1779233400000,84.46,84.59,84.4,84.58,5922.639
1779233700000,84.59,84.59,84.47,84.51,1773.064
1779234000000,84.5,84.5,84.42,84.44,1037.558
1779234300000,84.45,84.47,84.34,84.39,2027.264
1779234600000,84.39,84.4,84.3,84.3,2022.331
1779234900000,84.3,84.3,84.24,84.29,1971.214
1779235200000,84.3,84.39,84.23,84.35,6635.8
1779235500000,84.35,84.35,84.19,84.22,4817.69
1779235800000,84.22,84.23,84.0,84.01,7880.852
1779236100000,84.0,84.19,83.92,84.02,21186.649
1779236400000,84.03,84.08,83.95,84.01,2677.301
1779236700000,84.02,84.17,84.01,84.17,3529.14
1779237000000,84.17,84.41,84.08,84.17,6966.4
1779237300000,84.18,84.24,84.09,84.12,4565.14
1779237600000,84.13,84.22,84.1,84.2,3787.129
1779237900000,84.2,84.26,84.16,84.25,3591.165
1779238200000,84.25,84.28,84.15,84.23,2728.774
1779238500000,84.23,84.26,84.2,84.23,1730.88
1779238800000,84.23,84.26,84.1,84.22,4327.161
1779239100000,84.22,84.33,84.12,84.32,2893.401
1779239400000,84.31,84.47,84.3,84.38,5442.852
1779239700000,84.37,84.38,84.27,84.34,2804.228
1779240000000,84.35,84.38,84.21,84.22,4934.689
1779240300000,84.22,84.24,83.86,83.89,7653.984
1779240600000,83.88,84.07,83.87,83.97,4918.156
1779240900000,83.96,84.06,83.85,84.06,6156.133
1779241200000,84.05,84.05,83.91,84.01,3287.034
1779241500000,84.01,84.19,83.95,84.18,4126.238
1779241800000,84.18,84.54,84.18,84.32,13812.188
1779242100000,84.32,84.41,84.3,84.36,2454.747
1779242400000,84.36,84.42,84.29,84.36,2504.801
1779242700000,84.36,84.41,84.34,84.34,3674.394
1779243000000,84.33,84.39,84.19,84.29,7203.997
1779243300000,84.3,84.36,84.22,84.3,2432.516
1779243600000,84.29,84.49,84.29,84.44,4451.167
1779243900000,84.43,84.45,84.27,84.28,2178.874
1779244200000,84.27,84.28,84.05,84.24,5223.509
1779244500000,84.23,84.23,84.11,84.12,4648.475
1779244800000,84.13,84.16,84.07,84.07,2248.656
1779245100000,84.07,84.18,84.06,84.08,2040.333
1779245400000,84.08,84.08,83.93,83.99,10391.629
1779245700000,83.99,84.03,83.95,83.99,2267.147
1779246000000,83.99,83.99,83.86,83.92,3134.939
1779246300000,83.92,84.03,83.92,84.02,2266.204
1779246600000,84.02,84.04,83.97,84.02,1323.706
1779246900000,84.01,84.12,84.01,84.11,1320.067
1779247200000,84.1,84.18,84.06,84.08,2111.278
1779247500000,84.07,84.28,84.06,84.24,2821.801
1779247800000,84.25,84.26,84.13,84.21,4138.914
1779248100000,84.21,84.24,84.17,84.22,2129.625
1779248400000,84.21,84.22,84.12,84.14,1945.757
1779248700000,84.15,84.15,84.02,84.05,1654.622
1779249000000,84.04,84.1,84.03,84.08,625.896
1779249300000,84.09,84.13,84.08,84.1,1362.265
1779249600000,84.1,84.2,84.09,84.12,2837.144
1779249900000,84.13,84.2,84.13,84.18,1910.659
1779250200000,84.19,84.2,84.03,84.19,3432.472
1779250500000,84.19,84.23,84.13,84.13,1109.872
1779250800000,84.13,84.14,84.08,84.11,1985.563
1779251100000,84.1,84.17,84.07,84.08,2662.085
1779251400000,84.08,84.11,84.03,84.06,4868.018
1779251700000,84.06,84.06,83.88,84.02,4469.645
1779252000000,84.02,84.07,84.01,84.02,1939.759
1779252300000,84.01,84.12,84.01,84.08,2302.431
1779252600000,84.09,84.18,84.08,84.18,1978.992
1779252900000,84.18,84.23,84.15,84.23,1352.928
1779253200000,84.23,84.4,84.22,84.37,9404.94
1779253500000,84.38,84.63,84.34,84.62,10770.268
1779253800000,84.63,84.79,84.56,84.78,14325.465
1779254100000,84.78,84.8,84.57,84.71,7911.528
1779254400000,84.72,84.75,84.64,84.7,5574.791
1779254700000,84.7,84.72,84.65,84.71,2944.993
1779255000000,84.71,84.95,84.71,84.79,11501.255
1779255300000,84.8,84.92,84.8,84.92,6124.235
1779255600000,84.92,84.95,84.8,84.8,9099.374
1779255900000,84.8,84.84,84.72,84.75,5684.547
1779256200000,84.75,84.8,84.72,84.78,4384.337
1779256500000,84.78,84.82,84.74,84.78,4228.97
1779256800000,84.77,84.88,84.77,84.81,7301.023
1779257100000,84.81,84.89,84.79,84.87,8570.259
1779257400000,84.88,84.89,84.85,84.88,1659.424
1779257700000,84.88,84.96,84.86,84.95,5080.266
1779258000000,84.95,84.99,84.9,84.97,5225.912
1779258300000,84.97,84.97,84.83,84.86,2891.711
1779258600000,84.87,84.91,84.81,84.84,2193.541
1779258900000,84.84,84.89,84.72,84.87,5282.078
1779259200000,84.87,84.94,84.79,84.94,14345.61
1779259500000,84.94,84.97,84.83,84.97,3859.643
1779259800000,84.96,85.02,84.94,84.97,7557.837
1779260100000,84.98,85.02,84.97,84.99,3432.555
1779260400000,84.99,85.01,84.83,84.88,9891.792
1779260700000,84.87,84.93,84.83,84.93,3190.345
1779261000000,84.93,84.97,84.9,84.91,3083.765
1779261300000,84.9,84.91,84.86,84.91,2288.851
1779261600000,84.91,85.13,84.9,85.12,8705.647
1779261900000,85.13,85.13,84.95,85.02,5322.054
1779262200000,85.02,85.03,84.92,84.97,4120.446
1779262500000,84.96,84.97,84.92,84.94,3139.617
1779262800000,84.93,84.99,84.89,84.9,3532.794
1779263100000,84.9,84.9,84.76,84.77,2665.613
1779263400000,84.78,84.8,84.7,84.8,3463.663
1779263700000,84.8,84.81,84.75,84.77,3520.005
1779264000000,84.76,84.84,84.75,84.83,2509.925
1779264300000,84.83,84.92,84.74,84.75,6737.689
1779264600000,84.75,84.83,84.72,84.82,3680.208
1779264900000,84.82,84.88,84.81,84.87,3924.568
1779265200000,84.88,84.89,84.74,84.84,3385.063
1779265500000,84.84,84.86,84.8,84.86,2630.961
1779265800000,84.87,84.98,84.87,84.98,4662.029
1779266100000,84.97,85.19,84.95,85.15,10244.414
1779266400000,85.14,85.15,85.0,85.09,8721.994
1779266700000,85.08,85.09,85.0,85.0,3145.208
1779267000000,85.01,85.04,84.97,85.02,3153.406
1779267300000,85.01,85.02,84.98,84.98,2565.847
1779267600000,84.99,85.1,84.96,85.05,14217.773
1779267900000,85.04,85.04,84.92,84.97,3411.18
1779268200000,84.97,85.01,84.92,84.98,6709.208
1779268500000,84.97,84.98,84.88,84.95,2840.975
1779268800000,84.96,85.0,84.95,84.98,2831.754
1779269100000,84.98,85.05,84.96,85.04,3900.884
1779269400000,85.04,85.09,85.0,85.01,3269.155
1779269700000,85.02,85.06,84.98,85.04,2859.896
1779270000000,85.03,85.07,84.97,84.98,2970.369
1779270300000,84.98,84.98,84.9,84.92,2773.765
1779270600000,84.91,84.95,84.85,84.91,4791.332
1779270900000,84.91,84.95,84.85,84.9,2835.97
1779271200000,84.89,85.03,84.88,84.95,2693.638
1779271500000,84.96,85.03,84.94,84.97,2166.552
1779271800000,84.96,84.96,84.9,84.96,4366.941
1779272100000,84.97,84.99,84.95,84.97,2015.881
1779272400000,84.97,85.05,84.97,85.04,6475.556
1779272700000,85.05,85.05,84.98,85.04,5823.1
1779273000000,85.04,85.15,85.02,85.15,4407.299
1779273300000,85.15,85.21,85.08,85.09,3969.253
1779273600000,85.08,85.09,85.01,85.07,4897.476
1779273900000,85.07,85.12,85.01,85.01,8313.077
1779274200000,85.01,85.05,84.98,85.05,2193.961
1779274500000,85.05,85.05,84.96,84.98,2048.006
1779274800000,84.98,85.01,84.92,84.96,4359.536
1779275100000,84.96,85.05,84.96,84.99,4444.82
1779275400000,84.99,85.06,84.95,84.96,5367.479
1779275700000,84.96,85.0,84.94,84.94,3012.002
1779276000000,84.94,84.95,84.88,84.91,9514.542
1779276300000,84.9,84.9,84.82,84.83,4022.16
1779276600000,84.84,84.9,84.8,84.9,4244.904
1779276900000,84.9,84.92,84.84,84.88,3460.068
1779277200000,84.87,84.88,84.73,84.76,6038.774
1779277500000,84.76,84.8,84.67,84.67,7709.655
1779277800000,84.67,84.7,84.58,84.7,6321.696
1779278100000,84.69,84.72,84.66,84.7,3427.21
1779278400000,84.7,84.82,84.62,84.82,4110.213
1779278700000,84.82,84.85,84.79,84.8,3734.021
1779279000000,84.81,84.81,84.76,84.78,2305.419
1779279300000,84.77,84.82,84.76,84.76,2185.19
1779279600000,84.76,84.76,84.63,84.73,3853.92
1779279900000,84.73,84.88,84.73,84.86,4590.723
1779280200000,84.86,85.05,84.86,85.03,4119.075
1779280500000,85.03,85.04,84.98,85.03,2812.982
1779280800000,85.02,85.04,84.98,84.99,6125.349
1779281100000,85.0,85.12,84.99,85.09,13885.03
1779281400000,85.09,85.13,84.99,85.12,5267.653
1779281700000,85.13,85.33,85.08,85.1,8210.228
1779282000000,85.1,85.15,85.04,85.08,5268.426
1779282300000,85.08,85.08,84.99,85.02,3874.109
1779282600000,85.02,85.02,84.92,84.93,3498.203
1779282900000,84.93,84.94,84.83,84.9,4266.381
1779283200000,84.91,84.99,84.88,84.94,3554.846
1779283500000,84.93,84.93,84.7,84.76,4579.343
1779283800000,84.76,84.83,84.67,84.76,7913.355
1779284100000,84.75,84.75,84.19,84.4,23321.252
1779284400000,84.4,84.52,84.3,84.5,14866.081
1779284700000,84.5,84.8,84.48,84.64,12480.171
1779285000000,84.63,84.74,84.56,84.61,8736.914
1779285300000,84.61,84.69,84.49,84.69,4774.747
1779285600000,84.69,84.8,84.68,84.7,4318.621
1779285900000,84.71,84.72,84.57,84.6,8076.694
1779286200000,84.59,84.79,84.33,84.66,18299.717
1779286500000,84.66,85.32,84.65,85.14,23618.524
1779286800000,85.14,85.25,84.96,85.0,21552.691
1779287100000,85.0,85.16,84.93,85.12,6552.53
1779287400000,85.13,85.6,85.13,85.38,58319.534
1779287700000,85.39,85.43,85.24,85.38,11816.847
1779288000000,85.38,85.58,85.35,85.57,16280.256
1779288300000,85.58,85.74,85.55,85.68,35938.387
1779288600000,85.69,86.16,85.61,86.05,48266.805
1779288900000,86.05,86.07,85.84,85.86,19030.173
1779289200000,85.85,85.93,85.55,85.56,14306.313
1779289500000,85.57,85.66,85.51,85.63,8136.021
1779289800000,85.63,85.64,85.43,85.45,9355.711
1779290100000,85.45,86.27,85.45,86.02,59018.149
1779290400000,86.03,86.21,85.96,85.99,13067.441
1779290700000,85.99,86.09,85.78,85.99,15282.326
1779291000000,86.0,86.06,85.85,85.95,9671.153
1779291300000,85.94,86.01,85.83,85.83,8624.384
1779291600000,85.83,85.84,85.68,85.78,12846.41
1779291900000,85.78,86.06,85.78,86.02,18255.171
1779292200000,86.03,86.05,85.89,85.91,6775.634
1779292500000,85.91,86.02,85.8,85.92,10736.146
1779292800000,85.92,86.18,85.92,86.09,17568.733
1779293100000,86.1,86.46,86.1,86.41,23426.802
1779293400000,86.41,86.46,86.3,86.3,12543.83
1779293700000,86.3,86.33,86.04,86.15,17912.14
1779294000000,86.14,86.14,85.76,85.85,33492.422
1779294300000,85.85,85.85,85.54,85.67,11060.633
1779294600000,85.66,85.86,85.61,85.85,9469.36
1779294900000,85.84,86.1,85.77,86.05,10643.188
1779295200000,86.05,86.23,86.01,86.19,8470.103
1779295500000,86.2,86.83,86.14,86.79,179810.505
1779295800000,86.78,86.85,86.44,86.47,23830.955
1779296100000,86.48,86.53,86.37,86.49,9672.071
1779296400000,86.49,86.56,86.32,86.32,13405.118
1779296700000,86.33,86.46,86.33,86.38,4889.984
1779297000000,86.39,86.65,86.34,86.54,16030.436
1779297300000,86.55,86.72,86.44,86.68,9767.701
1779297600000,86.67,86.75,86.63,86.69,20444.85
1779297900000,86.69,86.89,86.67,86.79,18984.872
1779298200000,86.79,86.85,86.7,86.8,8153.727
1779298500000,86.8,87.09,86.78,86.86,32080.257
1779298800000,86.86,86.88,86.75,86.85,5432.654
1779299100000,86.86,86.9,86.66,86.75,5773.416
1779299400000,86.75,86.75,86.52,86.52,5745.375
1779299700000,86.53,86.54,86.5,86.52,9337.711
1779300000000,86.52,86.58,86.35,86.52,10005.708
1779300300000,86.51,86.52,86.41,86.47,4507.145
1779300600000,86.48,86.49,86.38,86.4,7372.169
1779300900000,86.41,86.52,86.4,86.47,4725.355
1779301200000,86.48,86.51,86.3,86.33,12927.645
1779301500000,86.32,86.34,86.04,86.07,46200.797
1779301800000,86.06,86.15,86.04,86.14,4812.266
1779302100000,86.13,86.17,86.04,86.07,14740.153
1779302400000,86.07,86.07,85.92,85.96,17369.0
1779302700000,85.96,85.98,85.53,85.8,57754.641
1779303000000,85.8,85.84,85.76,85.77,7865.281
1779303300000,85.77,85.84,85.76,85.83,5224.546
1779303600000,85.83,85.85,85.64,85.64,5084.932
1779303900000,85.64,85.87,85.61,85.87,8972.119
1779304200000,85.87,85.9,85.81,85.81,3397.862
1779304500000,85.81,86.05,85.79,86.04,4159.145
1779304800000,86.03,86.12,86.01,86.07,4021.694
1779305100000,86.07,86.21,86.07,86.2,6307.053
1779305400000,86.2,86.28,86.13,86.16,6312.447
1779305700000,86.16,86.29,86.08,86.19,9396.407
1779306000000,86.19,86.26,86.13,86.15,3195.302
1779306300000,86.15,86.23,86.12,86.16,3566.11
1779306600000,86.16,86.2,86.06,86.19,4478.806
1779306900000,86.2,86.26,86.15,86.16,6480.594
1779307200000,86.16,86.17,85.95,86.01,9305.349
1779307500000,86.01,86.06,85.96,86.06,3035.41
1779307800000,86.06,86.24,86.06,86.21,3276.382
1779308100000,86.21,86.21,85.86,85.96,9714.184
1779308400000,85.96,85.96,85.55,85.83,18857.195
1779308700000,85.82,85.97,85.77,85.97,6716.917
1779309000000,85.96,86.0,85.81,85.83,3211.304
1779309300000,85.84,85.9,85.81,85.86,1889.555
1779309600000,85.86,86.07,85.86,86.02,9050.204
1779309900000,86.02,86.15,85.96,86.1,5992.712
1779310200000,86.1,86.16,86.07,86.11,2246.207
1779310500000,86.11,86.23,86.11,86.18,4859.415
1779310800000,86.17,86.23,86.06,86.21,3914.812
1779311100000,86.22,86.22,86.17,86.19,2934.788
1779311400000,86.2,86.33,86.18,86.29,5081.654
1779311700000,86.29,86.32,86.14,86.15,3181.791
1779312000000,86.14,86.16,86.06,86.15,2537.946
1779312300000,86.16,86.18,86.0,86.0,2482.211
1779312600000,86.0,86.06,85.95,86.05,4752.795
1779312900000,86.04,86.13,86.04,86.13,4460.146
1779313200000,86.12,86.21,86.11,86.15,10047.655
1779313500000,86.16,86.21,86.13,86.17,2656.174
1779313800000,86.17,86.21,86.14,86.15,3913.583
1779314100000,86.15,86.16,85.96,85.99,8868.898
1779314400000,85.98,85.98,85.76,85.89,12499.533
1779314700000,85.9,85.94,85.7,85.73,17638.249
1779315000000,85.73,85.82,85.66,85.8,17651.714
1779315300000,85.8,85.84,85.64,85.66,25379.398
1779315600000,85.66,85.92,85.64,85.91,14311.298
1779315900000,85.91,86.12,85.89,86.12,13864.255
1779316200000,86.12,86.24,86.1,86.13,6521.519
1779316500000,86.13,86.14,85.95,85.95,6890.117
1779316800000,85.95,86.04,85.92,86.02,4573.674
1779317100000,86.02,86.14,86.0,86.14,4836.133
1779317400000,86.14,86.15,85.98,86.02,3631.446
1779317700000,86.03,86.09,86.02,86.04,2306.856
1779318000000,86.03,86.03,85.93,85.95,5492.279
1779318300000,85.94,86.06,85.92,86.02,6587.599
1779318600000,86.02,86.02,85.92,85.98,7347.663
1779318900000,85.98,86.01,85.9,85.99,4985.335
1779319200000,85.99,86.01,85.88,85.88,1914.881
1779319500000,85.88,85.98,85.88,85.96,1846.612
1779319800000,85.96,85.99,85.9,85.99,2029.889
1779320100000,85.99,86.11,85.96,86.04,3601.06
1779320400000,86.03,86.07,85.98,86.04,3325.858
1779320700000,86.03,86.14,85.99,86.1,5538.05
1779321000000,86.09,86.11,86.02,86.11,3204.179
1779321300000,86.11,86.18,86.09,86.17,2680.081
1779321600000,86.17,86.27,86.11,86.26,6769.142
1779321900000,86.27,86.31,86.13,86.28,6972.489
1779322200000,86.28,86.36,86.27,86.34,5366.686
1779322500000,86.34,86.45,86.23,86.28,7415.809
1779322800000,86.28,86.34,86.2,86.33,3710.933
1779323100000,86.34,86.38,86.29,86.37,6103.657
1779323400000,86.38,86.46,86.32,86.46,4376.399
1779323700000,86.45,86.53,86.4,86.49,6656.552
1779324000000,86.49,86.54,86.44,86.54,1887.609
1779324300000,86.54,86.74,86.53,86.72,18554.372
1779324600000,86.72,86.83,86.64,86.77,11065.326
1779324900000,86.77,86.77,86.6,86.64,7541.621
1779325200000,86.64,86.67,86.58,86.65,5175.461
1779325500000,86.65,86.69,86.5,86.66,8685.617
1779325800000,86.67,86.88,86.65,86.88,8362.058
1779326100000,86.88,87.06,86.55,86.55,20524.398
1779326400000,86.54,86.6,86.5,86.55,6579.905
1779326700000,86.54,86.56,86.47,86.53,4373.94
1779327000000,86.52,86.57,86.45,86.56,7344.446
1779327300000,86.56,86.61,86.39,86.52,17392.376
1779327600000,86.52,86.65,86.5,86.55,3617.148
1779327900000,86.54,86.71,86.54,86.66,4450.856
1779328200000,86.65,86.67,86.45,86.48,2857.272
1779328500000,86.49,86.57,86.48,86.54,2013.591
1779328800000,86.54,86.6,86.53,86.57,4247.265
1779329100000,86.57,86.57,86.44,86.48,2701.269
1779329400000,86.49,86.54,86.48,86.51,2504.998
1779329700000,86.52,86.75,86.48,86.75,2499.929
1779330000000,86.74,86.88,86.71,86.72,9079.519
1779330300000,86.72,86.79,86.7,86.73,3959.111
1779330600000,86.73,86.75,86.67,86.7,2173.755
1779330900000,86.7,86.83,86.68,86.76,6727.75
1779331200000,86.75,86.78,86.7,86.75,5604.568
1779331500000,86.74,86.74,86.65,86.67,3988.762
1779331800000,86.66,86.76,86.63,86.64,4698.96
1779332100000,86.64,86.67,86.6,86.61,3715.495
1779332400000,86.61,86.62,86.54,86.55,5294.506
1779332700000,86.55,86.65,86.54,86.64,5570.697
1779333000000,86.64,86.72,86.62,86.64,2496.81
1779333300000,86.64,86.64,86.54,86.6,3653.802
1779333600000,86.61,86.78,86.61,86.76,9859.443
1779333900000,86.75,86.82,86.74,86.78,5855.822
1779334200000,86.79,86.83,86.77,86.79,2796.057
1779334500000,86.8,86.81,86.76,86.8,2998.437
1779334800000,86.8,86.8,86.76,86.78,1588.823
1779335100000,86.77,86.81,86.7,86.7,3353.889
1779335400000,86.71,86.83,86.7,86.81,24699.817
1779335700000,86.81,86.91,86.8,86.85,6249.594
1779336000000,86.85,86.93,86.84,86.9,3634.936
1779336300000,86.9,87.22,86.84,87.0,32663.226
1779336600000,86.99,87.01,86.86,86.87,4949.579
1779336900000,86.87,87.03,86.86,86.89,8477.891
1779337200000,86.9,87.0,86.87,86.98,5919.915
1779337500000,86.98,87.04,86.91,86.94,2695.212
1779337800000,86.95,86.99,86.82,86.84,9870.529
1779338100000,86.85,86.98,86.76,86.98,16207.994
1779338400000,86.97,87.02,86.97,87.0,4830.363
1779338700000,86.99,87.08,86.95,87.06,14648.737
1779339000000,87.05,87.13,87.02,87.03,10489.527
1779339300000,87.02,87.19,86.97,86.98,33411.649
1779339600000,86.98,87.11,86.94,87.09,8054.488
1779339900000,87.09,87.09,86.91,86.92,5430.281
1779340200000,86.92,86.93,86.76,86.79,6388.454
1779340500000,86.78,86.85,86.74,86.84,2491.205
1779340800000,86.83,86.88,86.71,86.72,4031.564
1779341100000,86.72,86.73,86.63,86.64,3004.666
1779341400000,86.64,86.69,86.57,86.67,3626.803
1779341700000,86.67,86.69,86.63,86.65,1916.459
1779342000000,86.66,86.69,86.6,86.63,2248.118
1779342300000,86.63,86.64,86.36,86.45,10372.577
1779342600000,86.45,86.58,86.42,86.52,17356.588
1779342900000,86.51,86.51,86.44,86.51,4546.557
1779343200000,86.51,86.56,86.44,86.52,1982.698
1779343500000,86.52,86.56,86.32,86.35,5108.996
1779343800000,86.35,86.43,86.32,86.39,5770.944
1779344100000,86.39,86.41,86.27,86.29,2819.159
1779344400000,86.29,86.51,86.29,86.44,6681.744
1779344700000,86.43,86.62,86.37,86.48,8355.529
1779345000000,86.48,86.59,86.47,86.53,3097.172
1779345300000,86.52,86.53,86.43,86.46,2772.824
1779345600000,86.46,86.46,86.29,86.33,4440.734
1779345900000,86.34,86.35,86.2,86.28,5633.691
1779346200000,86.28,86.41,86.24,86.31,13968.543
1779346500000,86.3,86.31,86.24,86.31,4473.652
1779346800000,86.31,86.4,86.26,86.26,4766.478
1779347100000,86.27,86.47,86.27,86.39,11367.204
1779347400000,86.38,86.43,86.34,86.4,3250.524
1779347700000,86.41,86.44,86.32,86.4,3839.336
1779348000000,86.39,86.44,86.36,86.43,2069.521
1779348300000,86.42,86.53,86.42,86.48,7108.014
1779348600000,86.48,86.58,86.47,86.56,2554.72
1779348900000,86.57,86.61,86.55,86.59,1729.875
1779349200000,86.59,86.63,86.57,86.6,1862.382
1779349500000,86.59,86.65,86.57,86.65,2470.072
1779349800000,86.65,86.67,86.62,86.67,1662.545
1779350100000,86.67,86.73,86.64,86.64,5873.414
1779350400000,86.64,86.9,86.63,86.87,6431.585
1779350700000,86.88,87.1,86.85,87.0,16944.653
1779351000000,86.99,87.15,86.93,87.12,8303.538
1779351300000,87.12,87.27,86.98,86.98,14895.495
1779351600000,86.97,87.03,86.89,86.97,8468.472
1779351900000,86.97,87.08,86.87,87.05,8372.043
1779352200000,87.05,87.05,86.79,86.84,8481.171
1779352500000,86.83,86.93,86.78,86.83,6990.746
1779352800000,86.83,86.88,86.82,86.86,1663.881
1779353100000,86.87,86.87,86.76,86.79,5603.09
1779353400000,86.78,86.79,86.71,86.74,3840.932
1779353700000,86.73,86.99,86.73,86.86,12197.316
1779354000000,86.86,86.97,86.83,86.97,5775.061
1779354300000,86.97,87.06,86.87,86.91,10903.421
1779354600000,86.91,86.93,86.8,86.89,18670.525
1779354900000,86.88,86.94,86.81,86.85,3697.086
1779355200000,86.85,86.97,86.84,86.92,1930.607
1779355500000,86.92,86.96,86.87,86.87,3385.436
1779355800000,86.86,86.91,86.63,86.64,5397.45
1779356100000,86.63,86.69,86.47,86.48,5164.291
1779356400000,86.48,86.57,86.48,86.5,3783.459
1779356700000,86.5,86.58,86.49,86.55,2222.661
1779357000000,86.55,86.56,86.46,86.52,5091.846
1779357300000,86.52,86.57,86.49,86.5,2468.892
1779357600000,86.49,86.56,86.46,86.54,2693.588
1779357900000,86.54,86.57,86.5,86.56,3664.139
1779358200000,86.57,86.6,86.54,86.6,5977.524
1779358500000,86.6,86.68,86.58,86.64,6793.544
1779358800000,86.63,86.65,86.57,86.61,1698.888
1779359100000,86.61,86.62,85.74,85.99,38352.652
1779359400000,85.98,86.1,85.71,86.04,45614.27
1779359700000,86.04,86.11,85.87,85.87,11126.349
1779360000000,85.87,86.0,85.86,85.99,12794.744
1779360300000,85.98,86.02,85.86,85.98,10905.494
1779360600000,85.98,85.99,85.8,85.94,9345.42
1779360900000,85.94,85.96,85.72,85.74,10130.996
1779361200000,85.75,85.87,85.62,85.81,9976.813
1779361500000,85.81,85.82,85.73,85.8,6545.154
1779361800000,85.8,85.9,85.8,85.88,5934.162
1779362100000,85.88,85.94,85.82,85.83,7310.473
1779362400000,85.83,85.91,85.75,85.8,12346.473
1779362700000,85.81,85.84,85.75,85.84,6202.464
1779363000000,85.83,85.92,85.78,85.79,4536.636
1779363300000,85.8,85.82,85.7,85.77,8271.753
1779363600000,85.77,85.82,85.7,85.75,9144.106
1779363900000,85.75,85.75,85.67,85.68,7832.398
1779364200000,85.68,85.72,85.63,85.65,6582.97
1779364500000,85.65,85.66,85.57,85.58,10413.096
1779364800000,85.58,85.72,85.56,85.71,8033.479
1779365100000,85.71,85.71,85.54,85.65,12295.356
1779365400000,85.64,85.65,85.5,85.59,6771.926
1779365700000,85.59,85.68,85.57,85.68,8118.705
1779366000000,85.68,85.68,85.54,85.58,4348.126
1779366300000,85.59,85.66,85.52,85.53,6397.47
1779366600000,85.53,85.77,85.42,85.75,17228.611
1779366900000,85.75,85.85,85.68,85.8,5802.5
1779367200000,85.8,85.81,85.68,85.7,4991.667
1779367500000,85.71,85.83,85.7,85.76,5583.212
1779367800000,85.76,85.82,85.7,85.8,4167.27
1779368100000,85.8,85.84,85.74,85.75,4502.477
1779368400000,85.75,85.93,85.7,85.89,8497.404
1779368700000,85.89,85.98,85.85,85.98,9000.854
1779369000000,85.98,86.0,85.93,85.94,8954.954
1779369300000,85.94,85.97,85.86,85.93,5904.189
1779369600000,85.93,86.09,85.91,86.04,8369.41
1779369900000,86.05,86.08,85.98,86.07,4764.1
1779370200000,86.08,86.09,85.67,85.87,17469.358
1779370500000,85.87,85.88,85.44,85.51,26621.955
1779370800000,85.5,85.65,85.32,85.37,16587.774
1779371100000,85.38,85.69,85.37,85.45,15655.564
1779371400000,85.45,85.99,85.45,85.9,23857.942
1779371700000,85.9,86.13,85.9,86.07,16583.169
1779372000000,86.07,86.45,86.03,86.38,37392.152
1779372300000,86.37,86.4,85.96,86.13,16646.397
1779372600000,86.14,86.17,85.91,86.03,16415.982
1779372900000,86.03,86.03,85.76,85.83,12919.549
1779373200000,85.82,85.92,85.62,85.88,12744.046
1779373500000,85.87,86.04,85.86,85.99,6797.149
1779373800000,86.0,86.26,86.0,86.19,12163.748
1779374100000,86.19,86.47,86.18,86.37,26047.221
1779374400000,86.37,86.4,85.95,86.02,30071.579
1779374700000,86.02,86.08,85.8,85.89,10732.579
1779375000000,85.9,86.07,85.81,86.01,13083.224
1779375300000,86.01,86.1,85.95,86.01,5865.276
1779375600000,86.01,86.13,85.98,86.12,10806.158
1779375900000,86.11,86.12,85.9,86.04,12063.6
1779376200000,86.03,86.54,85.98,86.36,23326.057
1779376500000,86.36,86.69,86.36,86.66,20069.948
1779376800000,86.66,86.82,86.6,86.68,19629.329
1779377100000,86.67,86.9,86.65,86.81,18250.065
1779377400000,86.82,86.87,86.39,86.45,21976.301
1779377700000,86.45,86.6,86.42,86.48,22105.193
1779378000000,86.49,86.59,86.43,86.44,17069.313
1779378300000,86.45,86.75,86.45,86.58,11568.126
1779378600000,86.59,86.65,86.32,86.32,8330.734
1779378900000,86.32,86.51,86.32,86.46,5471.565
1779379200000,86.46,86.59,86.41,86.47,10453.85
1779379500000,86.47,86.56,86.44,86.56,6277.184
1779379800000,86.56,86.59,86.29,86.34,18507.911
1779380100000,86.34,86.37,86.17,86.27,9530.731
1779380400000,86.28,86.33,86.21,86.26,4848.705
1779380700000,86.25,86.34,86.13,86.31,4504.825
1779381000000,86.3,86.52,86.29,86.39,4983.242
1779381300000,86.4,86.4,86.12,86.18,9563.572
1779381600000,86.19,86.22,86.1,86.15,3581.211
1779381900000,86.15,86.21,86.08,86.14,3415.444
1779382200000,86.13,86.26,86.04,86.23,5274.404
1779382500000,86.23,86.28,86.22,86.26,3283.817
1779382800000,86.27,86.4,86.25,86.26,6482.513
1779383100000,86.26,86.28,86.18,86.26,3334.695
1779383400000,86.25,86.83,86.25,86.71,25756.946
1779383700000,86.72,87.22,86.67,87.04,34301.063
1779384000000,87.04,87.6,87.04,87.59,88496.889
1779384300000,87.59,88.0,87.59,87.82,84409.539
1779384600000,87.81,88.0,87.53,87.61,34982.658
1779384900000,87.61,87.7,87.58,87.59,12903.141
1779385200000,87.59,87.72,87.36,87.58,53896.277
1779385500000,87.58,87.63,87.38,87.58,24166.574
1779385800000,87.58,87.91,87.54,87.85,20185.776
1779386100000,87.85,87.97,87.57,87.59,23980.453
1779386400000,87.59,87.75,87.41,87.41,22583.495
1779386700000,87.41,87.59,87.34,87.55,17731.799
1779387000000,87.55,87.55,87.38,87.52,9636.6
1779387300000,87.53,87.66,87.41,87.64,6542.808
1779387600000,87.64,87.75,87.57,87.75,8290.181
1779387900000,87.74,87.79,87.56,87.56,8543.123
1779388200000,87.56,87.66,87.52,87.61,4606.576
1779388500000,87.62,87.64,87.54,87.55,3603.721
1779388800000,87.56,87.69,87.55,87.6,5885.212
1779389100000,87.6,87.62,87.11,87.14,17332.037
1779389400000,87.13,87.29,86.83,86.83,25662.554
1779389700000,86.83,87.08,86.78,87.07,12949.015
1779390000000,87.07,87.28,87.07,87.21,9112.045
1779390300000,87.2,87.47,87.2,87.47,9539.785
1779390600000,87.48,87.58,87.43,87.46,9621.885
1779390900000,87.46,87.55,87.37,87.55,5208.162
1779391200000,87.55,87.56,87.44,87.47,3979.937
1779391500000,87.47,87.55,87.38,87.43,7035.144
1779391800000,87.44,87.53,87.43,87.5,5096.153
1779392100000,87.51,87.67,87.51,87.6,3581.181
1779392400000,87.6,87.65,87.52,87.55,6118.429
1779392700000,87.55,87.66,87.5,87.6,4039.586
1779393000000,87.6,87.84,87.6,87.7,16569.66
1779393300000,87.7,87.88,87.66,87.83,21514.682
1779393600000,87.83,87.92,87.72,87.76,6746.177
1779393900000,87.75,87.9,87.72,87.89,3495.86
1779394200000,87.89,87.9,87.76,87.8,8205.589
1779394500000,87.81,87.85,87.69,87.78,9396.201
1779394800000,87.78,87.79,87.74,87.75,3143.174
1779395100000,87.74,87.8,87.66,87.69,3766.788
1779395400000,87.68,87.77,87.68,87.77,3734.602
1779395700000,87.76,87.81,87.6,87.6,2809.026
1779396000000,87.61,87.65,87.57,87.65,2277.799
1779396300000,87.65,87.8,87.65,87.74,4206.047
1779396600000,87.74,87.76,87.49,87.54,6490.728
1779396900000,87.54,87.57,87.53,87.55,4609.468
1779397200000,87.56,87.71,87.56,87.58,4334.465
1779397500000,87.59,87.65,87.58,87.65,5196.934
1779397800000,87.65,87.68,87.53,87.55,3859.979
1779398100000,87.55,87.59,87.49,87.5,5376.16
1779398400000,87.5,87.56,87.49,87.56,2057.196
1779398700000,87.55,87.55,87.46,87.49,3502.805
1779399000000,87.49,87.53,87.31,87.5,19272.078
1779399300000,87.5,87.55,87.46,87.47,6667.912
1779399600000,87.47,87.47,87.38,87.39,9080.785
1779399900000,87.39,87.45,87.33,87.36,4779.819
1779400200000,87.36,87.51,87.36,87.43,4828.218
1779400500000,87.43,87.43,87.33,87.35,2716.276
1779400800000,87.35,87.48,87.25,87.42,8370.319
1779401100000,87.42,87.5,87.38,87.43,6079.953
1779401400000,87.43,87.43,87.31,87.34,2025.242
1779401700000,87.35,87.35,87.24,87.32,4730.694
1779402000000,87.31,87.32,87.25,87.3,1175.358
1779402300000,87.29,87.39,87.29,87.38,2676.978
1779402600000,87.38,87.42,87.3,87.3,2331.7
1779402900000,87.3,87.31,87.13,87.13,3470.462
1779403200000,87.14,87.31,87.14,87.28,3095.35
1779403500000,87.28,87.32,87.24,87.26,2317.425
1779403800000,87.25,87.26,87.2,87.22,1011.389
1779404100000,87.21,87.23,87.18,87.19,2540.635
1779404400000,87.19,87.27,87.13,87.23,1907.019
1779404700000,87.23,87.32,87.22,87.31,1995.105
1779405000000,87.31,87.31,87.06,87.08,3409.222
1779405300000,87.07,87.14,87.02,87.13,4200.783
1779405600000,87.13,87.14,87.06,87.1,1670.743
1779405900000,87.11,87.19,87.1,87.15,1488.442
1779406200000,87.15,87.25,87.11,87.25,1995.97
1779406500000,87.25,87.33,87.22,87.29,6915.516
1779406800000,87.28,87.38,87.27,87.28,4356.717
1779407100000,87.28,87.3,87.25,87.3,1199.77
1779407400000,87.3,87.36,87.26,87.28,4077.75
1779407700000,87.28,87.37,87.2,87.36,6845.726
1779408000000,87.35,87.36,87.21,87.21,6323.707
1779408300000,87.21,87.22,87.15,87.18,3773.537
1779408600000,87.17,87.18,87.04,87.08,3374.651
1779408900000,87.07,87.22,87.06,87.08,2507.818
1779409200000,87.09,87.2,87.04,87.11,2894.726
1779409500000,87.12,87.14,87.01,87.01,1966.618
1779409800000,87.02,87.19,87.02,87.1,3045.58
1779410100000,87.09,87.15,86.94,86.94,3665.016
1779410400000,86.94,87.01,86.89,86.98,3008.976
1779410700000,86.97,87.06,86.89,86.94,3280.846
1779411000000,86.94,86.97,86.86,86.86,1921.879
1779411300000,86.86,86.94,86.81,86.85,5995.313
1779411600000,86.84,86.9,86.71,86.73,6290.432
1779411900000,86.73,86.79,86.73,86.79,5104.279
1779412200000,86.79,86.98,86.78,86.98,22172.606
1779412500000,86.98,86.98,86.82,86.93,5850.958
1779412800000,86.92,86.92,86.75,86.76,2501.944
1779413100000,86.76,86.87,86.76,86.81,2563.725
1779413400000,86.81,86.9,86.74,86.74,3818.139
1779413700000,86.75,86.75,86.59,86.72,9397.825
1779414000000,86.73,86.84,86.67,86.84,3428.258
1779414300000,86.83,87.06,86.83,87.0,4486.231
1779414600000,87.01,87.1,86.99,86.99,5134.025
1779414900000,87.0,87.08,86.99,87.08,3213.432
1779415200000,87.08,87.23,87.08,87.21,5615.812
1779415500000,87.22,87.22,87.12,87.18,2516.722
1779415800000,87.17,87.17,87.06,87.11,3175.987
1779416100000,87.12,87.19,87.09,87.13,9730.659
1779416400000,87.14,87.19,87.03,87.06,7506.962
1779416700000,87.06,87.08,86.99,87.07,1621.578
1779417000000,87.07,87.14,87.0,87.01,2539.787
1779417300000,87.01,87.09,86.99,87.08,1844.306
1779417600000,87.08,87.14,87.04,87.06,6252.827
1779417900000,87.05,87.26,87.05,87.1,12447.084
1779418200000,87.09,87.14,87.06,87.08,1834.349
1779418500000,87.09,87.23,87.07,87.17,3260.611
1779418800000,87.17,87.29,87.17,87.29,4877.274
1779419100000,87.28,87.31,87.16,87.18,2871.632
1779419400000,87.18,87.18,87.05,87.07,3188.406
1779419700000,87.08,87.13,86.92,86.96,4125.572
1779420000000,86.96,87.07,86.94,87.03,2438.555
1779420300000,87.02,87.03,86.97,87.03,2422.671
1779420600000,87.04,87.11,86.99,87.09,2555.773
1779420900000,87.09,87.09,86.99,87.04,4869.396
1779421200000,87.04,87.05,86.95,87.0,5253.579
1779421500000,87.0,87.01,86.97,87.01,843.943
1779421800000,87.02,87.06,86.98,87.01,2224.609
1779422100000,87.01,87.06,87.01,87.03,757.918
1779422400000,87.04,87.16,87.04,87.13,4080.538
1779422700000,87.12,87.24,87.12,87.22,3382.768
1779423000000,87.22,87.3,87.19,87.29,4046.972
1779423300000,87.3,87.38,87.22,87.25,5252.728
1779423600000,87.25,87.28,87.2,87.23,1757.987
1779423900000,87.23,87.26,87.17,87.22,1262.736
1779424200000,87.23,87.24,87.17,87.23,2292.655
1779424500000,87.23,87.24,87.09,87.09,2429.991
1779424800000,87.09,87.11,87.05,87.06,1589.798
1779425100000,87.06,87.06,86.93,86.93,5418.982
1779425400000,86.93,87.03,86.93,86.98,4099.357
1779425700000,86.97,87.01,86.96,86.98,2450.652
1779426000000,86.98,86.99,86.92,86.96,3869.697
1779426300000,86.96,87.08,86.96,87.07,1787.722
1779426600000,87.06,87.15,87.05,87.09,1686.829
1779426900000,87.08,87.14,87.08,87.1,1503.313
1779427200000,87.1,87.11,86.85,86.86,4035.641
1779427500000,86.85,86.95,86.85,86.95,2787.139
1779427800000,86.96,87.03,86.89,86.89,2740.75
1779428100000,86.9,86.95,86.85,86.88,2360.989
1779428400000,86.88,86.96,86.77,86.93,4293.955
1779428700000,86.94,87.05,86.93,87.04,1382.647
1779429000000,87.04,87.12,86.98,86.99,3075.462
1779429300000,86.99,86.99,86.73,86.81,5281.365
1779429600000,86.81,86.84,86.75,86.82,3107.504
1779429900000,86.83,86.83,86.64,86.79,5435.488
1779430200000,86.79,86.79,86.73,86.73,1734.064
1779430500000,86.73,86.74,86.67,86.72,3757.902
1779430800000,86.71,86.76,86.64,86.64,6374.868
1779431100000,86.64,86.64,86.52,86.59,7496.526
1779431400000,86.6,86.76,86.52,86.7,19223.683
1779431700000,86.71,86.78,86.68,86.76,2071.03
1779432000000,86.76,86.84,86.71,86.81,6998.502
1779432300000,86.81,86.84,86.73,86.83,6808.636
1779432600000,86.82,86.85,86.75,86.76,3541.625
1779432900000,86.77,86.8,86.65,86.71,5432.757
1779433200000,86.72,86.74,86.53,86.67,7415.581
1779433500000,86.66,86.71,86.55,86.64,6013.576
1779433800000,86.65,86.83,86.64,86.71,16413.082
1779434100000,86.71,86.94,86.71,86.94,8806.049
1779434400000,86.95,87.0,86.76,86.92,20747.644
1779434700000,86.92,87.04,86.92,87.0,6133.014
1779435000000,87.01,87.12,87.0,87.01,6232.749
1779435300000,87.01,87.08,87.01,87.03,9603.775
1779435600000,87.02,87.15,87.02,87.12,5883.703
1779435900000,87.11,87.12,87.04,87.06,2035.266
1779436200000,87.05,87.06,87.01,87.04,2329.707
1779436500000,87.04,87.06,86.96,86.97,4314.668
1779436800000,86.98,87.19,86.94,87.15,11734.802
1779437100000,87.14,87.14,87.02,87.07,4096.956
1779437400000,87.06,87.14,87.04,87.11,3723.035
1779437700000,87.11,87.45,87.11,87.41,11385.181
1779438000000,87.41,87.48,87.33,87.47,5091.454
1779438300000,87.46,87.49,87.41,87.48,4119.595
1779438600000,87.48,87.53,87.13,87.17,11873.266
1779438900000,87.16,87.16,86.87,87.15,21569.046
1779439200000,87.14,87.19,87.04,87.15,8933.978
1779439500000,87.15,87.19,87.05,87.13,8478.764
1779439800000,87.12,87.2,87.05,87.18,5389.804
1779440100000,87.18,87.27,87.12,87.14,4151.029
1779440400000,87.15,87.23,87.05,87.23,4453.353
1779440700000,87.23,87.23,87.1,87.18,4053.642
1779441000000,87.19,87.26,87.12,87.12,5554.22
1779441300000,87.13,87.19,87.05,87.16,8123.827
1779441600000,87.15,87.3,87.14,87.29,8303.087
1779441900000,87.28,87.28,87.16,87.2,9880.104
1779442200000,87.2,87.26,87.12,87.16,8091.464
1779442500000,87.16,87.25,87.07,87.24,5357.926
1779442800000,87.25,87.4,87.24,87.3,6415.06
1779443100000,87.29,87.32,87.15,87.25,5124.719
1779443400000,87.25,87.36,87.24,87.33,3995.923
1779443700000,87.32,87.36,87.25,87.27,2907.543
1779444000000,87.26,87.28,87.07,87.08,4535.371
1779444300000,87.08,87.22,87.07,87.18,3095.147
1779444600000,87.18,87.18,87.1,87.11,2981.075
1779444900000,87.1,87.1,86.89,86.94,8103.658
1779445200000,86.95,87.07,86.94,87.07,2824.494
1779445500000,87.07,87.09,87.02,87.03,3160.412
1779445800000,87.03,87.11,86.97,87.03,3277.318
1779446100000,87.03,87.09,86.99,87.08,3469.785
1779446400000,87.09,87.12,87.06,87.11,2687.75
1779446700000,87.1,87.11,87.03,87.05,2400.648
1779447000000,87.04,87.05,87.0,87.01,2283.398
1779447300000,87.02,87.02,86.95,86.99,2881.738
1779447600000,87.0,87.09,86.92,87.01,9888.855
1779447900000,87.01,87.04,86.95,86.97,3398.571
1779448200000,86.98,86.99,86.94,86.95,2216.889
1779448500000,86.95,86.96,86.78,86.78,3999.141
1779448800000,86.79,86.87,86.72,86.85,3224.936
1779449100000,86.84,86.94,86.83,86.87,4254.767
1779449400000,86.87,86.96,86.86,86.88,3421.332
1779449700000,86.89,87.04,86.88,86.99,3944.066
1779450000000,86.99,87.0,86.94,86.96,4607.979
1779450300000,86.96,87.22,86.95,87.17,9926.95
1779450600000,87.18,87.26,87.18,87.22,3640.816
1779450900000,87.22,87.33,87.17,87.32,4353.777
1779451200000,87.33,87.35,87.25,87.34,4851.243
1779451500000,87.33,87.4,87.31,87.37,5344.412
1779451800000,87.37,87.7,87.37,87.61,27325.257
1779452100000,87.62,87.69,87.51,87.61,11411.766
1779452400000,87.61,87.62,87.38,87.45,11056.071
1779452700000,87.46,87.46,87.36,87.39,3915.508
1779453000000,87.38,87.48,87.34,87.48,4229.615
1779453300000,87.47,87.53,87.4,87.52,6443.549
1779453600000,87.52,87.6,87.49,87.54,4676.04
1779453900000,87.54,87.66,87.54,87.65,4237.811
1779454200000,87.66,87.77,87.64,87.7,14210.526
1779454500000,87.69,87.76,87.58,87.76,10638.573
1779454800000,87.76,87.79,87.66,87.67,4629.542
1779455100000,87.67,87.8,87.6,87.8,9277.694
1779455400000,87.8,87.85,87.66,87.71,11773.995
1779455700000,87.71,87.77,87.62,87.63,4677.514
1779456000000,87.63,87.66,87.46,87.55,4565.226
1779456300000,87.55,87.55,87.41,87.42,3982.017
1779456600000,87.41,87.55,87.1,87.21,22625.765
1779456900000,87.21,87.41,87.19,87.39,9937.981
1779457200000,87.39,87.5,87.17,87.26,21047.037
1779457500000,87.27,87.4,87.15,87.25,7846.717
1779457800000,87.26,87.34,87.14,87.31,7281.344
1779458100000,87.31,87.4,87.25,87.4,5546.759
1779458400000,87.39,87.39,87.06,87.1,21130.387
1779458700000,87.11,87.11,86.8,87.03,18322.107
1779459000000,87.03,87.09,86.95,86.98,3797.271
1779459300000,86.98,87.02,86.65,86.71,13607.822
1779459600000,86.71,86.73,86.37,86.48,38177.348
1779459900000,86.49,86.73,86.46,86.63,10013.229
1779460200000,86.64,86.71,86.55,86.7,12478.48
1779460500000,86.71,86.78,86.64,86.77,9090.964
1779460800000,86.76,86.83,86.67,86.75,8953.177
1779461100000,86.75,86.76,86.63,86.64,7238.519
1779461400000,86.63,86.66,86.52,86.63,9239.898
1779461700000,86.63,86.7,86.56,86.62,9662.921
1779462000000,86.61,86.9,86.52,86.82,19614.268
1779462300000,86.81,86.9,86.76,86.82,6627.383
1779462600000,86.82,86.82,86.55,86.57,9602.983
1779462900000,86.56,86.72,86.56,86.69,4580.041
1779463200000,86.7,86.7,86.41,86.41,12337.539
1779463500000,86.41,86.74,86.27,86.74,12307.328
1779463800000,86.74,86.98,86.71,86.94,15796.477
1779464100000,86.94,86.96,86.73,86.74,10279.513
1779464400000,86.74,86.74,86.58,86.62,6774.664
1779464700000,86.62,86.7,86.58,86.68,4123.068
1779465000000,86.68,86.8,86.6,86.79,3737.755
1779465300000,86.8,86.85,86.76,86.77,2628.125
1779465600000,86.76,86.93,86.75,86.89,6397.865
1779465900000,86.89,86.9,86.72,86.74,4918.992
1779466200000,86.74,86.83,86.68,86.78,3448.563
1779466500000,86.78,86.79,86.66,86.72,5371.356
1779466800000,86.72,86.91,86.7,86.7,3532.499
1779467100000,86.7,86.8,86.68,86.8,5427.66
1779467400000,86.79,86.94,86.79,86.82,5202.541
1779467700000,86.82,86.88,86.73,86.82,4964.45
1779468000000,86.83,86.85,86.73,86.78,3426.569
1779468300000,86.78,86.93,86.78,86.89,3793.173
1779468600000,86.89,87.0,86.89,86.99,4712.545
1779468900000,86.99,87.0,86.83,86.92,8446.266
1779469200000,86.92,87.0,86.91,86.99,2947.834
1779469500000,86.99,87.02,86.85,86.91,9716.558
1779469800000,86.91,86.92,86.86,86.91,1910.085
1779470100000,86.9,86.99,86.7,86.7,9888.421
1779470400000,86.69,86.77,86.5,86.59,10291.599
1779470700000,86.59,87.02,86.58,87.02,15636.288
1779471000000,87.02,87.1,86.84,86.93,7642.685
1779471300000,86.93,87.04,86.93,87.04,3896.524
1779471600000,87.03,87.19,87.03,87.09,7326.166
1779471900000,87.08,87.09,86.82,86.85,5408.878
1779472200000,86.85,86.86,86.72,86.74,4382.349
1779472500000,86.75,86.75,86.62,86.63,7592.223
1779472800000,86.63,86.67,86.39,86.49,17520.114
1779473100000,86.49,86.54,86.46,86.48,3846.51
1779473400000,86.47,86.54,86.39,86.54,5347.716
1779473700000,86.53,86.65,86.47,86.61,3439.585
1779474000000,86.61,86.69,86.59,86.64,4233.021
1779474300000,86.63,86.65,86.48,86.51,2796.051
1779474600000,86.52,86.53,86.29,86.34,14037.697
1779474900000,86.33,86.34,85.8,86.01,40230.185
1779475200000,86.02,86.02,85.7,85.72,22850.524
1779475500000,85.71,85.73,84.62,85.12,90692.975
1779475800000,85.12,85.46,85.11,85.43,17093.33
1779476100000,85.44,85.53,85.35,85.46,6794.092
1779476400000,85.46,85.63,85.16,85.23,30708.838
1779476700000,85.22,85.23,84.99,85.02,21949.037
1779477000000,85.02,85.24,84.95,85.14,11261.935
1779477300000,85.14,85.25,85.03,85.24,10154.389
1779477600000,85.24,85.33,85.18,85.26,11115.41
1779477900000,85.26,85.29,84.85,84.99,10046.542
1779478200000,84.99,85.02,84.19,84.44,66507.293
1779478500000,84.44,84.62,84.35,84.38,15126.067
1779478800000,84.38,84.39,84.0,84.32,25054.323
1779479100000,84.32,84.46,84.17,84.28,23592.897
1779479400000,84.27,84.83,84.19,84.74,33280.528
1779479700000,84.75,84.84,84.53,84.55,23935.548
1779480000000,84.55,84.87,84.55,84.82,9545.324
1779480300000,84.82,85.02,84.81,84.94,7962.622
1779480600000,84.95,84.99,84.84,84.86,4016.887
1779480900000,84.87,84.97,84.76,84.83,7334.962
1779481200000,84.84,84.89,84.72,84.84,8746.009
1779481500000,84.85,84.92,84.78,84.86,12812.293
1779481800000,84.86,84.86,84.57,84.81,22314.564
1779482100000,84.81,84.87,84.75,84.86,4534.191
1779482400000,84.86,84.93,84.79,84.85,7569.34
1779482700000,84.84,84.99,84.75,84.98,5903.356
1779483000000,84.97,85.07,84.93,85.02,8059.171
1779483300000,85.03,85.04,84.9,85.0,3256.344
1779483600000,84.99,85.05,84.93,84.99,4007.033
1779483900000,84.98,85.02,84.93,84.97,2899.941
1779484200000,84.96,85.1,84.96,85.04,9358.302
1779484500000,85.03,85.1,84.96,85.08,6490.846
1779484800000,85.08,85.16,85.08,85.12,7382.469
1779485100000,85.12,85.21,85.1,85.17,6061.626
1779485400000,85.17,85.28,85.17,85.2,2243.966
1779485700000,85.19,85.23,85.13,85.15,4267.649
1779486000000,85.16,85.22,85.09,85.15,5591.913
1779486300000,85.14,85.28,85.14,85.26,2983.316
1779486600000,85.25,85.28,85.21,85.24,1013.228
1779486900000,85.24,85.25,85.15,85.17,2397.198
1779487200000,85.17,85.2,85.11,85.12,2460.399
1779487500000,85.12,85.15,85.07,85.12,2706.062
1779487800000,85.13,85.22,85.06,85.2,3732.976
1779488100000,85.2,85.21,85.05,85.06,3300.668
1779488400000,85.06,85.07,84.99,85.03,4216.688
1779488700000,85.03,85.03,84.95,84.99,4229.329
1779489000000,84.99,85.1,84.85,84.88,13145.493
1779489300000,84.88,84.97,84.87,84.95,3795.843
1779489600000,84.95,84.95,84.78,84.9,11920.014
1779489900000,84.9,85.0,84.89,85.0,2324.254
1779490200000,85.0,85.0,84.93,84.96,1655.807
1779490500000,84.96,84.97,84.94,84.96,2669.904
1779490800000,84.95,85.11,84.94,85.1,5731.306
1779491100000,85.1,85.13,85.07,85.12,3407.084
1779491400000,85.11,85.15,85.09,85.1,2373.72
1779491700000,85.11,85.13,84.91,84.92,2974.505
1779492000000,84.93,84.96,84.85,84.92,3575.421
1779492300000,84.92,84.92,84.7,84.7,3798.773
1779492600000,84.71,84.77,84.67,84.76,6570.0
1779492900000,84.75,84.88,84.75,84.87,4247.207
1779493200000,84.86,84.9,84.82,84.88,5051.531
1779493500000,84.87,84.87,84.0,84.23,70450.792
1779493800000,84.24,84.43,84.23,84.39,6297.561
1779494100000,84.39,84.45,84.33,84.4,8881.595
1779494400000,84.4,84.49,84.3,84.43,29076.971
1779494700000,84.43,84.55,84.42,84.49,14855.179
1779495000000,84.48,84.5,84.16,84.27,20975.583
1779495300000,84.27,84.37,84.18,84.29,9693.612
1779495600000,84.3,84.38,84.25,84.36,10706.272
1779495900000,84.36,84.39,84.24,84.39,14979.578
1779496200000,84.38,84.43,84.17,84.37,11193.968
1779496500000,84.38,84.38,84.24,84.31,6498.284
1779496800000,84.3,84.31,84.07,84.23,19220.345
1779497100000,84.22,84.37,84.21,84.36,6261.208
1779497400000,84.36,84.45,84.32,84.4,4891.226
1779497700000,84.39,84.48,84.38,84.44,4330.715
1779498000000,84.44,84.64,84.43,84.61,8390.196
1779498300000,84.6,84.6,84.52,84.57,2928.307
1779498600000,84.56,84.56,84.38,84.4,5667.196
1779498900000,84.41,84.44,84.32,84.43,4369.531
1779499200000,84.43,84.57,84.42,84.5,3253.442
1779499500000,84.5,84.58,84.5,84.58,1691.753
1779499800000,84.57,84.61,84.56,84.58,2242.061
1779500100000,84.58,84.65,84.56,84.62,2225.472
1779500400000,84.62,84.62,84.53,84.59,11119.66
1779500700000,84.6,84.6,84.44,84.57,4348.147
1779501000000,84.57,84.62,84.5,84.6,3800.167
1779501300000,84.6,84.6,84.5,84.53,2430.559
1779501600000,84.53,84.59,84.4,84.42,4935.258
1779501900000,84.42,84.51,84.42,84.45,2533.887
1779502200000,84.45,84.49,84.35,84.37,5581.381
1779502500000,84.37,84.46,84.24,84.29,5606.848
1779502800000,84.28,84.34,84.21,84.32,5376.032
1779503100000,84.33,84.34,84.29,84.33,1592.634
1779503400000,84.33,84.37,84.3,84.32,1972.362
1779503700000,84.32,84.39,84.3,84.37,3371.473
1779504000000,84.38,84.44,84.32,84.42,1577.462
1779504300000,84.42,84.47,84.39,84.47,1118.909
1779504600000,84.47,84.5,84.44,84.48,2027.541
1779504900000,84.48,84.86,84.45,84.54,35738.293
1779505200000,84.53,84.59,84.49,84.58,3472.789
1779505500000,84.59,84.61,84.57,84.59,1861.92
1779505800000,84.59,84.6,84.56,84.59,2325.508
1779506100000,84.59,84.6,84.52,84.55,3599.426
1779506400000,84.55,84.62,84.54,84.6,2765.95
1779506700000,84.6,84.64,84.59,84.62,2313.32
1779507000000,84.62,84.7,84.61,84.69,2743.6
1779507300000,84.68,84.72,84.67,84.72,1757.411
1779507600000,84.71,84.72,84.69,84.7,2718.394
1779507900000,84.69,84.72,84.67,84.69,2069.053
1779508200000,84.69,84.75,84.68,84.75,2659.626
1779508500000,84.74,84.75,84.63,84.68,4600.196
1779508800000,84.69,84.72,84.62,84.66,4855.09
1779509100000,84.67,84.68,84.65,84.67,1182.572
1779509400000,84.67,84.69,84.66,84.67,1963.067
1779509700000,84.68,84.68,84.55,84.57,3194.465
1779510000000,84.58,84.58,84.48,84.54,3689.021
1779510300000,84.55,84.56,84.5,84.54,3016.199
1779510600000,84.54,84.66,84.54,84.57,2822.393
1779510900000,84.57,84.57,84.43,84.46,7357.693
1779511200000,84.46,84.48,84.35,84.37,6351.524
1779511500000,84.38,84.46,84.38,84.44,2465.985
1779511800000,84.43,84.47,84.4,84.41,1633.223
1779512100000,84.41,84.46,84.39,84.42,3653.125
1779512400000,84.41,84.42,84.31,84.39,3657.652
1779512700000,84.39,84.44,84.33,84.35,3640.262
1779513000000,84.36,84.37,84.32,84.37,1300.269
1779513300000,84.37,84.47,84.36,84.37,4508.231
1779513600000,84.36,84.36,84.18,84.22,10969.064
1779513900000,84.23,84.31,84.23,84.23,4121.522
1779514200000,84.22,84.28,84.19,84.25,2408.004
1779514500000,84.25,84.36,84.24,84.36,3267.912
1779514800000,84.35,84.46,84.35,84.45,2401.125
1779515100000,84.44,84.47,84.37,84.4,3144.354
1779515400000,84.41,84.44,84.37,84.42,2690.146
1779515700000,84.41,84.46,84.4,84.46,1065.283
1779516000000,84.45,84.49,84.38,84.41,2521.767
1779516300000,84.42,84.49,84.42,84.47,1986.622
1779516600000,84.47,84.47,84.4,84.41,2664.333
1779516900000,84.41,84.47,84.41,84.46,1200.177
1779517200000,84.47,84.47,84.41,84.42,847.535
1779517500000,84.41,84.41,84.34,84.39,2994.981
1779517800000,84.39,84.49,84.38,84.42,3813.243
1779518100000,84.42,84.44,84.24,84.32,13790.733
1779518400000,84.32,84.37,84.32,84.33,2198.264
1779518700000,84.33,84.34,84.23,84.23,3874.575
1779519000000,84.24,84.25,84.2,84.21,3253.707
1779519300000,84.21,84.28,84.18,84.27,4550.255
1779519600000,84.27,84.33,84.2,84.23,3663.683
1779519900000,84.23,84.27,84.09,84.27,7670.708
1779520200000,84.26,84.28,84.2,84.25,2174.438
1779520500000,84.24,84.24,84.08,84.14,8839.139
1779520800000,84.14,84.18,84.03,84.17,4540.521
1779521100000,84.17,84.17,84.07,84.12,2570.852
1779521400000,84.13,84.13,83.82,84.01,30761.329
1779521700000,84.02,84.12,83.97,84.02,3529.016
1779522000000,84.02,84.02,83.82,83.9,8396.505
1779522300000,83.91,83.91,82.25,82.47,200398.438
1779522600000,82.47,82.61,81.5,81.97,226443.201
1779522900000,81.97,82.27,81.94,82.25,52134.454
1779523200000,82.25,82.28,81.91,82.06,36751.305
1779523500000,82.06,82.15,81.9,82.05,24854.558
1779523800000,82.05,82.29,81.97,82.0,29055.636
1779524100000,82.0,82.26,82.0,82.16,15781.098
1779524400000,82.15,82.36,82.06,82.35,24052.802
1779524700000,82.34,82.34,82.05,82.07,17393.375
1779525000000,82.07,82.08,81.99,82.05,13960.479
1779525300000,82.06,82.07,81.73,81.75,28168.908
1779525600000,81.76,81.88,81.63,81.87,25530.001
1779525900000,81.86,82.07,81.83,82.07,10848.109
1779526200000,82.07,82.13,82.03,82.03,8798.869
1779526500000,82.03,82.13,82.02,82.13,3968.824
1779526800000,82.13,82.25,82.03,82.15,11954.719
1779527100000,82.14,82.15,82.01,82.08,13068.229
1779527400000,82.08,82.14,82.05,82.08,4831.326
1779527700000,82.08,82.1,82.01,82.05,3283.895
1779528000000,82.04,82.12,82.03,82.09,3647.896
1779528300000,82.1,82.11,82.07,82.09,3466.155
1779528600000,82.1,82.13,82.08,82.12,3280.098
1779528900000,82.12,82.13,81.99,82.02,6828.039
1779529200000,82.02,82.14,82.01,82.11,8850.977
1779529500000,82.11,82.15,82.0,82.05,5132.441
1779529800000,82.05,82.08,82.01,82.02,3145.814
1779530100000,82.02,82.04,82.0,82.01,6375.372
1779530400000,82.01,82.14,82.01,82.11,11571.4
1779530700000,82.12,82.17,82.11,82.17,2389.468
1779531000000,82.17,82.28,82.17,82.28,4583.511
1779531300000,82.28,82.31,82.25,82.29,3758.023
1779531600000,82.29,82.29,82.22,82.22,3088.284
1779531900000,82.23,82.32,82.21,82.32,2415.314
1779532200000,82.32,82.36,82.25,82.36,3966.106
1779532500000,82.36,82.38,82.32,82.37,2694.085
1779532800000,82.38,82.38,82.29,82.34,4096.788
1779533100000,82.35,82.39,82.3,82.31,3155.269
1779533400000,82.31,82.35,82.24,82.24,8715.248
1779533700000,82.24,82.27,82.23,82.26,3509.338
1779534000000,82.27,82.32,82.26,82.3,5325.842
1779534300000,82.29,82.4,82.23,82.36,6628.114
1779534600000,82.36,82.38,82.33,82.35,4452.718
1779534900000,82.34,82.4,82.34,82.39,2186.729
1779535200000,82.4,82.47,82.4,82.44,2607.677
1779535500000,82.44,82.49,82.43,82.45,3232.798
1779535800000,82.44,82.47,82.41,82.45,2935.068
1779536100000,82.45,82.45,82.36,82.39,2923.892
1779536400000,82.39,82.39,82.35,82.36,2215.645
1779536700000,82.36,82.38,82.33,82.34,2839.134
1779537000000,82.33,82.35,82.31,82.35,2418.105
1779537300000,82.35,82.39,82.3,82.31,3336.456
1779537600000,82.3,82.35,82.24,82.28,5146.566
1779537900000,82.29,82.35,82.27,82.35,2416.453
1779538200000,82.34,82.35,82.24,82.29,4567.901
1779538500000,82.3,82.34,82.21,82.21,3112.988
1779538800000,82.22,82.28,82.15,82.28,4743.443
1779539100000,82.27,82.34,82.25,82.31,4296.918
1779539400000,82.3,82.36,82.3,82.32,3411.57
1779539700000,82.33,82.42,82.32,82.39,2239.384
1779540000000,82.38,82.4,82.32,82.34,2172.263
1779540300000,82.34,82.42,82.34,82.41,1565.475
1779540600000,82.41,82.54,82.37,82.47,9344.831
1779540900000,82.48,82.56,82.47,82.49,2748.879
1779541200000,82.5,82.91,82.49,82.89,53085.857
1779541500000,82.89,82.98,82.8,82.89,15792.683
1779541800000,82.89,82.9,82.81,82.89,6167.666
1779542100000,82.89,83.27,82.88,83.1,17913.936
1779542400000,83.11,83.28,83.09,83.21,6590.54
1779542700000,83.22,83.24,83.17,83.24,3660.963
1779543000000,83.23,83.32,83.13,83.14,11521.386
1779543300000,83.13,83.14,83.01,83.07,3701.164
1779543600000,83.08,83.1,83.01,83.1,2414.864
1779543900000,83.09,83.49,83.09,83.39,9421.955
1779544200000,83.39,83.4,83.2,83.31,5281.545
1779544500000,83.31,83.33,83.2,83.22,8571.022
1779544800000,83.23,83.29,83.14,83.16,4276.595
1779545100000,83.16,83.33,83.1,83.26,6102.057
1779545400000,83.27,83.37,83.25,83.32,4643.9
1779545700000,83.31,83.37,83.3,83.33,5908.584
1779546000000,83.33,83.56,83.31,83.53,7548.037
1779546300000,83.52,83.58,83.45,83.57,4895.702
1779546600000,83.56,83.74,83.49,83.68,15280.587
1779546900000,83.69,83.77,83.65,83.72,4812.783
1779547200000,83.73,83.99,83.69,83.95,10947.917
1779547500000,83.96,84.02,83.77,83.84,8654.683
1779547800000,83.84,83.97,83.84,83.96,9748.583
1779548100000,83.96,84.47,83.95,84.13,37259.062
1779548400000,84.14,84.23,84.01,84.13,12754.699
1779548700000,84.13,84.54,84.07,84.39,31382.894
1779549000000,84.4,84.49,84.34,84.41,6893.139
1779549300000,84.41,84.41,84.24,84.24,8071.787
1779549600000,84.23,84.23,84.09,84.16,5570.52
1779549900000,84.15,84.15,83.91,83.93,12608.206
1779550200000,83.93,83.95,83.66,83.66,9714.421
1779550500000,83.67,83.96,83.63,83.85,25964.701
1779550800000,83.85,83.93,83.82,83.88,4080.765
1779551100000,83.88,84.08,83.88,83.97,11328.714
1779551400000,83.97,84.09,83.96,84.03,5683.191
1779551700000,84.03,84.11,84.02,84.1,3302.273
1779552000000,84.09,84.23,84.04,84.22,9222.241
1779552300000,84.22,84.23,84.12,84.19,3501.332
1779552600000,84.19,84.25,83.95,84.03,25736.396
1779552900000,84.02,84.14,84.01,84.09,4376.46
1779553200000,84.09,84.11,83.96,83.96,4249.997
1779553500000,83.97,84.11,83.93,84.05,5184.084
1779553800000,84.06,84.13,84.04,84.06,2522.893
1779554100000,84.07,84.31,84.06,84.28,6614.008
1779554400000,84.28,84.29,84.15,84.16,2890.775
1779554700000,84.16,84.21,84.14,84.17,2771.004
1779555000000,84.18,84.24,84.1,84.1,2893.961
1779555300000,84.09,84.19,84.07,84.11,2535.792
1779555600000,84.11,84.27,84.11,84.14,5708.361
1779555900000,84.14,84.29,84.14,84.27,2794.919
1779556200000,84.28,84.28,84.19,84.27,3704.337
1779556500000,84.27,84.35,84.22,84.3,3368.703
1779556800000,84.3,84.3,84.14,84.17,4341.713
1779557100000,84.17,84.24,84.1,84.23,4045.001
1779557400000,84.23,84.27,84.19,84.19,2677.218
1779557700000,84.2,84.2,84.1,84.18,4385.655
1779558000000,84.17,84.17,84.06,84.14,5894.317
1779558300000,84.15,84.16,83.99,84.13,4087.539
1779558600000,84.13,84.26,84.12,84.22,3569.188
1779558900000,84.23,84.29,84.21,84.21,5264.801
1779559200000,84.22,84.3,84.17,84.3,2752.832
1779559500000,84.29,84.49,84.29,84.49,9819.288
1779559800000,84.5,84.9,84.39,84.8,33286.027
1779560100000,84.8,85.0,84.78,84.87,19162.38
1779560400000,84.86,85.03,84.81,84.83,20405.741
1779560700000,84.83,84.88,84.74,84.85,6380.888
1779561000000,84.86,85.14,84.86,84.94,8705.196
1779561300000,84.94,85.02,84.77,84.81,4023.239
1779561600000,84.82,84.92,84.82,84.85,4255.946
1779561900000,84.85,84.88,84.67,84.7,7395.86
1779562200000,84.69,84.77,84.68,84.74,2772.155
1779562500000,84.74,84.82,84.7,84.71,2270.614
1779562800000,84.72,84.79,84.63,84.73,4205.336
1779563100000,84.72,84.74,84.63,84.67,4672.425
1779563400000,84.68,84.71,84.62,84.7,2669.28
1779563700000,84.7,85.03,84.7,84.97,22788.356
1779564000000,84.97,85.04,84.87,84.91,7282.471
1779564300000,84.91,85.07,84.9,85.05,5184.862
1779564600000,85.06,85.11,84.91,85.0,6633.42
1779564900000,84.99,84.99,84.88,84.88,5985.122
1779565200000,84.89,84.91,84.75,84.83,7369.63
1779565500000,84.84,84.97,84.81,84.96,3711.147
1779565800000,84.96,84.97,84.85,84.9,3402.848
1779566100000,84.89,84.98,84.85,84.96,7011.543
1779566400000,84.97,85.01,84.9,84.96,12752.663
1779566700000,84.96,84.97,84.81,84.89,8425.931
1779567000000,84.88,85.09,84.88,84.95,9551.698
1779567300000,84.96,85.12,84.9,85.07,5675.919
1779567600000,85.07,85.14,84.88,84.94,10605.331
1779567900000,84.94,84.97,84.85,84.86,2798.463
1779568200000,84.87,85.49,84.8,85.37,21900.559
1779568500000,85.37,86.55,85.37,86.38,81832.803
1779568800000,86.39,86.68,86.32,86.44,48069.724
1779569100000,86.44,86.82,86.22,86.71,118591.594
1779569400000,86.72,86.8,86.5,86.7,50318.931
1779569700000,86.69,87.09,86.67,87.08,71724.79
1779570000000,87.08,87.5,86.66,86.88,50320.469
1779570300000,86.88,87.02,86.83,86.97,16669.417
1779570600000,86.96,86.99,86.65,86.66,18789.803
1779570900000,86.66,86.74,86.55,86.74,18061.026
1779571200000,86.74,86.87,86.65,86.65,13928.447
1779571500000,86.66,86.66,86.32,86.34,18095.885
1779571800000,86.33,86.41,86.0,86.39,25563.98
1779572100000,86.39,86.58,86.27,86.27,12402.636
1779572400000,86.26,86.32,86.16,86.29,9619.873
1779572700000,86.3,86.34,86.0,86.1,9735.21
1779573000000,86.1,86.27,86.07,86.23,5590.277
1779573300000,86.23,86.36,86.2,86.28,7468.625
1779573600000,86.28,86.61,86.28,86.55,9560.518
1779573900000,86.55,86.55,86.32,86.32,3466.137
1779574200000,86.32,86.33,86.26,86.27,3583.844
1779574500000,86.26,86.3,86.2,86.29,4594.297
1779574800000,86.28,86.3,86.1,86.11,4444.088
1779575100000,86.11,86.17,86.07,86.08,5018.465
1779575400000,86.08,86.14,85.92,86.06,12008.328
1779575700000,86.06,86.06,85.52,85.71,26306.088
1779576000000,85.72,85.96,85.71,85.84,12711.582
1779576300000,85.85,85.87,85.72,85.85,5061.977
1779576600000,85.85,85.89,85.79,85.84,3838.447
1779576900000,85.84,85.88,85.77,85.81,1986.033
1779577200000,85.81,85.81,85.7,85.72,6070.826
1779577500000,85.72,85.94,85.71,85.85,5910.531
1779577800000,85.85,85.88,85.77,85.8,3818.105
1779578100000,85.8,85.9,85.78,85.79,3949.468
1779578400000,85.8,85.83,85.73,85.75,22627.826
1779578700000,85.75,85.75,85.67,85.72,2600.145
1779579000000,85.71,85.87,85.71,85.83,2950.023
1779579300000,85.83,85.83,85.72,85.75,3786.823
1779579600000,85.75,85.78,85.72,85.75,2815.502
1779579900000,85.75,85.77,85.69,85.69,2869.814
1779580200000,85.69,85.76,85.67,85.74,2148.598
1779580500000,85.75,85.81,85.72,85.75,2949.54
1779580800000,85.76,85.84,85.67,85.67,4161.89
1779581100000,85.68,85.73,85.64,85.64,3266.619
1779581400000,85.64,85.72,85.64,85.69,1359.611
1779581700000,85.68,85.79,85.66,85.72,5942.175
1779582000000,85.73,85.77,85.62,85.63,2435.463
1779582300000,85.64,85.79,85.64,85.78,1915.37
1779582600000,85.78,85.92,85.76,85.85,4338.252
1779582900000,85.85,85.98,85.84,85.98,3998.187
1779583200000,85.98,86.03,85.85,85.85,6073.145
1779583500000,85.85,86.0,85.82,85.86,6224.598
1779583800000,85.86,85.87,85.78,85.8,3295.76
1779584100000,85.8,85.92,85.8,85.89,1715.596
1779584400000,85.89,86.02,85.88,86.0,4630.241
1779584700000,86.0,86.0,85.87,85.99,3242.849
1779585000000,85.98,86.02,85.93,85.99,1939.744
1779585300000,85.99,86.07,85.98,86.03,2523.095
1779585600000,86.03,86.11,86.02,86.07,4888.163
1779585900000,86.07,86.14,85.98,86.13,4493.411
1779586200000,86.12,86.22,85.96,86.22,12963.922
1779586500000,86.22,86.23,86.13,86.17,2827.115
1779586800000,86.17,86.17,85.97,85.99,4136.988
1779587100000,86.0,86.13,86.0,86.11,3970.477
1779587400000,86.11,86.13,86.03,86.03,1582.84
1779587700000,86.04,86.05,85.98,86.01,1962.227
1779588000000,86.02,86.1,86.0,86.01,2188.659
1779588300000,86.01,86.02,85.86,86.02,4818.393
1779588600000,86.01,86.09,86.01,86.08,2293.076
1779588900000,86.08,86.09,86.03,86.07,1063.205
1779589200000,86.06,86.11,85.81,85.82,4527.364
1779589500000,85.82,85.84,85.7,85.77,10076.195
1779589800000,85.78,85.84,85.75,85.8,2801.885
1779590100000,85.81,85.89,85.75,85.83,2589.029
1779590400000,85.83,85.92,85.83,85.9,1675.661
1779590700000,85.91,86.0,85.89,85.92,2441.366
1779591000000,85.92,86.03,85.9,85.98,1520.786
1779591300000,85.98,86.02,85.95,85.98,1785.338
1779591600000,85.99,86.13,85.91,86.13,3449.812
1779591900000,86.12,86.12,86.03,86.06,1526.915
1779592200000,86.06,86.08,85.91,85.92,4386.321
1779592500000,85.93,85.93,85.84,85.87,3396.747
1779592800000,85.86,85.91,85.82,85.87,1393.045
1779593100000,85.87,85.89,85.85,85.86,967.908
1779593400000,85.87,85.87,85.8,85.81,2381.74
1779593700000,85.81,85.81,85.67,85.68,3995.731
1779594000000,85.68,85.72,85.63,85.68,3514.918
1779594300000,85.68,85.82,85.68,85.81,3404.58
1779594600000,85.8,85.84,85.73,85.84,2483.673
1779594900000,85.83,85.87,85.78,85.81,6594.485
1779595200000,85.81,85.97,85.81,85.93,4436.052
1779595500000,85.92,85.92,85.81,85.81,1503.231
1779595800000,85.81,86.12,85.78,86.03,17177.988
1779596100000,86.03,86.07,86.0,86.04,2093.528
1779596400000,86.05,86.07,86.01,86.02,6570.443
1779596700000,86.02,86.02,85.95,86.0,1092.982
1779597000000,85.99,86.02,85.95,86.01,987.567
1779597300000,86.02,86.05,85.92,85.94,1563.05
1779597600000,85.94,86.0,85.93,85.99,1050.464
1779597900000,85.99,86.0,85.88,85.94,2253.701
1779598200000,85.95,86.02,85.94,86.02,1861.401
1779598500000,86.01,86.01,85.93,85.93,1986.212
1779598800000,85.94,85.95,85.88,85.95,1816.979
1779599100000,85.95,85.95,85.83,85.84,2016.721
1779599400000,85.84,85.86,85.75,85.86,2165.169
1779599700000,85.86,85.86,85.75,85.76,1473.611
1779600000000,85.77,85.79,85.71,85.76,1704.952
1779600300000,85.75,85.75,85.64,85.72,2063.016
1779600600000,85.71,85.77,85.69,85.73,1789.069
1779600900000,85.72,85.72,85.62,85.64,3363.873
1779601200000,85.64,85.74,85.58,85.67,4894.09
1779601500000,85.67,85.98,85.67,85.96,7942.572
1779601800000,85.96,86.09,85.96,86.09,25498.258
1779602100000,86.08,86.18,86.07,86.16,3566.66
1779602400000,86.16,86.21,86.09,86.1,4277.674
1779602700000,86.11,86.13,86.07,86.11,2018.685
1779603000000,86.11,86.14,86.08,86.1,1153.233
1779603300000,86.1,86.12,86.03,86.04,3866.379
1779603600000,86.03,86.08,85.97,85.98,1458.992
1779603900000,85.98,86.01,85.95,85.96,1892.927
1779604200000,85.96,86.0,85.93,85.94,2156.744
1779604500000,85.95,86.0,85.95,85.97,2082.649
1779604800000,85.97,86.13,85.96,86.12,3050.713
1779605100000,86.12,86.17,86.06,86.16,2143.905
1779605400000,86.16,86.45,86.16,86.34,8768.229
1779605700000,86.35,86.49,86.35,86.45,5542.664
1779606000000,86.46,86.7,86.35,86.63,14748.695
1779606300000,86.62,86.63,86.39,86.44,3886.932
1779606600000,86.43,86.44,86.32,86.33,2097.856
1779606900000,86.33,86.35,86.21,86.26,4883.864
1779607200000,86.26,86.26,86.19,86.21,1461.886
1779607500000,86.2,86.23,86.2,86.23,2344.896
1779607800000,86.22,86.27,86.17,86.27,4348.076
1779608100000,86.28,86.3,86.21,86.25,5515.64
1779608400000,86.25,86.25,86.23,86.23,1848.295
1779608700000,86.23,86.26,86.1,86.12,4806.717
1779609000000,86.11,86.17,86.04,86.06,14423.243
1779609300000,86.07,86.07,86.0,86.07,3607.762
1779609600000,86.07,86.14,86.05,86.05,4914.469
1779609900000,86.04,86.08,86.02,86.03,5935.048
1779610200000,86.04,86.05,86.01,86.05,1183.206
1779610500000,86.05,86.16,86.04,86.16,7551.681
1779610800000,86.16,86.31,86.16,86.29,2944.792
1779611100000,86.28,86.34,86.27,86.28,3204.745
1779611400000,86.28,86.38,86.27,86.31,3565.137
1779611700000,86.32,86.54,86.27,86.46,13749.471
1779612000000,86.46,86.46,86.37,86.37,2026.989
1779612300000,86.38,86.52,86.36,86.41,4146.564
1779612600000,86.4,86.43,86.38,86.4,2156.185
1779612900000,86.41,86.52,86.41,86.51,3133.192
1779613200000,86.51,86.54,86.37,86.48,8162.161
1779613500000,86.48,86.55,86.42,86.53,4865.633
1779613800000,86.53,86.57,86.51,86.53,4379.955
1779614100000,86.52,86.65,86.51,86.54,17209.166
1779614400000,86.54,87.0,86.52,86.93,41743.617
1779614700000,86.93,86.96,86.6,86.66,14063.9
1779615000000,86.65,86.67,86.56,86.63,6135.407
1779615300000,86.62,86.77,86.62,86.64,5465.215
1779615600000,86.64,86.72,86.63,86.67,3499.011
1779615900000,86.67,86.67,86.53,86.57,3889.714
1779616200000,86.56,86.64,86.56,86.6,1700.808
1779616500000,86.61,86.61,86.55,86.55,1970.325
1779616800000,86.55,86.56,86.36,86.41,7394.57
1779617100000,86.4,86.47,86.36,86.38,10941.636
1779617400000,86.37,86.37,86.24,86.31,4818.204
1779617700000,86.31,86.36,86.26,86.32,2406.662
1779618000000,86.32,86.33,86.25,86.28,2016.427
1779618300000,86.27,86.73,86.26,86.43,26162.815
1779618600000,86.43,86.46,86.28,86.42,10716.23
1779618900000,86.41,86.52,86.26,86.38,26513.745
1779619200000,86.38,86.39,86.34,86.38,2898.697
1779619500000,86.37,86.38,86.3,86.35,2882.384
1779619800000,86.35,86.44,86.32,86.39,2752.031
1779620100000,86.39,86.52,86.39,86.5,2727.56
1779620400000,86.5,86.71,86.49,86.61,4945.836
1779620700000,86.62,86.7,86.58,86.63,6284.492
1779621000000,86.63,86.68,86.58,86.64,2052.893
1779621300000,86.65,86.75,86.63,86.7,5514.213
1779621600000,86.71,86.8,86.71,86.8,9996.338
1779621900000,86.8,86.92,86.58,86.63,50509.757
1779622200000,86.62,86.7,86.62,86.7,2699.501
1779622500000,86.7,86.71,86.56,86.58,2869.254
1779622800000,86.58,86.62,86.52,86.52,3290.53
1779623100000,86.53,86.6,86.49,86.49,9596.666
1779623400000,86.49,86.51,86.41,86.48,16737.434
1779623700000,86.48,86.74,86.46,86.66,12651.59
1779624000000,86.67,86.69,86.5,86.54,3637.127
1779624300000,86.53,86.56,86.49,86.51,2706.487
1779624600000,86.5,86.53,86.41,86.53,3313.084
1779624900000,86.52,86.53,86.33,86.35,3582.575
1779625200000,86.35,86.35,86.26,86.26,4369.192
1779625500000,86.26,86.29,86.2,86.24,3524.784
1779625800000,86.25,86.36,86.18,86.2,25244.977
1779626100000,86.21,86.31,86.21,86.31,1619.651
1779626400000,86.31,86.38,86.3,86.35,4531.718
1779626700000,86.35,86.35,86.28,86.34,2399.367
1779627000000,86.34,86.34,86.28,86.29,1255.617
1779627300000,86.3,86.38,86.28,86.35,1251.819
1779627600000,86.36,86.42,86.3,86.37,6370.489
1779627900000,86.38,86.41,86.33,86.37,6963.639
1779628200000,86.37,86.39,86.3,86.39,2117.827
1779628500000,86.39,86.46,86.39,86.42,2474.157
1779628800000,86.42,86.46,86.35,86.35,2902.685
1779629100000,86.36,86.39,86.15,86.17,28248.335
1779629400000,86.17,86.3,86.17,86.21,6771.056
1779629700000,86.21,86.27,86.08,86.16,8753.874
1779630000000,86.16,86.26,86.15,86.24,2469.452
1779630300000,86.25,86.34,86.19,86.19,6143.584
1779630600000,86.2,86.2,85.91,85.91,7660.139
1779630900000,85.91,85.99,85.73,85.9,12526.52
1779631200000,85.9,86.01,85.73,85.81,7321.419
1779631500000,85.82,85.9,85.81,85.84,5446.192
1779631800000,85.85,85.92,85.13,85.35,42370.531
1779632100000,85.35,85.36,84.48,84.9,58307.65
1779632400000,84.89,85.31,84.89,85.23,39018.958
1779632700000,85.23,85.23,85.04,85.08,11492.468
1779633000000,85.07,85.25,85.05,85.22,11393.728
1779633300000,85.22,85.32,85.13,85.3,8782.038
1779633600000,85.31,85.31,85.24,85.26,4275.293
1779633900000,85.26,85.35,85.23,85.25,3942.577
1779634200000,85.24,85.33,85.18,85.27,4288.925
1779634500000,85.27,85.28,85.19,85.25,4062.435
1779634800000,85.25,85.35,85.21,85.35,3812.485
1779635100000,85.35,85.35,85.21,85.3,3652.12
1779635400000,85.3,85.35,85.29,85.32,3951.134
1779635700000,85.32,85.38,85.14,85.25,9921.551
1779636000000,85.25,85.33,85.16,85.31,2910.74
1779636300000,85.31,85.38,85.29,85.32,3971.387
1779636600000,85.31,85.46,85.29,85.32,3985.833
1779636900000,85.32,85.37,85.31,85.34,2369.95
1779637200000,85.34,85.35,85.26,85.3,3409.187
1779637500000,85.3,85.38,85.25,85.37,4559.088
1779637800000,85.38,85.4,85.3,85.38,3641.572
1779638100000,85.37,85.39,85.29,85.31,2054.972
1779638400000,85.3,85.46,85.11,85.43,38914.545
1779638700000,85.43,85.56,85.36,85.47,10599.023
1779639000000,85.47,85.57,85.47,85.57,5368.695
1779639300000,85.56,85.88,85.54,85.71,23534.515
1779639600000,85.7,85.74,85.57,85.58,6827.998
1779639900000,85.57,85.57,85.46,85.53,6074.458
1779640200000,85.53,85.56,85.45,85.45,4196.08
1779640500000,85.46,85.46,85.27,85.36,7042.951
1779640800000,85.35,85.4,85.29,85.33,3921.521
1779641100000,85.33,85.47,85.32,85.46,1653.054
1779641400000,85.47,85.56,85.41,85.55,2197.549
1779641700000,85.54,85.71,85.52,85.64,5994.086
1779642000000,85.65,85.76,85.59,85.68,4140.161
1779642300000,85.68,85.75,85.68,85.72,4156.179
1779642600000,85.72,85.72,85.59,85.6,2856.288
1779642900000,85.61,85.67,85.52,85.52,1661.446
1779643200000,85.52,85.58,85.49,85.58,3845.026
1779643500000,85.58,85.59,85.51,85.54,1888.186
1779643800000,85.54,85.66,85.5,85.65,3698.552
1779644100000,85.64,85.79,85.63,85.79,2950.721
1779644400000,85.78,85.78,85.7,85.72,4178.875
1779644700000,85.73,85.74,85.65,85.72,2243.229
1779645000000,85.73,85.79,85.65,85.7,8471.004
1779645300000,85.7,85.7,85.64,85.65,1376.246
1779645600000,85.64,85.68,85.55,85.56,3362.638
1779645900000,85.55,85.64,85.54,85.6,3522.332
1779646200000,85.6,85.64,85.51,85.58,6333.995
1779646500000,85.58,85.66,85.54,85.58,1770.508
1779646800000,85.58,85.59,85.33,85.35,8736.337
1779647100000,85.36,85.42,85.29,85.37,8093.076
1779647400000,85.37,85.37,85.27,85.32,2430.953
1779647700000,85.32,85.49,85.32,85.48,3095.446
1779648000000,85.48,85.48,85.33,85.35,2568.226
1779648300000,85.36,85.43,85.29,85.32,2280.666
1779648600000,85.33,85.4,85.29,85.4,2730.54
1779648900000,85.39,85.43,85.37,85.4,1507.646
1779649200000,85.41,85.51,85.36,85.4,3167.711
1779649500000,85.4,85.45,85.37,85.38,1338.328
1779649800000,85.39,85.44,85.29,85.3,2672.005
1779650100000,85.29,85.4,85.24,85.38,16563.885
1779650400000,85.38,85.4,85.32,85.35,2094.085
1779650700000,85.35,85.36,85.26,85.29,2450.594
1779651000000,85.29,85.34,85.23,85.29,4206.453
1779651300000,85.3,85.33,85.27,85.3,3184.484
1779651600000,85.31,85.4,85.31,85.34,3148.012
1779651900000,85.33,85.41,85.31,85.4,1401.875
1779652200000,85.39,85.41,85.36,85.39,1096.376
1779652500000,85.4,85.42,85.34,85.37,1761.508
1779652800000,85.38,85.43,85.16,85.18,9486.359
1779653100000,85.19,85.23,85.1,85.17,5968.711
1779653400000,85.16,85.18,85.03,85.04,5461.399
1779653700000,85.05,85.12,84.98,85.04,7399.744
1779654000000,85.04,85.08,84.91,85.02,3937.184
1779654300000,85.02,85.05,84.92,85.05,3318.064
1779654600000,85.05,85.13,85.01,85.03,4119.574
1779654900000,85.03,85.07,84.94,84.95,3333.258
1779655200000,84.95,85.01,84.95,84.98,1396.797
1779655500000,84.98,85.08,84.58,84.68,159150.127
1779655800000,84.68,84.7,84.49,84.69,29898.366
1779656100000,84.7,84.76,84.7,84.76,6455.994
1779656400000,84.76,84.92,84.72,84.88,15884.907
1779656700000,84.87,84.91,84.84,84.88,10140.323
1779657000000,84.88,84.95,84.87,84.95,3692.315
1779657300000,84.94,84.96,84.9,84.96,3163.623
1779657600000,84.96,84.96,84.88,84.88,3055.935
1779657900000,84.88,84.88,84.5,84.56,10269.808
1779658200000,84.56,84.66,84.35,84.43,20454.46
1779658500000,84.44,84.44,83.88,84.03,56407.447
1779658800000,84.03,84.21,83.8,83.85,27437.96
1779659100000,83.85,84.11,83.7,84.01,14961.528
1779659400000,84.02,84.16,83.98,84.09,4112.354
1779659700000,84.09,84.14,83.88,83.97,6766.841
1779660000000,83.96,84.68,83.94,84.65,40880.319
1779660300000,84.64,85.07,84.61,85.03,20913.51
1779660600000,85.03,85.3,84.9,85.22,19529.326
1779660900000,85.21,85.22,85.05,85.14,13103.54
1779661200000,85.15,85.33,85.1,85.26,7576.336
1779661500000,85.26,85.33,85.06,85.07,15373.514
1779661800000,85.07,85.26,85.02,85.03,17784.402
1779662100000,85.03,85.05,84.84,84.95,8873.257
1779662400000,84.95,84.95,84.78,84.93,13164.798
1779662700000,84.93,85.26,84.92,85.1,11476.97
1779663000000,85.1,85.2,84.99,85.0,8728.436
1779663300000,85.0,85.04,84.95,84.99,5432.161
1779663600000,85.0,85.19,85.0,85.11,7162.042
1779663900000,85.1,85.15,85.06,85.12,6508.282
1779664200000,85.11,85.18,85.06,85.15,6456.335
1779664500000,85.16,85.24,85.08,85.12,4915.258
1779664800000,85.12,85.19,85.07,85.07,2817.969
1779665100000,85.08,85.12,85.01,85.08,2531.259
1779665400000,85.08,85.33,85.08,85.3,5940.435
1779665700000,85.3,85.47,85.24,85.4,9634.478
1779666000000,85.39,85.52,85.28,85.47,12341.393
1779666300000,85.47,85.47,85.34,85.44,4588.094
1779666600000,85.44,85.49,85.37,85.42,2919.782
1779666900000,85.42,85.43,85.25,85.27,5245.303
1779667200000,85.27,85.41,85.26,85.33,10999.946
1779667500000,85.34,85.42,85.26,85.37,5671.357
1779667800000,85.38,85.45,85.34,85.4,2807.388
1779668100000,85.41,85.48,85.35,85.41,5325.047
1779668400000,85.42,85.51,85.36,85.49,4690.08
1779668700000,85.5,85.53,85.38,85.5,5361.293
1779669000000,85.5,85.59,85.41,85.45,7312.777
1779669300000,85.46,85.6,85.46,85.55,9319.199
1779669600000,85.55,85.56,85.42,85.45,3865.809
1779669900000,85.45,85.67,85.39,85.58,7692.186
1779670200000,85.57,85.57,85.47,85.51,5873.057
1779670500000,85.5,85.51,85.43,85.5,2672.28
1779670800000,85.5,85.55,85.33,85.43,8801.689
1779671100000,85.44,85.48,85.41,85.45,4826.741
1779671400000,85.44,85.5,85.4,85.49,3475.044
1779671700000,85.5,85.59,85.48,85.52,7008.33
1779672000000,85.53,85.59,85.49,85.51,3138.017
1779672300000,85.51,85.54,85.41,85.45,2454.125
1779672600000,85.46,85.48,85.36,85.44,3980.968
1779672900000,85.45,85.49,85.37,85.4,2050.106
1779673200000,85.39,85.4,85.31,85.31,5402.416
1779673500000,85.31,85.36,85.26,85.27,3498.093
1779673800000,85.27,85.3,85.09,85.12,4990.457
1779674100000,85.12,85.15,84.83,84.87,8224.498
1779674400000,84.87,85.16,84.87,85.13,5812.007
1779674700000,85.12,85.85,85.1,85.63,45413.49
1779675000000,85.64,85.76,85.6,85.69,10850.724
1779675300000,85.68,85.68,85.36,85.44,14234.082
1779675600000,85.44,85.47,85.31,85.31,4860.579
1779675900000,85.32,85.32,85.01,85.16,7988.141
1779676200000,85.16,85.27,85.07,85.08,5735.704
1779676500000,85.09,85.23,85.01,85.17,7325.335
1779676800000,85.17,85.18,85.04,85.17,3920.76
1779677100000,85.17,85.22,85.08,85.18,4274.848
1779677400000,85.18,85.24,85.18,85.21,2942.389
1779677700000,85.22,85.25,85.04,85.08,7942.378
1779678000000,85.08,85.18,84.96,84.96,5333.644
1779678300000,84.96,85.03,84.91,84.96,6751.626
1779678600000,84.96,85.04,84.86,84.94,6830.113
1779678900000,84.94,85.03,84.9,84.96,3075.591
1779679200000,84.96,85.06,84.95,84.95,3624.356
1779679500000,84.96,85.02,84.9,84.91,5334.809
1779679800000,84.92,84.96,84.8,84.89,5255.429
1779680100000,84.88,84.96,84.86,84.95,2733.324
1779680400000,84.94,84.97,84.91,84.95,1635.874
1779680700000,84.95,84.98,84.85,84.94,2762.273
1779681000000,84.93,84.98,84.86,84.95,6349.145
1779681300000,84.94,84.97,84.92,84.95,2113.696
1779681600000,84.95,85.04,84.94,84.96,2326.354
1779681900000,84.96,85.04,84.93,85.04,2792.39
1779682200000,85.03,85.09,84.98,85.02,2486.34
1779682500000,85.02,85.05,84.94,85.04,2546.678
1779682800000,85.03,85.16,85.03,85.13,5085.428
1779683100000,85.13,85.25,85.12,85.24,5691.977
1779683400000,85.24,85.37,85.21,85.26,6344.179
1779683700000,85.27,85.36,85.26,85.31,5152.394
1779684000000,85.31,85.53,85.31,85.51,4438.455
1779684300000,85.51,85.66,85.49,85.65,5033.035
1779684600000,85.65,85.93,85.64,85.8,17831.726
1779684900000,85.8,85.87,85.78,85.84,5683.655
1779685200000,85.85,85.86,85.76,85.82,7471.649
1779685500000,85.82,86.1,85.81,85.97,16923.615
1779685800000,85.98,86.04,85.89,86.02,6100.444
1779686100000,86.02,86.18,85.96,86.07,13133.516
1779686400000,86.07,86.1,85.93,85.96,7467.443
1779686700000,85.97,85.99,85.93,85.99,5145.733
1779687000000,85.98,86.08,85.96,86.02,7512.246
1779687300000,86.03,86.11,86.0,86.01,4281.815
1779687600000,86.02,86.16,86.01,86.13,5493.334
1779687900000,86.13,86.15,86.02,86.06,4306.444
1779688200000,86.06,86.06,86.0,86.04,2655.355
1779688500000,86.04,86.04,85.96,85.98,3635.636
1779688800000,85.99,86.06,85.95,86.01,3550.249
1779689100000,86.02,86.19,85.98,86.1,9121.874
1779689400000,86.1,86.1,85.84,85.85,7096.086
1779689700000,85.85,85.87,85.73,85.78,6762.397
1779690000000,85.79,85.79,85.65,85.69,6310.479
1779690300000,85.69,85.77,85.66,85.77,3453.184
1779690600000,85.77,86.01,85.77,86.0,5514.874
1779690900000,85.99,86.05,85.93,85.93,4224.311
1779691200000,85.93,85.99,85.92,85.95,2578.464
1779691500000,85.94,86.04,85.9,86.0,12899.669
1779691800000,86.0,86.01,85.98,85.99,1212.619
1779692100000,85.98,86.01,85.93,85.99,2828.962
1779692400000,85.99,86.16,85.99,86.07,7204.317
1779692700000,86.07,86.08,85.93,85.98,3501.552
1779693000000,85.98,85.98,85.81,85.85,2852.642
1779693300000,85.86,85.95,85.64,85.67,9397.008
1779693600000,85.67,85.76,85.59,85.76,4339.396
1779693900000,85.75,85.75,85.64,85.65,1835.116
1779694200000,85.66,85.87,85.63,85.78,8413.814
1779694500000,85.79,85.79,85.72,85.77,2741.673
1779694800000,85.76,85.77,85.72,85.75,1461.041
1779695100000,85.75,85.8,85.48,85.77,32784.753
1779695400000,85.77,85.89,85.73,85.89,4198.716
1779695700000,85.89,85.96,85.87,85.96,2235.7
1779696000000,85.95,85.96,85.87,85.92,9101.301
1779696300000,85.92,85.92,85.86,85.9,2650.505
1779696600000,85.9,85.9,85.8,85.8,3097.4
1779696900000,85.8,85.82,85.78,85.8,1022.994
1779697200000,85.79,85.92,85.78,85.78,6559.446
1779697500000,85.79,85.83,85.75,85.82,5801.336
1779697800000,85.83,85.94,85.83,85.9,4065.442
1779698100000,85.91,86.05,85.91,85.93,4184.529
1779698400000,85.93,85.98,85.85,85.96,7040.932
1779698700000,85.97,85.98,85.9,85.96,2741.621
1779699000000,85.96,86.04,85.94,86.03,3568.717
1779699300000,86.03,86.08,86.01,86.02,2559.575
1779699600000,86.03,86.1,85.99,85.99,10934.415
1779699900000,85.99,86.13,85.97,86.13,4392.888
1779700200000,86.12,86.17,86.03,86.03,3857.755
1779700500000,86.03,86.04,85.98,86.01,2241.096
1779700800000,86.01,86.04,85.94,86.02,3146.079
1779701100000,86.02,86.05,85.98,86.05,3884.712
1779701400000,86.05,86.22,86.03,86.12,8520.521
1779701700000,86.12,86.12,85.99,86.02,4704.361
1779702000000,86.01,86.02,85.96,85.99,4855.387
1779702300000,85.98,85.99,85.93,85.97,2106.185
1779702600000,85.97,86.03,85.96,85.97,2409.56
1779702900000,85.97,85.98,85.93,85.94,3665.838
1779703200000,85.94,85.97,85.91,85.93,2508.546
1779703500000,85.93,86.0,85.92,85.99,1364.594
1779703800000,85.99,86.02,85.97,86.01,2300.744
1779704100000,86.02,86.11,86.01,86.06,3158.638
1779704400000,86.07,86.07,85.9,86.01,5555.741
1779704700000,86.01,86.02,85.92,86.02,4894.27
1779705000000,86.01,86.02,85.96,86.02,2741.583
1779705300000,86.02,86.07,85.96,85.97,3769.912
1779705600000,85.97,86.0,85.95,85.99,3609.987
1779705900000,86.0,86.06,85.98,86.06,1520.7
1779706200000,86.05,86.09,86.01,86.09,2523.479
1779706500000,86.09,86.11,86.05,86.08,4903.502
1779706800000,86.07,86.07,85.95,86.04,4392.799
1779707100000,86.03,86.05,85.98,86.05,2196.306
1779707400000,86.05,86.06,86.0,86.01,3101.026
1779707700000,86.01,86.01,85.95,85.97,3463.394
1779708000000,85.97,86.0,85.93,85.96,3743.278
1779708300000,85.95,85.96,85.9,85.92,2434.929
1779708600000,85.92,86.07,85.9,86.07,3536.641
1779708900000,86.07,86.14,86.01,86.1,4120.555
1779709200000,86.09,86.1,85.96,85.96,3046.842
1779709500000,85.97,86.03,85.89,85.91,3970.28
1779709800000,85.92,85.92,85.76,85.79,4207.962
1779710100000,85.79,85.8,85.7,85.76,6841.329
1779710400000,85.77,85.78,85.66,85.75,6938.014
1779710700000,85.74,85.83,85.73,85.82,5319.675
1779711000000,85.81,85.87,85.8,85.87,6035.186
1779711300000,85.86,85.92,85.84,85.91,4241.729
1779711600000,85.92,86.0,85.83,85.99,8577.211
1779711900000,85.98,86.07,85.96,85.97,4175.473
1779712200000,85.97,86.02,85.9,85.93,3257.252
1779712500000,85.93,86.07,85.93,85.96,4932.88
1779712800000,85.95,85.99,85.93,85.96,4927.206
1779713100000,85.96,85.99,85.82,85.91,10173.413
1779713400000,85.9,85.99,85.9,85.98,3015.725
1779713700000,85.98,86.01,85.87,85.87,8688.425
1779714000000,85.87,85.98,85.85,85.98,2848.832
1779714300000,85.97,86.03,85.93,85.97,3610.195
1779714600000,85.98,85.99,85.85,85.91,3351.237
1779714900000,85.91,85.94,85.85,85.85,1847.298
1779715200000,85.86,85.9,85.83,85.9,2337.515
1779715500000,85.89,85.92,85.84,85.85,3149.25
1779715800000,85.85,85.89,85.8,85.81,4120.613
1779716100000,85.81,85.85,85.77,85.85,4168.131
1779716400000,85.85,85.89,85.82,85.89,3729.898
1779716700000,85.9,85.99,85.85,85.98,3405.777
1779717000000,85.98,85.99,85.9,85.96,2958.421
1779717300000,85.96,86.03,85.96,86.01,3725.2
1779717600000,86.01,86.12,85.9,86.11,12250.228
1779717900000,86.12,86.27,86.07,86.15,11479.749
1779718200000,86.15,86.23,86.11,86.12,5656.801
1779718500000,86.11,86.25,86.1,86.23,6361.545
1779718800000,86.22,86.26,86.16,86.25,8928.499
1779719100000,86.26,86.38,86.26,86.37,9562.989
1779719400000,86.37,86.38,86.24,86.32,6537.214
1779719700000,86.31,86.32,86.23,86.23,4801.436
1779720000000,86.23,86.24,86.16,86.23,3314.086
1779720300000,86.22,86.45,86.22,86.34,10422.177
1779720600000,86.34,86.37,86.26,86.3,3985.547
1779720900000,86.3,86.35,86.26,86.34,2807.544
1779721200000,86.34,86.38,86.29,86.3,7394.978
1779721500000,86.31,86.39,86.3,86.32,3776.12
1779721800000,86.31,86.52,86.25,86.27,19434.85
1779722100000,86.28,86.32,86.17,86.28,17954.114
1779722400000,86.28,86.29,86.07,86.16,7370.438
1779722700000,86.17,86.23,86.1,86.11,3862.705
1779723000000,86.1,86.22,86.06,86.21,4688.341
1779723300000,86.2,86.31,86.2,86.29,3522.369
1779723600000,86.29,86.31,86.24,86.31,3109.415
1779723900000,86.31,86.31,86.16,86.21,3471.962
1779724200000,86.22,86.22,86.14,86.19,3083.051
1779724500000,86.18,86.28,86.17,86.26,1749.553
1779724800000,86.26,86.28,86.18,86.23,6039.311
1779725100000,86.23,86.24,86.15,86.16,6618.948
1779725400000,86.16,86.2,86.07,86.07,3023.626
1779725700000,86.07,86.13,86.02,86.04,3813.439
1779726000000,86.04,86.09,86.0,86.05,4958.458
1779726300000,86.04,86.09,85.99,86.02,10831.574
1779726600000,86.02,86.09,85.98,86.05,2820.98
1779726900000,86.05,86.16,86.05,86.12,4794.047
1779727200000,86.12,86.14,86.05,86.13,4046.948
1779727500000,86.14,86.35,86.11,86.35,5010.955
1779727800000,86.34,86.44,86.22,86.25,7641.707
1779728100000,86.25,86.33,86.21,86.27,10260.995
1779728400000,86.26,86.35,86.26,86.32,7483.729
1779728700000,86.33,86.38,86.3,86.34,4368.746
1779729000000,86.34,86.34,86.26,86.27,3141.416
1779729300000,86.27,86.27,86.08,86.16,5156.56
1779729600000,86.16,86.2,86.14,86.18,3849.671
1779729900000,86.19,86.31,86.18,86.3,3238.601
1779730200000,86.29,86.32,86.15,86.22,15549.656
1779730500000,86.23,86.25,86.16,86.18,1915.661
1779730800000,86.19,86.19,86.12,86.13,1183.109
1779731100000,86.13,86.13,86.08,86.12,4403.568
1779731400000,86.12,86.16,86.1,86.13,9274.687
1779731700000,86.13,86.16,86.06,86.13,10639.424
1779732000000,86.12,86.23,86.09,86.21,3751.508
1779732300000,86.21,86.3,86.2,86.27,4181.777
1779732600000,86.27,86.29,86.22,86.23,2442.089
1779732900000,86.23,86.27,86.21,86.22,1581.434
1779733200000,86.22,86.25,86.16,86.17,1783.0
1779733500000,86.18,86.21,86.16,86.21,1854.705
1779733800000,86.2,86.21,86.07,86.1,4930.181
1779734100000,86.1,86.12,86.06,86.1,2734.724
1779734400000,86.09,86.09,86.0,86.05,2979.983
1779734700000,86.04,86.08,86.0,86.04,2626.324
1779735000000,86.03,86.06,85.93,85.93,3677.063
1779735300000,85.94,85.94,85.88,85.91,3305.881
1779735600000,85.91,85.91,85.73,85.79,16548.749
1779735900000,85.79,85.88,85.79,85.81,3606.963
1779736200000,85.8,85.87,85.78,85.86,4551.645
1779736500000,85.86,85.87,85.8,85.83,5219.634
1779736800000,85.84,85.92,85.82,85.9,4586.373
1779737100000,85.9,85.92,85.89,85.92,3740.873
1779737400000,85.91,85.92,85.7,85.7,6273.553
1779737700000,85.7,85.7,85.52,85.54,13253.331
1779738000000,85.53,85.64,85.53,85.63,6102.81
1779738300000,85.64,85.67,85.59,85.64,3215.752
1779738600000,85.63,85.66,85.6,85.6,6630.454
1779738900000,85.6,85.64,85.59,85.64,4905.796
1779739200000,85.64,85.76,85.6,85.74,4963.882
1779739500000,85.73,85.79,85.72,85.79,2518.275
1779739800000,85.78,85.81,85.77,85.79,3607.582
1779740100000,85.8,85.87,85.79,85.86,4985.927
1779740400000,85.86,85.86,85.73,85.74,2473.478
1779740700000,85.74,85.77,85.62,85.65,4697.63
1779741000000,85.66,85.72,85.57,85.59,4435.842
1779741300000,85.58,85.6,85.42,85.47,6790.172
1779741600000,85.47,85.48,85.3,85.39,9551.552
1779741900000,85.39,85.45,85.34,85.38,3378.255
1779742200000,85.39,85.47,85.39,85.46,1357.706
1779742500000,85.47,85.55,85.37,85.41,5752.84
1779742800000,85.4,85.53,85.4,85.53,5287.519
1779743100000,85.52,85.56,85.46,85.48,2236.292
1779743400000,85.48,85.49,85.36,85.44,4013.036
1779743700000,85.43,85.44,85.34,85.42,3467.404
1779744000000,85.42,85.44,85.34,85.36,2361.643
1779744300000,85.36,85.48,85.35,85.47,2970.356
1779744600000,85.46,85.47,85.44,85.45,1201.933
1779744900000,85.45,85.46,85.34,85.38,5465.021
1779745200000,85.39,85.44,85.31,85.35,4582.758
1779745500000,85.34,85.41,85.27,85.4,2826.147
1779745800000,85.4,85.45,85.39,85.41,1495.283
1779746100000,85.42,85.43,85.36,85.38,1981.233
1779746400000,85.38,85.42,85.19,85.27,7392.083
1779746700000,85.26,85.43,85.26,85.38,4064.654
1779747000000,85.38,85.54,85.35,85.49,4211.034
1779747300000,85.48,85.53,85.41,85.47,3087.994
1779747600000,85.46,85.54,85.44,85.51,1008.406
1779747900000,85.5,85.52,85.24,85.31,5954.952
1779748200000,85.3,85.3,84.83,84.94,28523.936
1779748500000,84.94,84.95,84.71,84.84,23378.555
1779748800000,84.84,84.98,84.77,84.82,7028.54
1779749100000,84.82,84.92,84.82,84.91,3555.819
1779749400000,84.92,84.97,84.88,84.94,2617.782
1779749700000,84.94,84.95,84.8,84.81,6355.725
1779750000000,84.8,84.91,84.73,84.88,7632.092
1779750300000,84.88,85.09,84.87,85.05,9221.305
1779750600000,85.05,85.08,84.98,85.07,2050.214
1779750900000,85.07,85.15,85.02,85.04,13275.837
1779751200000,85.04,85.09,85.02,85.06,1942.438
1779751500000,85.07,85.1,85.03,85.1,3863.77
1779751800000,85.09,85.21,85.06,85.15,2743.818
1779752100000,85.14,85.14,85.07,85.1,3015.243
1779752400000,85.11,85.15,85.05,85.06,1255.28
1779752700000,85.05,85.08,84.96,85.0,2686.005
1779753000000,84.99,85.1,84.94,85.1,4148.676
1779753300000,85.1,85.12,85.05,85.06,1589.267
1779753600000,85.06,85.09,84.94,84.97,7018.536
1779753900000,84.97,85.03,84.85,84.91,7263.736
1779754200000,84.9,84.91,84.84,84.88,2476.331
1779754500000,84.87,84.9,84.7,84.77,6956.462
1779754800000,84.78,84.78,84.67,84.72,10638.306
1779755100000,84.72,84.79,84.66,84.71,4024.646
1779755400000,84.7,84.82,84.7,84.74,4998.138
1779755700000,84.73,84.73,84.42,84.48,11604.475
1779756000000,84.49,84.49,84.25,84.38,20924.574
1779756300000,84.38,84.45,84.29,84.36,9114.899
1779756600000,84.35,84.36,83.9,84.2,41931.039
1779756900000,84.19,84.44,84.19,84.4,5692.849
1779757200000,84.4,84.41,84.14,84.16,8587.955
1779757500000,84.16,84.31,84.14,84.19,7536.555
1779757800000,84.19,84.52,84.17,84.51,10183.976
1779758100000,84.51,84.57,84.45,84.52,6162.562
1779758400000,84.52,84.56,84.39,84.43,3542.505
1779758700000,84.44,84.44,84.2,84.32,5917.525
1779759000000,84.31,84.31,83.93,84.0,12412.181
1779759300000,84.01,84.15,83.98,84.08,9922.125
1779759600000,84.07,84.07,83.85,84.01,12141.907
1779759900000,84.01,84.11,83.95,84.08,7799.387
1779760200000,84.07,84.21,84.07,84.18,5757.576
1779760500000,84.18,84.25,84.11,84.11,6997.143
1779760800000,84.12,84.19,84.03,84.08,6134.915
1779761100000,84.07,84.23,84.07,84.18,4433.42
1779761400000,84.18,84.23,84.11,84.16,3066.157
1779761700000,84.16,84.23,84.07,84.23,4380.062
1779762000000,84.23,84.23,84.1,84.16,4637.18
1779762300000,84.16,84.17,83.99,84.01,4876.097
1779762600000,84.01,84.07,83.95,84.05,7162.115
1779762900000,84.05,84.14,84.04,84.09,4432.529
1779763200000,84.09,84.12,83.99,84.01,3968.591
1779763500000,84.01,84.09,83.9,84.06,5681.895
1779763800000,84.06,84.13,84.03,84.05,4234.98
1779764100000,84.05,84.08,83.97,84.03,2422.017
1779764400000,84.03,84.03,83.92,83.92,2988.696
1779764700000,83.92,84.0,83.85,83.88,3569.708
1779765000000,83.89,83.99,83.86,83.88,7393.077
1779765300000,83.88,83.98,83.85,83.93,4342.123
1779765600000,83.93,84.0,83.93,83.96,2292.437
1779765900000,83.97,84.01,83.85,84.01,5753.035
1779766200000,84.02,84.17,83.96,84.16,4529.981
1779766500000,84.17,84.21,84.15,84.15,3974.975
1779766800000,84.15,84.18,84.12,84.15,1895.143
1779767100000,84.16,84.19,84.12,84.19,2838.619
1779767400000,84.18,84.27,84.14,84.25,6211.039
1779767700000,84.25,84.25,84.2,84.22,1963.356
1779768000000,84.23,84.3,84.12,84.18,5284.557
1779768300000,84.17,84.18,84.1,84.11,2169.031
1779768600000,84.12,84.16,84.08,84.11,4353.462
1779768900000,84.11,84.14,84.01,84.11,3343.591
1779769200000,84.1,84.25,84.09,84.22,1906.978
1779769500000,84.23,84.5,84.22,84.46,13073.649
1779769800000,84.46,84.52,84.44,84.45,6054.938
1779770100000,84.45,84.52,84.43,84.43,3246.819
1779770400000,84.43,84.44,84.36,84.38,4236.671
1779770700000,84.37,84.43,84.34,84.38,3562.102
1779771000000,84.38,84.41,84.35,84.4,3230.912
1779771300000,84.39,84.47,84.37,84.37,2571.735
1779771600000,84.37,84.45,84.28,84.39,9651.615
1779771900000,84.39,84.49,84.33,84.41,3843.661
1779772200000,84.42,84.51,84.42,84.48,4074.522
1779772500000,84.48,84.58,84.47,84.56,4425.988
1779772800000,84.55,84.68,84.55,84.64,9666.963
1779773100000,84.63,84.67,84.62,84.66,13934.587
1779773400000,84.65,84.74,84.62,84.73,4264.343
1779773700000,84.74,84.97,84.74,84.85,8627.884
1779774000000,84.85,84.85,84.72,84.78,3686.985
1779774300000,84.77,84.77,84.61,84.63,4476.358
1779774600000,84.63,84.65,84.52,84.57,5460.667
1779774900000,84.57,84.67,84.57,84.67,3391.225
1779775200000,84.66,84.66,84.48,84.55,7421.249
1779775500000,84.56,84.6,84.52,84.59,4435.574
1779775800000,84.58,84.58,84.5,84.55,3922.208
1779776100000,84.54,84.61,84.52,84.58,2766.15
1779776400000,84.58,84.61,84.49,84.57,3804.097
1779776700000,84.57,84.62,84.4,84.5,10684.868
1779777000000,84.51,84.59,84.51,84.59,4479.573
1779777300000,84.59,84.73,84.58,84.73,4414.725
1779777600000,84.73,84.83,84.72,84.76,5395.518
1779777900000,84.76,84.77,84.66,84.68,3626.348
1779778200000,84.68,84.72,84.65,84.68,2045.508
1779778500000,84.68,84.69,84.57,84.6,3974.283
1779778800000,84.61,84.63,84.48,84.52,3242.822
1779779100000,84.51,84.51,84.35,84.35,7907.804
1779779400000,84.36,84.38,84.21,84.27,7267.267
1779779700000,84.27,84.27,84.12,84.23,13891.646
1779780000000,84.22,84.31,84.19,84.3,7030.305
1779780300000,84.3,84.34,84.25,84.28,3232.457
1779780600000,84.28,84.33,84.12,84.19,12544.842
1779780900000,84.19,84.19,84.1,84.17,4794.008
1779781200000,84.18,84.29,84.17,84.27,5956.563
1779781500000,84.27,84.41,84.27,84.41,5764.28
1779781800000,84.41,84.5,84.4,84.49,2463.11
1779782100000,84.48,84.49,84.28,84.35,6659.05
1779782400000,84.36,84.43,84.34,84.39,3343.831
1779782700000,84.39,84.46,84.35,84.46,3340.319
1779783000000,84.46,84.53,84.43,84.49,2254.819
1779783300000,84.49,84.51,84.36,84.5,8106.75
1779783600000,84.49,84.52,84.46,84.46,3778.634
1779783900000,84.46,84.53,84.43,84.48,7611.496
1779784200000,84.47,84.49,84.34,84.37,4203.359
1779784500000,84.37,84.57,84.36,84.57,15159.787
1779784800000,84.56,84.56,84.5,84.54,2398.782
1779785100000,84.54,84.55,84.43,84.43,3000.11
1779785400000,84.44,84.55,84.35,84.53,3444.7
1779785700000,84.54,84.55,84.44,84.44,2693.047
1779786000000,84.44,84.49,84.36,84.43,3976.11
1779786300000,84.43,84.44,84.37,84.4,1899.503
1779786600000,84.39,84.51,84.39,84.43,2567.807
1779786900000,84.42,84.64,84.39,84.58,9971.715
1779787200000,84.58,84.62,84.41,84.46,4323.949
1779787500000,84.46,84.59,84.45,84.58,4741.623
1779787800000,84.59,84.72,84.55,84.58,6094.871
1779788100000,84.58,84.6,84.49,84.49,5861.09
1779788400000,84.5,84.52,84.43,84.49,3014.54
1779788700000,84.49,84.54,84.29,84.4,8854.235
1779789000000,84.41,84.47,84.4,84.46,4570.806
1779789300000,84.47,84.51,84.46,84.48,2539.713
1779789600000,84.47,84.49,84.42,84.43,5915.005
1779789900000,84.43,84.48,84.36,84.48,4508.307
1779790200000,84.49,84.69,84.48,84.65,7396.676
1779790500000,84.66,85.03,84.66,85.0,19677.197
1779790800000,85.01,85.15,84.96,85.07,17302.927
1779791100000,85.06,85.57,85.03,85.55,28336.657
1779791400000,85.55,85.7,85.47,85.59,23738.652
1779791700000,85.6,85.79,85.55,85.65,23620.192
1779792000000,85.65,85.8,85.64,85.66,15263.47
1779792300000,85.67,85.72,85.54,85.68,14828.875
1779792600000,85.68,85.76,85.54,85.58,13933.121
1779792900000,85.58,85.64,85.55,85.56,9177.487
1779793200000,85.57,85.64,85.57,85.62,6927.702
1779793500000,85.63,85.66,85.54,85.55,9828.562
1779793800000,85.55,85.59,85.43,85.45,8455.582
1779794100000,85.44,85.59,85.43,85.53,12514.723
1779794400000,85.54,85.54,85.33,85.38,7027.498
1779794700000,85.37,85.44,85.36,85.37,4635.214
1779795000000,85.37,85.52,85.34,85.37,11889.222
1779795300000,85.38,85.41,85.21,85.33,8893.696
1779795600000,85.33,85.41,85.32,85.35,5573.375
1779795900000,85.34,85.4,85.31,85.4,3194.411
1779796200000,85.39,85.41,85.34,85.35,1981.692
1779796500000,85.36,85.36,85.21,85.21,10190.72
1779796800000,85.22,85.33,85.18,85.26,14952.644
1779797100000,85.26,85.28,84.81,84.86,31722.914
1779797400000,84.85,85.14,84.83,85.09,18646.011
1779797700000,85.1,85.18,85.0,85.07,16600.562
1779798000000,85.07,85.08,84.94,84.98,8145.157
1779798300000,84.98,85.08,84.95,85.07,6608.985
1779798600000,85.08,85.09,84.97,85.02,7406.821
1779798900000,85.02,85.07,84.99,85.05,8444.312
1779799200000,85.04,85.19,85.03,85.13,14615.641
1779799500000,85.13,85.26,85.13,85.21,7672.021
1779799800000,85.22,85.4,85.14,85.37,19126.511
1779800100000,85.36,85.39,85.3,85.32,6098.095
1779800400000,85.32,85.37,85.25,85.29,9233.306
1779800700000,85.29,85.33,85.24,85.27,7347.8
1779801000000,85.27,85.31,85.25,85.28,4292.214
1779801300000,85.28,85.29,85.11,85.11,6113.121
1779801600000,85.11,85.2,85.01,85.12,16526.435
1779801900000,85.12,85.12,84.94,84.96,8087.613
1779802200000,84.96,84.97,84.69,84.82,21776.686
1779802500000,84.82,85.05,84.74,85.01,9404.644
1779802800000,85.0,85.25,84.98,85.1,19675.326
1779803100000,85.1,85.66,85.1,85.59,12058.123
1779803400000,85.59,85.77,85.41,85.45,19965.578
1779803700000,85.46,85.64,85.42,85.5,11816.783
1779804000000,85.51,85.6,85.44,85.45,13287.066
1779804300000,85.45,85.66,85.39,85.59,15092.886
1779804600000,85.59,85.7,85.59,85.7,8610.793
1779804900000,85.7,85.87,85.61,85.66,19600.088
1779805200000,85.67,85.95,85.67,85.87,19533.844
1779805500000,85.88,86.13,85.88,86.02,25165.339
1779805800000,86.01,86.08,85.72,85.73,16711.14
1779806100000,85.73,85.76,84.9,84.96,32314.403
1779806400000,84.95,85.14,84.77,84.95,26447.991
1779806700000,84.96,85.18,84.86,85.17,21240.074
1779807000000,85.17,85.54,85.13,85.35,15382.968
1779807300000,85.36,85.37,85.23,85.24,7327.314
1779807600000,85.23,85.36,84.88,85.03,16115.556
1779807900000,85.04,85.2,85.01,85.09,13875.891
1779808200000,85.09,85.29,85.06,85.29,4803.498
1779808500000,85.3,85.34,85.16,85.17,7160.952
1779808800000,85.18,85.21,84.67,84.91,20305.221
1779809100000,84.9,85.01,84.84,84.86,7403.172
1779809400000,84.87,84.91,84.4,84.63,32542.044
1779809700000,84.62,84.62,84.45,84.56,23930.648
1779810000000,84.57,84.72,84.5,84.67,7899.424
1779810300000,84.66,84.66,84.51,84.57,8040.096
1779810600000,84.57,84.6,84.03,84.14,34482.631
1779810900000,84.14,84.54,84.09,84.49,18373.738
1779811200000,84.49,84.57,84.38,84.42,12978.673
1779811500000,84.43,84.45,84.27,84.38,11095.029
1779811800000,84.37,84.39,83.95,84.16,21831.12
1779812100000,84.15,84.42,84.13,84.38,15593.758
1779812400000,84.39,84.41,84.29,84.37,7816.91
1779812700000,84.38,84.43,84.22,84.32,15826.267
1779813000000,84.31,84.41,84.22,84.41,10240.733
1779813300000,84.41,84.53,84.38,84.42,8531.427
1779813600000,84.43,84.45,84.26,84.37,7281.86
1779813900000,84.38,84.48,84.2,84.22,5819.992
1779814200000,84.23,84.27,84.0,84.21,19933.23
1779814500000,84.21,84.24,84.17,84.23,6548.999
1779814800000,84.23,84.39,84.2,84.3,18088.175
1779815100000,84.29,84.29,84.09,84.23,5922.184
1779815400000,84.23,84.29,84.15,84.17,3726.401
1779815700000,84.16,84.17,83.93,83.98,8992.659
1779816000000,83.98,83.98,83.63,83.72,27998.858
1779816300000,83.73,83.73,83.41,83.48,39399.312
1779816600000,83.48,83.48,83.15,83.32,35423.84
1779816900000,83.32,83.66,83.28,83.59,8613.031
1779817200000,83.58,83.65,83.38,83.63,18137.286
1779817500000,83.63,83.85,83.57,83.78,17532.483
1779817800000,83.78,83.83,83.68,83.73,4566.142
1779818100000,83.72,83.75,83.53,83.59,21523.808
1779818400000,83.59,83.72,83.5,83.71,8979.165
1779818700000,83.72,83.84,83.65,83.77,3682.374
1779819000000,83.77,83.78,83.66,83.76,3337.131
1779819300000,83.77,83.96,83.73,83.93,4017.711
1779819600000,83.93,84.09,83.89,84.05,11373.549
1779819900000,84.04,84.09,83.84,83.93,12932.415
1779820200000,83.94,83.97,83.86,83.96,8159.371
1779820500000,83.97,83.97,83.75,83.87,8867.356
1779820800000,83.87,83.87,83.49,83.53,7792.211
1779821100000,83.54,83.76,83.53,83.67,4378.407
1779821400000,83.67,83.83,83.65,83.77,4404.045
1779821700000,83.77,83.8,83.52,83.63,5138.336
1779822000000,83.63,83.7,83.53,83.54,4387.029
1779822300000,83.53,83.67,83.5,83.62,3898.225
1779822600000,83.62,83.69,83.45,83.49,5735.511
1779822900000,83.48,83.56,83.36,83.49,3279.845
1779823200000,83.49,83.55,83.44,83.48,6608.997
1779823500000,83.49,83.62,83.48,83.6,6061.952
1779823800000,83.6,83.75,83.59,83.71,6431.539
1779824100000,83.7,83.82,83.65,83.81,3825.204
1779824400000,83.81,83.99,83.77,83.89,13840.527
1779824700000,83.89,83.94,83.84,83.88,7370.234
1779825000000,83.89,84.01,83.89,83.95,5366.277
1779825300000,83.94,84.02,83.7,83.8,7942.54
1779825600000,83.8,83.94,83.74,83.94,4254.013
1779825900000,83.94,83.95,83.83,83.88,4263.639
1779826200000,83.87,83.96,83.83,83.96,4538.073
1779826500000,83.95,83.98,83.84,83.85,3290.729
1779826800000,83.85,83.9,83.77,83.8,4941.441
1779827100000,83.79,83.94,83.77,83.91,4123.497
1779827400000,83.91,83.94,83.77,83.81,2376.26
1779827700000,83.81,83.83,83.74,83.79,933.569
1779828000000,83.79,83.88,83.77,83.87,785.826
1779828300000,83.88,83.95,83.85,83.91,1035.495
1779828600000,83.91,83.94,83.86,83.86,1741.675
1779828900000,83.86,83.95,83.83,83.94,2738.688
1779829200000,83.94,83.96,83.77,83.8,2269.096
1779829500000,83.79,83.82,83.74,83.79,2382.006
1779829800000,83.79,83.79,83.57,83.65,8807.486
1779830100000,83.66,83.8,83.62,83.78,1814.28
1779830400000,83.77,83.89,83.76,83.86,1501.109
1779830700000,83.86,83.94,83.84,83.87,2233.182
1779831000000,83.87,83.92,83.85,83.86,1413.156
1779831300000,83.86,83.96,83.85,83.92,2420.692
1779831600000,83.91,83.97,83.86,83.92,3205.069
1779831900000,83.92,83.95,83.86,83.87,1033.73
1779832200000,83.87,83.89,83.7,83.72,7123.114
1779832500000,83.72,83.77,83.6,83.7,2215.876
1779832800000,83.7,83.88,83.68,83.7,2334.864
1779833100000,83.7,83.75,83.58,83.71,2984.077
1779833400000,83.72,83.73,83.54,83.66,3412.148
1779833700000,83.65,83.77,83.62,83.71,2537.198
1779834000000,83.71,83.76,83.68,83.72,1919.562
1779834300000,83.71,83.76,83.7,83.76,2671.911
1779834600000,83.75,83.77,83.71,83.77,1326.172
1779834900000,83.77,83.78,83.67,83.68,1506.765
1779835200000,83.68,83.7,83.62,83.64,1479.617
1779835500000,83.64,83.64,83.54,83.58,1980.796
1779835800000,83.58,83.68,83.56,83.66,2596.524
1779836100000,83.66,83.66,83.57,83.65,847.315
1779836400000,83.66,83.85,83.66,83.83,6582.54
1779836700000,83.83,83.85,83.74,83.82,2547.388
1779837000000,83.82,83.85,83.77,83.82,8543.165
1779837300000,83.81,83.83,83.76,83.8,1816.301
1779837600000,83.79,83.81,83.72,83.73,1957.7
1779837900000,83.73,83.75,83.63,83.7,4044.732
1779838200000,83.69,83.73,83.67,83.69,1264.702
1779838500000,83.69,83.81,83.68,83.76,1724.588
1779838800000,83.76,83.8,83.76,83.78,1730.109
1779839100000,83.79,83.82,83.76,83.76,1946.819
1779839400000,83.77,83.77,83.67,83.7,3032.443
1779839700000,83.7,83.72,83.67,83.72,1718.493
1779840000000,83.73,83.95,83.72,83.88,3640.825
1779840300000,83.88,83.95,83.88,83.93,2151.139
1779840600000,83.93,83.96,83.83,83.9,2631.549
1779840900000,83.9,83.91,83.75,83.82,1821.311
1779841200000,83.82,83.89,83.81,83.86,1729.229
1779841500000,83.85,83.99,83.85,83.95,10295.57
1779841800000,83.96,84.18,83.96,84.06,11443.527
1779842100000,84.06,84.06,83.92,83.92,3528.811
1779842400000,83.92,84.03,83.89,83.96,2021.645
1779842700000,83.96,84.1,83.95,83.99,5254.009
1779843000000,84.0,84.15,83.99,84.11,4410.223
1779843300000,84.11,84.16,84.09,84.14,2944.703
1779843600000,84.13,84.19,84.07,84.1,6782.59
1779843900000,84.1,84.13,84.04,84.11,2824.59
1779844200000,84.12,84.13,84.04,84.12,2656.122
1779844500000,84.12,84.13,83.93,83.94,2566.815
1779844800000,83.93,83.95,83.83,83.87,3956.149
1779845100000,83.87,83.9,83.8,83.9,3654.23
1779845400000,83.9,83.95,83.83,83.86,2541.973
1779845700000,83.86,83.92,83.8,83.92,2063.575
1779846000000,83.91,84.04,83.91,83.91,2921.22
1779846300000,83.91,84.06,83.88,84.04,4599.427
1779846600000,84.03,84.05,83.97,83.97,2445.314
1779846900000,83.97,84.01,83.81,83.86,2313.583
1779847200000,83.85,83.9,83.7,83.83,4463.721
1779847500000,83.83,83.85,83.7,83.7,3148.111
1779847800000,83.71,83.81,83.69,83.79,2636.382
1779848100000,83.8,83.84,83.55,83.59,5725.029
1779848400000,83.6,83.73,83.6,83.71,2120.676
1779848700000,83.71,83.8,83.68,83.74,2295.603
1779849000000,83.73,83.81,83.67,83.81,2395.859
1779849300000,83.81,83.85,83.62,83.63,1630.595
1779849600000,83.63,83.72,83.63,83.7,2318.156
1779849900000,83.71,83.81,83.71,83.73,1824.421
1779850200000,83.73,83.81,83.69,83.78,973.5
1779850500000,83.79,83.96,83.78,83.96,2474.364
1779850800000,83.96,84.05,83.87,84.02,2322.295
1779851100000,84.02,84.07,83.97,83.98,1948.702
1779851400000,83.98,83.98,83.9,83.91,1403.53
1779851700000,83.91,83.92,83.82,83.85,4760.283
1779852000000,83.84,83.9,83.78,83.87,6316.86
1779852300000,83.87,83.94,83.87,83.89,2409.234
1779852600000,83.89,83.95,83.79,83.79,8988.096
1779852900000,83.8,83.8,83.7,83.72,4139.005
1779853200000,83.72,83.8,83.71,83.72,2243.703
1779853500000,83.72,83.72,83.53,83.57,8587.41
1779853800000,83.56,83.64,83.48,83.62,6080.29
1779854100000,83.62,83.67,83.57,83.63,2796.881
1779854400000,83.62,83.66,83.56,83.64,2463.622
1779854700000,83.63,83.68,83.57,83.65,3162.812
1779855000000,83.65,83.68,83.56,83.56,1892.827
1779855300000,83.56,83.58,83.32,83.43,5975.422
1779855600000,83.43,83.46,83.36,83.45,4125.813
1779855900000,83.45,83.51,83.41,83.41,2043.157
1779856200000,83.42,83.45,82.86,83.1,63056.062
1779856500000,83.1,83.26,83.1,83.25,3607.424
1779856800000,83.25,83.26,83.19,83.22,2015.302
1779857100000,83.22,83.45,83.21,83.45,3808.461
1779857400000,83.45,83.65,83.43,83.62,4043.888
1779857700000,83.61,83.68,83.58,83.64,2753.561
1779858000000,83.64,83.73,83.63,83.69,3989.333
1779858300000,83.7,83.74,83.65,83.74,2913.928
1779858600000,83.73,83.73,83.64,83.69,2330.861
1779858900000,83.69,83.71,83.65,83.65,1068.543
1779859200000,83.66,83.78,83.57,83.75,3292.358
1779859500000,83.75,83.84,83.73,83.78,1893.984
1779859800000,83.77,83.81,83.67,83.68,2520.999
1779860100000,83.68,83.85,83.67,83.75,3072.639
1779860400000,83.76,83.76,83.65,83.7,1901.258
1779860700000,83.71,83.77,83.66,83.76,2292.405
1779861000000,83.77,83.86,83.76,83.86,2861.7
1779861300000,83.85,83.93,83.85,83.89,8989.142
1779861600000,83.89,83.94,83.8,83.89,4057.72
1779861900000,83.9,83.97,83.87,83.95,2962.076
1779862200000,83.94,83.95,83.81,83.85,2447.881
1779862500000,83.85,83.85,83.76,83.8,2072.811
1779862800000,83.81,83.84,83.74,83.82,1600.483
1779863100000,83.82,83.9,83.81,83.88,2398.858
1779863400000,83.87,84.01,83.84,83.89,10899.183
1779863700000,83.89,83.95,83.86,83.91,2953.713
1779864000000,83.9,84.04,83.9,84.04,4277.384
1779864300000,84.03,84.07,83.98,84.01,6997.318
1779864600000,84.0,84.05,83.98,84.02,2608.06
1779864900000,84.02,84.06,83.95,84.06,1600.291
1779865200000,84.06,84.11,84.02,84.02,6556.297
1779865500000,84.03,84.08,83.95,83.95,4613.258
1779865800000,83.95,83.96,83.89,83.95,2571.753
1779866100000,83.95,84.0,83.9,83.99,1828.038
1779866400000,84.0,84.05,83.94,84.03,4525.974
1779866700000,84.03,84.08,84.01,84.06,5380.98
1779867000000,84.07,84.11,83.99,84.1,4700.06
1779867300000,84.1,84.16,84.03,84.05,3555.199
1779867600000,84.06,84.06,84.0,84.01,2031.288
1779867900000,84.01,84.09,84.01,84.06,2483.017
1779868200000,84.05,84.11,84.0,84.08,3728.7
1779868500000,84.09,84.21,84.08,84.21,4845.236
1779868800000,84.2,84.27,84.19,84.24,4253.858
1779869100000,84.23,84.33,84.14,84.15,6161.237
1779869400000,84.15,84.19,84.08,84.14,2575.668
1779869700000,84.14,84.16,84.07,84.15,2089.392
1779870000000,84.14,84.29,84.12,84.19,5366.242
1779870300000,84.2,84.42,84.2,84.31,18671.437
1779870600000,84.31,84.34,84.23,84.25,6438.259
1779870900000,84.26,84.31,84.23,84.29,8165.923
1779871200000,84.29,84.29,84.15,84.19,7705.336
1779871500000,84.19,84.21,84.09,84.1,4423.068
1779871800000,84.11,84.12,83.89,83.95,8217.033
1779872100000,83.95,83.98,83.89,83.93,3591.795
1779872400000,83.93,83.96,83.68,83.79,4058.462
1779872700000,83.79,83.83,83.74,83.8,2320.189
1779873000000,83.81,83.82,83.75,83.79,3409.231
1779873300000,83.8,83.8,83.69,83.71,7959.611
1779873600000,83.71,83.79,83.71,83.76,20284.952
1779873900000,83.76,83.78,83.6,83.67,10394.581
1779874200000,83.67,83.77,83.63,83.74,2821.466
1779874500000,83.75,83.94,83.74,83.91,7975.005
1779874800000,83.92,83.92,83.8,83.8,1399.936
1779875100000,83.8,83.84,83.77,83.79,1529.863
1779875400000,83.8,83.86,83.69,83.76,6421.528
1779875700000,83.75,83.79,83.71,83.78,1536.113
1779876000000,83.78,83.79,83.67,83.71,3507.775
1779876300000,83.71,83.8,83.7,83.78,1055.206
1779876600000,83.78,83.91,83.77,83.91,1914.265
1779876900000,83.91,84.01,83.87,83.97,3337.528
1779877200000,83.97,84.01,83.95,83.98,4378.998
1779877500000,83.98,84.09,83.96,84.02,6969.734
1779877800000,84.02,84.06,83.82,83.82,6552.647
1779878100000,83.82,83.9,83.8,83.81,2164.326
1779878400000,83.8,83.88,83.79,83.88,2633.09
1779878700000,83.88,83.97,83.85,83.91,2310.007
1779879000000,83.92,83.96,83.89,83.94,2518.981
1779879300000,83.94,84.0,83.94,83.95,3446.422
1779879600000,83.95,84.16,83.92,84.08,8616.543
1779879900000,84.08,84.12,84.04,84.07,4613.618
1779880200000,84.06,84.12,84.05,84.09,3743.538
1779880500000,84.1,84.23,84.07,84.09,11416.278
1779880800000,84.1,84.2,84.1,84.18,4823.544
1779881100000,84.18,84.19,84.09,84.09,4318.518
1779881400000,84.1,84.1,83.91,84.04,4321.25
1779881700000,84.04,84.19,84.02,84.12,5400.756
1779882000000,84.12,84.13,84.05,84.09,4882.199
1779882300000,84.08,84.09,84.01,84.05,3519.122
1779882600000,84.05,84.07,84.0,84.0,4683.223
1779882900000,83.99,84.05,83.91,83.94,3769.424
1779883200000,83.95,83.95,83.71,83.79,5773.797
1779883500000,83.8,83.83,83.57,83.73,5941.748
1779883800000,83.72,83.72,83.56,83.71,4604.262
1779884100000,83.7,84.03,83.55,83.99,8280.472
1779884400000,83.98,84.68,83.95,84.26,45754.461
1779884700000,84.26,84.39,84.2,84.35,17122.53
1779885000000,84.35,84.45,84.09,84.11,11440.734
1779885300000,84.11,84.44,84.1,84.4,13800.335
1779885600000,84.4,84.41,84.25,84.33,2968.899
1779885900000,84.33,84.33,84.05,84.16,5316.218
1779886200000,84.16,84.18,84.03,84.1,5209.23
1779886500000,84.09,84.09,83.93,83.95,7927.292
1779886800000,83.94,84.06,83.85,83.85,5541.072
1779887100000,83.85,83.91,83.71,83.75,15080.126
1779887400000,83.75,83.8,83.62,83.73,6722.193
1779887700000,83.73,83.83,83.67,83.8,10445.451
1779888000000,83.81,83.82,83.64,83.78,2205.524
1779888300000,83.79,83.79,83.51,83.6,6648.165
1779888600000,83.59,83.7,83.39,83.61,10025.018
1779888900000,83.61,83.63,83.13,83.27,10341.241
1779889200000,83.26,83.29,83.0,83.08,13894.846
1779889500000,83.07,83.3,82.98,83.21,25414.17
1779889800000,83.21,83.53,83.13,83.4,15694.199
1779890100000,83.39,83.65,83.35,83.63,17098.848
1779890400000,83.64,84.12,83.64,84.01,34002.437
1779890700000,84.01,84.01,83.72,83.85,10603.87
1779891000000,83.85,83.87,83.74,83.76,13752.133
1779891300000,83.76,83.95,83.74,83.91,5904.684
1779891600000,83.9,83.91,83.36,83.36,16472.784
1779891900000,83.36,83.51,83.22,83.42,4772.35
1779892200000,83.42,83.7,83.36,83.62,14309.595
1779892500000,83.62,83.73,83.5,83.65,7337.72
1779892800000,83.65,83.71,83.41,83.56,6657.096
1779893100000,83.56,83.79,83.56,83.63,4781.026
1779893400000,83.64,83.92,83.64,83.89,16893.783
1779893700000,83.89,83.95,83.83,83.91,9141.219
1779894000000,83.91,84.11,83.88,83.98,18899.154
1779894300000,83.98,84.17,83.95,84.14,10080.664
1779894600000,84.13,84.32,84.12,84.3,29382.512
1779894900000,84.29,84.52,84.26,84.4,18252.57
1779895200000,84.39,84.64,84.35,84.52,20515.545
1779895500000,84.52,84.52,84.41,84.48,10101.647
1779895800000,84.48,84.84,84.48,84.59,39152.463
1779896100000,84.59,84.79,84.59,84.68,23514.165
1779896400000,84.68,84.74,84.37,84.41,12960.921
1779896700000,84.42,84.5,84.4,84.44,16282.594
1779897000000,84.44,84.52,84.23,84.29,11832.356
1779897300000,84.28,84.45,84.21,84.44,7444.798
1779897600000,84.44,84.75,84.44,84.48,20100.931
1779897900000,84.49,84.54,84.39,84.51,8123.419
1779898200000,84.51,84.66,84.47,84.48,6661.295
1779898500000,84.48,84.48,84.1,84.16,10345.172
1779898800000,84.15,84.21,84.04,84.16,10073.305
1779899100000,84.16,84.24,84.14,84.15,3403.889
1779899400000,84.15,84.25,84.05,84.07,6162.602
1779899700000,84.07,84.08,83.87,83.97,9933.818
1779900000000,83.97,84.15,83.94,84.1,6071.559
1779900300000,84.1,84.14,84.05,84.12,10957.111
1779900600000,84.12,84.29,84.11,84.15,12317.95
1779900900000,84.16,84.24,84.14,84.18,4385.403
1779901200000,84.18,84.2,83.91,84.16,17336.332
1779901500000,84.15,84.19,83.68,83.71,8615.024
1779901800000,83.71,83.77,83.33,83.37,17684.985
1779902100000,83.38,83.49,83.17,83.44,21775.013
1779902400000,83.45,83.71,83.42,83.62,7641.238
1779902700000,83.63,83.79,83.48,83.74,17581.282
1779903000000,83.74,83.74,83.54,83.66,8344.083
1779903300000,83.66,83.75,83.59,83.66,8999.089
1779903600000,83.66,83.68,83.35,83.45,8252.186
1779903900000,83.45,83.56,83.38,83.55,8852.434
1779904200000,83.55,83.56,83.47,83.49,6245.774
1779904500000,83.49,83.5,83.16,83.41,17570.175
1779904800000,83.4,83.51,83.29,83.38,10404.893
1779905100000,83.38,83.51,83.29,83.35,7033.44
1779905400000,83.35,83.47,83.2,83.36,10360.314
1779905700000,83.36,83.55,83.29,83.5,7784.888
1779906000000,83.5,83.55,83.41,83.5,5340.345
1779906300000,83.51,83.57,83.44,83.53,1636.972
1779906600000,83.53,83.57,83.45,83.49,2031.015
1779906900000,83.5,83.57,83.43,83.56,1706.548
1779907200000,83.57,83.77,83.57,83.68,3472.088
1779907500000,83.69,83.76,83.68,83.68,1745.206
1779907800000,83.67,83.83,83.67,83.79,2685.057
1779908100000,83.79,83.99,83.79,83.94,6666.854
1779908400000,83.94,84.07,83.89,84.04,7755.951
1779908700000,84.03,84.06,83.97,84.03,4838.5
1779909000000,84.04,84.14,83.96,84.14,2872.242
1779909300000,84.14,84.14,83.96,83.98,11260.859
1779909600000,83.97,84.08,83.93,84.07,5459.909
1779909900000,84.07,84.09,83.95,83.95,3066.899
1779910200000,83.96,84.12,83.94,84.03,3878.255
1779910500000,84.03,84.06,83.96,84.01,6947.083
1779910800000,84.01,84.06,83.9,83.95,2913.824
1779911100000,83.96,84.04,83.9,83.91,7563.826
1779911400000,83.9,83.96,83.87,83.94,3405.078
1779911700000,83.95,83.95,83.9,83.91,2351.222
1779912000000,83.92,84.04,83.87,83.92,9182.376
1779912300000,83.92,84.05,83.87,84.04,9485.147
1779912600000,84.04,84.06,83.97,84.0,4701.138
1779912900000,84.0,84.1,83.97,84.08,4691.313
1779913200000,84.09,84.14,83.93,83.93,8807.709
1779913500000,83.94,83.98,83.85,83.88,1241.82
1779913800000,83.88,83.93,83.76,83.79,5669.386
1779914100000,83.78,83.85,83.78,83.81,1079.174
1779914400000,83.8,83.86,83.78,83.83,3114.19
1779914700000,83.83,83.88,83.81,83.88,1097.182
1779915000000,83.88,83.89,83.8,83.82,2418.593
1779915300000,83.81,83.86,83.81,83.82,1890.009
1779915600000,83.82,83.82,83.69,83.69,3739.633
1779915900000,83.7,83.8,83.66,83.66,2596.442
1779916200000,83.66,83.73,83.61,83.65,2913.024
1779916500000,83.65,83.67,83.62,83.64,633.927
1779916800000,83.64,83.65,83.61,83.63,1004.417
1779917100000,83.63,83.64,83.45,83.45,2074.18
1779917400000,83.45,83.45,83.22,83.25,58553.705
1779917700000,83.25,83.35,83.21,83.23,19747.164
1779918000000,83.22,83.22,82.42,82.74,62994.858
1779918300000,82.75,82.76,82.18,82.41,24737.542
1779918600000,82.41,82.42,82.1,82.15,13912.387
1779918900000,82.15,82.51,82.12,82.49,13191.307
1779919200000,82.49,82.91,82.24,82.86,16307.041
1779919500000,82.86,83.03,82.73,82.77,13262.49
1779919800000,82.78,82.78,82.37,82.61,18193.627
1779920100000,82.61,82.63,82.22,82.53,20501.374
1779920400000,82.53,82.7,82.52,82.59,6595.357
1779920700000,82.59,82.75,82.57,82.69,11292.732
1779921000000,82.7,82.72,82.53,82.66,5197.222
1779921300000,82.65,82.75,82.64,82.74,3772.179
1779921600000,82.75,82.82,82.68,82.69,8015.302
1779921900000,82.69,82.73,82.55,82.56,3664.743
1779922200000,82.56,82.66,82.55,82.63,3754.342
1779922500000,82.63,82.69,82.44,82.47,5226.163
1779922800000,82.46,82.57,82.36,82.54,5649.397
1779923100000,82.54,82.6,82.44,82.59,6767.284
1779923400000,82.58,82.6,82.52,82.58,2267.734
1779923700000,82.58,82.7,82.56,82.65,9119.902
1779924000000,82.66,82.68,82.34,82.36,12575.479
1779924300000,82.36,82.36,82.22,82.31,6663.216
1779924600000,82.3,82.49,82.28,82.33,4898.658
1779924900000,82.33,82.33,82.2,82.33,5481.643
1779925200000,82.33,82.37,82.24,82.35,3685.481
1779925500000,82.36,82.55,82.31,82.5,4156.355
1779925800000,82.49,82.52,82.3,82.48,6699.835
1779926100000,82.49,82.53,82.43,82.44,3678.839
1779926400000,82.43,82.59,82.4,82.54,10377.648
1779926700000,82.55,82.61,82.42,82.55,4582.21
1779927000000,82.55,82.57,82.36,82.41,5100.749
1779927300000,82.42,82.67,82.42,82.58,3276.03
1779927600000,82.57,82.65,82.5,82.51,5340.741
1779927900000,82.52,82.56,82.39,82.56,3836.658
1779928200000,82.57,82.65,82.56,82.63,5452.961
1779928500000,82.63,82.66,82.57,82.58,4697.154
1779928800000,82.58,82.67,82.58,82.67,4518.509
1779929100000,82.67,82.74,82.64,82.69,6968.669
1779929400000,82.68,82.71,82.54,82.68,3182.438
1779929700000,82.67,82.72,82.56,82.71,4254.654
1779930000000,82.72,82.76,82.67,82.68,4560.097
1779930300000,82.67,82.71,82.57,82.63,8501.378
1779930600000,82.63,82.68,82.49,82.62,5228.932
1779930900000,82.62,82.62,82.21,82.44,21675.585
1779931200000,82.44,82.63,82.3,82.47,7518.757
1779931500000,82.47,82.48,81.93,82.16,37675.239
1779931800000,82.16,82.34,82.11,82.25,10232.99
1779932100000,82.25,82.43,82.19,82.32,16130.464
1779932400000,82.33,82.34,82.12,82.32,11147.745
1779932700000,82.31,82.48,82.29,82.37,10087.744
1779933000000,82.37,82.38,82.1,82.22,12271.532
1779933300000,82.22,82.29,82.12,82.27,7639.188
1779933600000,82.28,82.4,82.12,82.2,6385.903
1779933900000,82.19,82.44,82.16,82.36,8662.344
1779934200000,82.36,82.4,82.29,82.36,3268.528
1779934500000,82.37,82.43,82.22,82.25,3975.949
1779934800000,82.24,82.28,82.03,82.16,7855.723
1779935100000,82.16,82.21,82.1,82.19,3365.573
1779935400000,82.19,82.26,82.06,82.16,6545.961
1779935700000,82.16,82.23,82.0,82.22,7188.473
1779936000000,82.23,82.25,82.1,82.11,5087.479
1779936300000,82.11,82.22,82.05,82.22,11503.556
1779936600000,82.22,82.22,82.07,82.17,10999.276
1779936900000,82.17,82.24,82.09,82.1,3751.182
1779937200000,82.11,82.16,82.01,82.1,5879.761
1779937500000,82.1,82.25,82.02,82.05,5080.379
1779937800000,82.05,82.05,81.8,81.96,13117.477
1779938100000,81.97,82.0,80.72,81.08,119171.244
1779938400000,81.09,81.68,81.07,81.68,33255.074
1779938700000,81.69,81.7,81.37,81.39,13550.035
1779939000000,81.38,81.44,81.25,81.27,10412.893
1779939300000,81.26,81.26,81.04,81.13,28266.248
1779939600000,81.14,81.22,81.0,81.01,15077.25
1779939900000,81.02,81.22,80.98,81.03,9768.623
1779940200000,81.03,81.05,80.66,80.74,28993.791
1779940500000,80.73,80.8,80.5,80.7,23537.104
1779940800000,80.7,80.78,80.01,80.54,86365.759
1779941100000,80.54,80.83,80.42,80.82,11698.723
1779941400000,80.83,80.91,80.54,80.56,12425.886
1779941700000,80.56,80.65,80.32,80.32,15224.495
1779942000000,80.32,80.38,80.0,80.16,35437.976
1779942300000,80.16,80.37,80.09,80.34,10150.966
1779942600000,80.33,80.62,80.28,80.61,6618.412
1779942900000,80.6,80.82,80.58,80.77,7937.832
1779943200000,80.78,80.9,80.77,80.87,10734.978
1779943500000,80.86,80.89,80.75,80.83,8885.087
1779943800000,80.82,80.89,80.77,80.84,5713.735
1779944100000,80.84,80.98,80.84,80.9,10915.708
1779944400000,80.9,81.0,80.86,80.89,11216.25
1779944700000,80.89,80.9,80.74,80.79,4802.359
1779945000000,80.8,80.81,80.71,80.75,5115.565
1779945300000,80.75,80.77,80.46,80.56,8646.901
1779945600000,80.57,80.6,80.42,80.57,19467.411
1779945900000,80.57,80.62,80.5,80.51,9453.953
1779946200000,80.51,80.82,80.51,80.79,9467.775
1779946500000,80.78,80.89,80.73,80.88,3449.787
1779946800000,80.87,80.91,80.81,80.84,2241.168
1779947100000,80.84,80.89,80.63,80.74,10490.183
1779947400000,80.73,80.8,80.72,80.79,2203.553
1779947700000,80.79,80.8,80.64,80.7,5439.0
1779948000000,80.7,80.8,80.66,80.78,3101.16
1779948300000,80.77,80.88,80.76,80.82,11051.493
1779948600000,80.82,80.9,80.8,80.85,6862.797
1779948900000,80.84,80.9,80.8,80.86,5891.53
1779949200000,80.86,80.91,80.7,80.75,3304.48
1779949500000,80.75,80.78,80.65,80.77,6925.494
1779949800000,80.77,80.79,80.6,80.66,2847.096
1779950100000,80.66,80.66,80.53,80.63,4388.795
1779950400000,80.62,80.7,80.56,80.69,2520.689
1779950700000,80.69,81.12,80.69,80.97,15728.808
1779951000000,80.97,81.01,80.88,80.95,13998.715
1779951300000,80.95,81.03,80.92,80.97,4226.095
1779951600000,80.97,81.03,80.89,80.94,8196.96
1779951900000,80.94,81.03,80.86,81.02,4546.365
1779952200000,81.02,81.02,80.9,80.99,11542.956
1779952500000,80.99,81.17,80.99,81.01,13485.925
1779952800000,81.0,81.18,81.0,81.14,15125.295
1779953100000,81.14,81.16,81.04,81.05,5104.552
1779953400000,81.05,81.22,81.05,81.21,6016.538
1779953700000,81.22,81.3,81.19,81.19,6356.67
1779954000000,81.2,81.28,81.17,81.27,4853.013
1779954300000,81.27,81.27,81.16,81.17,6544.076
1779954600000,81.18,81.18,81.08,81.12,3754.508
1779954900000,81.12,81.27,81.11,81.26,11814.109
1779955200000,81.26,81.3,81.05,81.11,6267.343
1779955500000,81.11,81.27,81.1,81.17,3512.312
1779955800000,81.17,81.22,81.09,81.22,5013.666
1779956100000,81.22,81.22,81.08,81.12,3132.81
1779956400000,81.12,81.12,80.96,81.02,8524.408
1779956700000,81.02,81.03,80.87,80.94,4271.36
1779957000000,80.94,81.0,80.83,80.98,3689.53
1779957300000,80.98,81.1,80.96,81.08,3355.988
1779957600000,81.07,81.07,80.98,81.0,3458.735
1779957900000,81.01,81.11,80.99,81.04,4858.833
1779958200000,81.04,81.05,80.99,81.05,2282.563
1779958500000,81.04,81.05,80.98,80.99,2576.547
1779958800000,80.99,81.1,80.98,81.03,4185.907
1779959100000,81.03,81.07,80.91,80.92,6694.205
1779959400000,80.92,81.01,80.83,81.01,5223.769
1779959700000,81.0,81.11,80.95,81.11,2423.789
1779960000000,81.1,81.16,81.06,81.15,2760.24
1779960300000,81.15,81.2,81.14,81.17,3469.511
1779960600000,81.17,81.18,81.1,81.17,2922.21
1779960900000,81.17,81.26,81.06,81.1,7424.62
1779961200000,81.1,81.21,81.1,81.2,9115.664
1779961500000,81.2,81.31,81.19,81.29,7790.191
1779961800000,81.3,81.32,81.27,81.28,20763.319
1779962100000,81.28,81.3,81.18,81.22,11226.128
1779962400000,81.23,81.29,81.18,81.22,6275.98
1779962700000,81.22,81.26,81.17,81.21,9858.329
1779963000000,81.21,81.32,81.19,81.23,5366.882
1779963300000,81.22,81.27,81.07,81.11,5634.581
1779963600000,81.11,81.14,80.93,80.95,5566.821
1779963900000,80.95,81.04,80.91,81.04,3417.084
1779964200000,81.04,81.05,80.95,81.03,4813.168
1779964500000,81.04,81.11,81.01,81.06,1632.785
1779964800000,81.07,81.09,81.02,81.04,2644.261
1779965100000,81.04,81.1,80.98,80.99,3450.629
1779965400000,80.98,80.99,80.73,80.9,12215.93
1779965700000,80.9,80.9,80.72,80.75,3140.324
1779966000000,80.75,80.88,80.69,80.74,7935.574
1779966300000,80.73,80.76,80.6,80.72,2766.393
1779966600000,80.72,80.84,80.72,80.84,5323.667
1779966900000,80.84,80.89,80.76,80.85,4058.715
1779967200000,80.85,80.85,80.76,80.82,2341.222
1779967500000,80.82,80.83,80.68,80.76,3944.426
1779967800000,80.75,80.77,80.65,80.74,4151.27
1779968100000,80.73,80.79,80.7,80.78,1332.369
1779968400000,80.78,80.84,80.73,80.84,1892.705
1779968700000,80.84,80.84,80.77,80.81,1287.463
1779969000000,80.81,80.93,80.74,80.93,3581.903
1779969300000,80.93,80.93,80.86,80.88,1734.52
1779969600000,80.88,80.97,80.81,80.87,3432.403
1779969900000,80.87,80.9,80.81,80.88,1362.166
1779970200000,80.88,80.91,80.8,80.82,3407.085
1779970500000,80.82,80.87,80.67,80.72,10103.83
1779970800000,80.73,80.75,80.59,80.59,4291.405
1779971100000,80.6,80.81,80.59,80.75,2555.568
1779971400000,80.75,80.99,80.73,80.92,5619.826
1779971700000,80.92,81.09,80.85,81.09,6071.077
1779972000000,81.1,81.17,81.09,81.1,3606.475
1779972300000,81.1,81.25,81.09,81.23,4925.784
1779972600000,81.23,81.25,81.1,81.13,7242.676
1779972900000,81.13,81.15,81.09,81.13,1958.228
1779973200000,81.14,81.36,81.13,81.23,9672.149
1779973500000,81.23,81.24,80.87,80.9,5207.235
1779973800000,80.9,80.98,80.89,80.95,4586.008
1779974100000,80.94,81.01,80.87,80.96,2845.833
1779974400000,80.95,80.98,80.86,80.93,2005.407
1779974700000,80.92,81.05,80.73,81.05,10993.573
1779975000000,81.05,81.06,80.76,80.79,7963.499
1779975300000,80.78,80.85,80.57,80.78,21382.517
1779975600000,80.78,80.82,80.54,80.57,7509.428
1779975900000,80.58,80.73,80.53,80.63,8539.539
1779976200000,80.63,80.94,80.57,80.79,15996.112
1779976500000,80.8,80.86,80.72,80.79,3496.853
1779976800000,80.79,80.8,80.29,80.48,16073.042
1779977100000,80.47,80.53,80.02,80.52,28012.553
1779977400000,80.53,81.19,80.14,81.14,59648.719
1779977700000,81.13,81.66,81.0,81.56,32075.667
1779978000000,81.56,81.59,80.91,81.04,19263.287
1779978300000,81.04,81.25,80.96,81.1,9869.356
1779978600000,81.1,81.27,80.95,80.95,11157.327
1779978900000,80.94,81.04,80.82,80.9,6686.271
1779979200000,80.89,81.1,80.75,80.86,7786.752
1779979500000,80.87,80.97,80.7,80.79,9867.513
1779979800000,80.8,81.17,80.8,81.04,9366.223
1779980100000,81.04,81.24,81.04,81.19,8961.613
1779980400000,81.2,81.24,81.02,81.08,10594.016
1779980700000,81.08,81.31,80.87,80.92,7146.715
1779981000000,80.92,81.02,80.78,80.81,4253.28
1779981300000,80.8,80.9,80.65,80.68,4776.028
1779981600000,80.67,80.92,80.56,80.82,3383.717
1779981900000,80.83,81.02,80.81,81.01,3616.421
1779982200000,81.01,81.05,80.81,80.94,2900.297
1779982500000,80.93,81.17,80.93,81.03,10439.41
1779982800000,81.02,81.26,81.0,81.23,12212.882
1779983100000,81.24,81.38,81.14,81.16,12499.453
1779983400000,81.17,81.21,81.11,81.13,2009.996
1779983700000,81.12,81.19,81.03,81.14,3782.613
1779984000000,81.15,81.15,80.93,80.94,8015.348
1779984300000,80.94,81.15,80.91,81.14,5432.985
1779984600000,81.15,81.47,81.12,81.43,12575.669
1779984900000,81.44,81.59,81.29,81.51,17229.315
1779985200000,81.51,81.79,81.48,81.68,21614.243
1779985500000,81.68,81.73,81.53,81.53,7905.65
1779985800000,81.53,81.71,81.48,81.71,4174.135
1779986100000,81.71,81.79,81.65,81.74,3373.144
1779986400000,81.73,81.91,81.69,81.91,11831.193
1779986700000,81.91,82.04,81.84,81.89,11602.073
1779987000000,81.89,82.05,81.88,82.0,4392.884
1779987300000,82.0,82.18,81.99,82.07,11618.049
1779987600000,82.08,82.17,81.91,81.95,5824.026
1779987900000,81.94,82.14,81.84,82.07,7248.093
1779988200000,82.08,82.16,82.03,82.12,4066.319
1779988500000,82.12,82.29,82.02,82.27,8107.858
1779988800000,82.26,82.31,82.17,82.17,4049.672
1779989100000,82.17,82.25,82.05,82.16,4440.16
1779989400000,82.17,82.41,82.15,82.39,3769.724
1779989700000,82.39,82.49,82.29,82.49,5512.681
1779990000000,82.49,82.51,82.29,82.29,4506.045
1779990300000,82.3,82.64,82.3,82.4,9527.057
1779990600000,82.39,82.41,82.27,82.28,6038.932
1779990900000,82.29,82.35,82.19,82.3,2034.472
1779991200000,82.3,82.66,82.25,82.59,4618.631
1779991500000,82.6,82.9,82.56,82.76,26693.581
1779991800000,82.76,82.8,82.65,82.74,5909.277
1779992100000,82.74,82.98,82.74,82.76,25579.005
1779992400000,82.77,82.8,82.57,82.69,9176.62
1779992700000,82.7,82.71,82.61,82.63,2711.113
1779993000000,82.63,82.78,82.63,82.72,6878.491
1779993300000,82.71,82.73,82.59,82.64,5080.77
1779993600000,82.64,82.83,82.63,82.78,4755.856
1779993900000,82.78,82.96,82.77,82.79,12269.607
1779994200000,82.79,82.98,82.79,82.94,7337.371
1779994500000,82.93,83.01,82.82,82.9,6411.184
1779994800000,82.89,82.89,82.57,82.63,5863.354
1779995100000,82.63,82.7,82.53,82.53,3602.406
1779995400000,82.54,82.57,82.45,82.52,4334.491
1779995700000,82.52,82.52,82.41,82.52,2294.367
1779996000000,82.52,82.63,82.49,82.63,1818.598
1779996300000,82.63,82.7,82.58,82.7,2284.112
1779996600000,82.71,82.76,82.48,82.49,1433.198
1779996900000,82.48,82.5,82.35,82.4,5610.654
1779997200000,82.4,82.42,82.33,82.34,3584.606
1779997500000,82.35,82.44,82.35,82.43,2212.717
1779997800000,82.42,82.48,82.32,82.41,6028.632
1779998100000,82.4,82.4,82.17,82.19,11225.885
1779998400000,82.18,82.24,81.99,82.05,5186.624
1779998700000,82.06,82.07,81.78,81.97,8466.374
1779999000000,81.96,82.25,81.95,82.1,7034.084
1779999300000,82.1,82.34,82.06,82.34,3730.578
1779999600000,82.33,82.4,82.28,82.29,2453.974
1779999900000,82.3,82.46,82.29,82.43,2013.11
1780000200000,82.42,82.49,82.33,82.41,2817.893
1780000500000,82.41,82.51,82.41,82.44,2083.437
1780000800000,82.45,82.6,82.44,82.55,2139.769
1780001100000,82.55,82.55,82.45,82.5,1127.722
1780001400000,82.5,82.53,82.44,82.49,3148.762
1780001700000,82.49,82.49,82.29,82.3,2829.657
1780002000000,82.3,82.39,82.25,82.27,2207.331
1780002300000,82.27,82.45,82.22,82.42,4383.468
1780002600000,82.42,82.66,82.41,82.59,5476.064
1780002900000,82.59,82.66,82.54,82.55,2763.872
1780003200000,82.55,82.65,82.54,82.59,4357.129
1780003500000,82.58,82.7,82.53,82.54,2984.488
1780003800000,82.53,82.56,82.5,82.54,2656.303
1780004100000,82.53,82.65,82.47,82.61,5116.714
1780004400000,82.61,82.68,82.52,82.62,8005.384
1780004700000,82.61,82.62,82.5,82.52,3863.137
1780005000000,82.52,82.56,82.48,82.51,5334.706
1780005300000,82.5,82.55,82.44,82.44,6239.733
1780005600000,82.44,82.63,82.37,82.37,3011.395
1780005900000,82.37,82.43,82.32,82.4,1938.596
1780006200000,82.4,82.4,82.3,82.37,1466.274
1780006500000,82.37,82.37,82.19,82.19,1478.238
1780006800000,82.19,82.23,82.11,82.22,3154.592
1780007100000,82.21,82.36,82.07,82.09,16898.259
1780007400000,82.09,82.13,81.97,81.98,3152.465
1780007700000,81.99,82.05,81.93,81.99,4547.913
1780008000000,81.98,82.01,81.91,81.95,1356.683
1780008300000,81.95,82.12,81.94,82.07,3885.895
1780008600000,82.07,82.15,82.05,82.08,1869.563
1780008900000,82.09,82.09,82.02,82.04,844.268
1780009200000,82.03,82.13,82.02,82.08,3040.594
1780009500000,82.09,82.12,82.08,82.09,1354.771
1780009800000,82.1,82.2,82.09,82.2,1854.626
1780010100000,82.19,82.25,82.14,82.14,1532.98
1780010400000,82.14,82.16,82.07,82.11,3749.789
1780010700000,82.11,82.28,82.11,82.25,2461.932
1780011000000,82.25,82.25,82.12,82.12,2256.889
1780011300000,82.12,82.18,82.08,82.09,3942.406
1780011600000,82.09,82.17,82.0,82.17,3551.947
1780011900000,82.16,82.16,82.0,82.03,2623.327
1780012200000,82.03,82.07,82.02,82.06,2320.258
1780012500000,82.05,82.16,82.04,82.11,3879.299
1780012800000,82.12,82.35,82.12,82.22,5512.929
1780013100000,82.21,82.29,82.17,82.28,4075.569
1780013400000,82.29,82.4,82.26,82.29,5293.709
1780013700000,82.28,82.4,82.18,82.32,3533.924
1780014000000,82.32,82.4,82.29,82.39,2373.682
1780014300000,82.4,82.46,82.33,82.36,2993.965
1780014600000,82.37,82.37,82.28,82.33,2624.403
1780014900000,82.33,82.48,82.32,82.46,1336.674
1780015200000,82.46,82.46,82.37,82.45,4435.038
1780015500000,82.44,82.44,82.35,82.37,6163.208
1780015800000,82.36,82.45,82.26,82.26,4164.845
1780016100000,82.25,82.34,82.23,82.33,1719.217
1780016400000,82.33,82.42,82.33,82.37,2740.941
1780016700000,82.38,82.48,82.38,82.45,5111.179
1780017000000,82.45,82.45,82.3,82.34,1913.104
1780017300000,82.35,82.41,82.27,82.27,6271.959
1780017600000,82.27,82.27,82.11,82.15,5811.302
1780017900000,82.16,82.23,82.08,82.13,2426.258
1780018200000,82.12,82.17,82.06,82.17,2680.027
1780018500000,82.16,82.18,82.09,82.13,4262.081
1780018800000,82.13,82.27,82.11,82.27,2237.218
1780019100000,82.27,82.32,82.09,82.1,2741.194
1780019400000,82.1,82.29,82.1,82.29,6766.802
1780019700000,82.29,82.32,82.18,82.21,1809.575
1780020000000,82.21,82.32,82.13,82.27,3758.147
1780020300000,82.26,82.28,82.15,82.24,3892.049
1780020600000,82.24,82.25,82.16,82.18,5454.64
1780020900000,82.18,82.21,82.09,82.19,3398.4
1780021200000,82.19,82.19,81.93,81.94,6667.023
1780021500000,81.94,81.96,81.81,81.83,8268.431
1780021800000,81.83,81.88,81.7,81.85,30173.137
1780022100000,81.85,81.95,81.85,81.95,3448.077
1780022400000,81.95,81.95,81.67,81.72,4329.275
1780022700000,81.72,81.76,81.69,81.73,3570.05
1780023000000,81.72,81.75,81.51,81.51,6124.219
1780023300000,81.52,81.57,81.47,81.57,6318.339
1780023600000,81.57,81.68,81.57,81.65,1964.961
1780023900000,81.65,81.96,81.65,81.92,5217.036
1780024200000,81.92,81.95,81.86,81.9,4957.264
1780024500000,81.9,81.9,81.75,81.81,4736.878
1780024800000,81.82,81.83,81.68,81.73,2627.662
1780025100000,81.73,81.76,81.68,81.71,2237.412
1780025400000,81.7,81.82,81.61,81.79,3560.133
1780025700000,81.79,81.79,81.58,81.62,3711.009
1780026000000,81.62,81.68,81.62,81.65,1473.034
1780026300000,81.64,81.65,81.59,81.63,3572.385
1780026600000,81.64,81.71,81.52,81.65,3490.272
1780026900000,81.64,81.67,81.6,81.61,2581.753
1780027200000,81.62,81.7,81.61,81.68,4346.374
1780027500000,81.69,81.69,81.42,81.43,7590.447
1780027800000,81.44,81.52,81.36,81.48,6799.568
1780028100000,81.48,81.59,81.48,81.53,2979.961
1780028400000,81.53,81.64,81.51,81.62,2033.448
1780028700000,81.62,81.72,81.62,81.71,2655.123
1780029000000,81.72,81.8,81.67,81.77,3682.17
1780029300000,81.77,81.81,81.72,81.77,5814.086
1780029600000,81.77,81.78,81.74,81.76,4779.467
1780029900000,81.77,81.85,81.76,81.83,9249.845
1780030200000,81.84,81.84,81.74,81.81,4376.426
1780030500000,81.82,81.94,81.78,81.93,4342.627
1780030800000,81.93,82.13,81.91,82.1,7608.306
1780031100000,82.09,82.14,82.04,82.14,6371.156
1780031400000,82.14,82.2,82.05,82.09,4922.635
1780031700000,82.09,82.15,81.98,82.01,4589.897
1780032000000,82.01,82.01,81.91,81.97,5374.295
1780032300000,81.97,82.02,81.94,81.99,1322.87
1780032600000,81.99,81.99,81.86,81.9,2665.157
1780032900000,81.89,81.91,81.82,81.89,5008.143
1780033200000,81.9,81.91,81.84,81.88,3112.278
1780033500000,81.89,82.14,81.87,82.08,9317.157
1780033800000,82.09,82.09,82.02,82.05,4582.378
1780034100000,82.05,82.08,82.0,82.07,4027.137
1780034400000,82.06,82.13,82.02,82.12,5122.393
1780034700000,82.11,82.13,82.04,82.12,5625.396
1780035000000,82.12,82.23,82.08,82.23,4117.693
1780035300000,82.22,82.27,82.19,82.22,4130.858
1780035600000,82.23,82.49,82.22,82.32,9173.767
1780035900000,82.32,82.34,82.23,82.24,1729.148
1780036200000,82.23,82.23,82.11,82.11,2436.519
1780036500000,82.12,82.15,82.04,82.09,3104.74
1780036800000,82.08,82.17,82.07,82.17,3981.551
1780037100000,82.16,82.27,82.16,82.22,2671.736
1780037400000,82.22,82.38,82.19,82.29,3793.74
1780037700000,82.29,82.31,82.25,82.31,1905.206
1780038000000,82.31,82.33,82.21,82.32,6159.956
1780038300000,82.31,82.34,82.28,82.31,1199.195
1780038600000,82.31,82.42,82.3,82.4,6194.303
1780038900000,82.39,82.43,82.34,82.38,7640.068
1780039200000,82.38,82.46,82.36,82.41,7087.057
1780039500000,82.41,82.41,82.29,82.36,6666.944
1780039800000,82.37,82.37,82.14,82.18,19312.751
1780040100000,82.17,82.2,82.02,82.07,13854.236
1780040400000,82.06,82.06,81.94,81.98,15428.017
1780040700000,81.98,82.07,81.92,82.06,11227.283
1780041000000,82.05,82.13,82.05,82.09,12491.184
1780041300000,82.08,82.3,82.08,82.24,15366.978
1780041600000,82.25,82.49,82.22,82.32,9578.739
1780041900000,82.32,82.38,82.23,82.36,5439.964
1780042200000,82.35,82.36,82.27,82.31,2726.712
1780042500000,82.31,82.36,82.27,82.35,3632.913
1780042800000,82.35,82.48,82.33,82.37,9791.523
1780043100000,82.37,82.49,82.37,82.39,4608.302
1780043400000,82.38,82.41,82.28,82.41,4501.449
1780043700000,82.41,82.42,82.35,82.42,2481.584
1780044000000,82.41,82.45,82.35,82.39,3323.222
1780044300000,82.4,82.41,82.27,82.27,4706.374
1780044600000,82.27,82.32,82.24,82.27,3839.504
1780044900000,82.28,82.29,82.18,82.22,2435.329
1780045200000,82.23,82.34,82.21,82.28,3231.839
1780045500000,82.29,82.4,82.29,82.4,3170.335
1780045800000,82.4,82.5,82.39,82.44,4808.035
1780046100000,82.43,82.65,82.43,82.6,4446.201
1780046400000,82.6,82.6,82.45,82.53,7184.401
1780046700000,82.53,82.6,82.48,82.58,4859.985
1780047000000,82.57,82.6,82.45,82.47,4541.196
1780047300000,82.47,82.49,82.42,82.49,4128.432
1780047600000,82.49,82.52,82.44,82.46,4857.468
1780047900000,82.46,82.49,82.42,82.42,4897.084
1780048200000,82.42,82.45,82.41,82.44,2651.271
1780048500000,82.44,82.5,82.4,82.44,13300.79
1780048800000,82.44,82.45,82.3,82.35,9475.893
1780049100000,82.35,82.43,82.28,82.29,6914.02
1780049400000,82.29,82.33,82.28,82.3,3889.093
1780049700000,82.3,82.33,82.24,82.26,3646.996
1780050000000,82.26,82.33,82.26,82.3,3742.4
1780050300000,82.3,82.3,82.22,82.25,3850.524
1780050600000,82.24,82.24,82.09,82.15,4626.532
1780050900000,82.14,82.26,82.13,82.18,2832.182
1780051200000,82.17,82.17,82.11,82.15,3366.385
1780051500000,82.14,82.2,82.1,82.19,6006.707
1780051800000,82.19,82.24,82.14,82.16,3435.803
1780052100000,82.17,82.21,82.15,82.15,4175.897
1780052400000,82.15,82.15,82.07,82.08,9048.395
1780052700000,82.08,82.18,82.06,82.07,5429.965
1780053000000,82.07,82.14,82.04,82.09,8484.669
1780053300000,82.09,82.15,82.08,82.15,3053.074
1780053600000,82.15,82.21,82.11,82.16,4430.088
1780053900000,82.16,82.16,81.97,82.04,6043.624
1780054200000,82.05,82.07,81.95,82.07,4615.365
1780054500000,82.06,82.07,81.85,81.85,6593.168
1780054800000,81.86,81.89,81.8,81.87,8152.464
1780055100000,81.87,81.89,81.72,81.73,4533.751
1780055400000,81.73,81.74,81.52,81.66,17040.079
1780055700000,81.65,81.78,81.61,81.77,5049.544
1780056000000,81.76,81.79,81.66,81.74,6703.897
1780056300000,81.73,81.73,81.6,81.66,9674.577
1780056600000,81.66,81.71,81.58,81.66,9343.311
1780056900000,81.65,81.78,81.58,81.71,8804.998
1780057200000,81.72,81.73,81.65,81.66,5395.042
1780057500000,81.65,81.7,81.64,81.67,3429.816
1780057800000,81.67,81.75,81.46,81.53,19335.789
1780058100000,81.52,81.53,81.38,81.39,5791.191
1780058400000,81.39,81.46,81.31,81.45,6557.519
1780058700000,81.44,81.47,81.31,81.42,4179.034
1780059000000,81.42,81.62,81.41,81.56,6212.903
1780059300000,81.55,81.57,81.46,81.48,4079.45
1780059600000,81.48,81.48,81.3,81.34,5990.746
1780059900000,81.34,81.42,81.27,81.34,10208.118
1780060200000,81.34,81.34,81.2,81.28,7694.756
1780060500000,81.27,81.39,81.27,81.39,2569.997
1780060800000,81.38,81.42,81.31,81.37,2954.715
1780061100000,81.37,81.42,81.27,81.37,3387.04
1780061400000,81.36,81.36,81.1,81.12,15381.735
1780061700000,81.11,81.61,81.11,81.49,6227.493
1780062000000,81.48,81.57,81.34,81.55,6164.25
1780062300000,81.56,81.78,81.45,81.46,11310.308
1780062600000,81.45,81.49,81.32,81.39,7450.913
1780062900000,81.39,81.57,81.38,81.44,8063.415
1780063200000,81.44,81.56,81.4,81.51,7138.013
1780063500000,81.5,81.51,81.19,81.28,8205.488
1780063800000,81.27,81.46,81.21,81.39,6863.631
1780064100000,81.38,81.45,80.96,81.01,15165.177
1780064400000,81.01,81.13,80.82,80.88,11371.953
1780064700000,80.89,80.94,80.35,80.89,31771.075
1780065000000,80.88,81.02,80.7,80.99,17271.879
1780065300000,80.99,81.01,80.72,80.73,10485.573
1780065600000,80.73,80.84,80.47,80.59,23554.947
1780065900000,80.58,80.93,80.51,80.84,25911.655
1780066200000,80.84,81.58,80.84,81.2,39898.731
1780066500000,81.2,81.49,81.18,81.33,15864.914
1780066800000,81.33,81.62,81.2,81.62,15573.828
1780067100000,81.62,82.12,81.57,82.08,40785.998
1780067400000,82.09,82.25,82.05,82.12,20960.777
1780067700000,82.12,82.32,81.91,82.16,25692.801
1780068000000,82.15,82.2,82.04,82.19,7572.979
1780068300000,82.19,82.69,81.96,82.63,41486.949
1780068600000,82.64,83.19,82.62,83.09,43117.963
1780068900000,83.08,83.24,82.94,83.11,28089.766
1780069200000,83.1,83.22,82.3,82.45,47513.005
1780069500000,82.45,82.71,82.41,82.69,17696.339
1780069800000,82.7,82.7,82.32,82.45,21950.358
1780070100000,82.45,82.63,82.41,82.59,8535.97
1780070400000,82.58,82.7,82.53,82.64,11507.07
1780070700000,82.64,82.76,82.57,82.72,9783.895
1780071000000,82.71,82.9,82.71,82.79,7001.314
1780071300000,82.8,82.92,82.48,82.51,11461.304
1780071600000,82.52,82.55,82.27,82.33,6162.464
1780071900000,82.34,82.37,82.2,82.34,7123.331
1780072200000,82.33,83.01,82.33,82.94,18844.948
1780072500000,82.94,83.06,82.8,82.96,10786.372
1780072800000,82.95,83.13,82.88,82.96,7870.27
1780073100000,82.96,83.04,82.84,82.95,4921.194
1780073400000,82.94,83.03,82.77,82.99,7047.238
1780073700000,82.98,83.03,82.83,82.93,8970.669
1780074000000,82.93,83.09,82.81,82.81,8518.606
1780074300000,82.82,82.99,82.71,82.97,7395.018
1780074600000,82.97,83.17,82.96,83.08,26577.431
1780074900000,83.09,83.18,82.98,83.1,16038.169
1780075200000,83.11,83.17,82.99,83.12,16896.072
1780075500000,83.11,83.13,82.98,83.09,3003.954
1780075800000,83.09,83.2,83.07,83.17,7031.6
1780076100000,83.17,83.22,83.07,83.15,5855.831
1780076400000,83.15,83.15,83.0,83.02,2989.317
1780076700000,83.02,83.02,82.8,82.82,8745.607
1780077000000,82.82,82.87,82.7,82.77,5977.235
1780077300000,82.76,82.82,82.67,82.79,3690.25
1780077600000,82.8,82.84,82.69,82.76,2593.031
1780077900000,82.77,82.93,82.75,82.89,5749.754
1780078200000,82.89,83.0,82.85,82.93,3479.978
1780078500000,82.92,82.93,82.73,82.76,9056.602
1780078800000,82.77,82.82,82.67,82.68,4538.638
1780079100000,82.69,82.75,82.56,82.64,9526.914
1780079400000,82.65,82.73,82.64,82.71,5057.948
1780079700000,82.72,82.8,82.58,82.76,4255.953
1780080000000,82.75,82.79,82.7,82.72,2421.653
1780080300000,82.72,82.72,82.28,82.32,11230.294
1780080600000,82.33,82.39,81.82,82.01,20362.294
1780080900000,82.01,82.07,81.85,82.07,12624.606
1780081200000,82.06,82.17,81.95,82.16,3525.647
1780081500000,82.16,82.21,82.13,82.13,5495.801
1780081800000,82.14,82.15,81.87,81.89,2828.091
1780082100000,81.89,81.93,81.6,81.68,5297.948
1780082400000,81.68,81.8,81.65,81.76,4363.123
1780082700000,81.77,81.91,81.77,81.91,2028.36
1780083000000,81.91,82.26,81.91,82.15,5426.922
1780083300000,82.16,82.33,82.16,82.31,8547.645
1780083600000,82.32,82.41,82.28,82.31,6178.039
1780083900000,82.32,82.34,82.21,82.24,1779.655
1780084200000,82.25,82.27,82.11,82.16,7655.246
1780084500000,82.16,82.21,82.06,82.06,4088.005
1780084800000,82.06,82.18,82.01,82.11,4360.907
1780085100000,82.12,82.24,82.08,82.23,2600.15
1780085400000,82.23,82.3,82.2,82.24,1841.461
1780085700000,82.23,82.23,82.1,82.17,1574.662
1780086000000,82.16,82.33,82.16,82.33,4231.309
1780086300000,82.34,82.34,82.23,82.26,2218.759
1780086600000,82.25,82.33,82.25,82.3,903.856
1780086900000,82.3,82.32,82.22,82.25,3659.908
1780087200000,82.24,82.3,82.23,82.28,1442.281
1780087500000,82.28,82.39,82.23,82.27,8559.967
1780087800000,82.27,82.29,82.11,82.15,2082.19
1780088100000,82.14,82.25,82.05,82.22,8088.059
1780088400000,82.23,82.24,82.16,82.19,1639.643
1780088700000,82.19,82.3,82.19,82.22,1815.815
1780089000000,82.23,82.4,82.21,82.32,14162.18
1780089300000,82.32,82.32,82.21,82.23,2343.832
1780089600000,82.23,82.23,81.99,82.08,13486.922
1780089900000,82.08,82.08,81.93,81.95,1288.268
1780090200000,81.94,81.98,81.86,81.9,3863.624
1780090500000,81.89,81.97,81.84,81.97,3407.524
1780090800000,81.97,82.1,81.97,82.05,5474.127
1780091100000,82.06,82.1,81.9,81.92,2027.223
1780091400000,81.91,81.94,81.76,81.79,2513.653
1780091700000,81.78,81.78,81.7,81.71,4682.35
1780092000000,81.71,81.82,81.62,81.64,3297.197
1780092300000,81.64,81.68,81.62,81.65,10189.53
1780092600000,81.65,81.73,81.63,81.69,6610.647
1780092900000,81.69,81.89,81.68,81.89,3599.088
1780093200000,81.89,82.02,81.88,81.89,4808.294
1780093500000,81.88,81.9,81.85,81.89,2618.137
1780093800000,81.9,82.01,81.9,81.93,14050.344
1780094100000,81.93,81.95,81.86,81.89,3163.388
1780094400000,81.9,81.93,81.87,81.92,1685.601
1780094700000,81.93,81.96,81.89,81.92,9170.863
1780095000000,81.93,81.95,81.81,81.9,4898.696
1780095300000,81.91,82.0,81.91,81.99,7574.591
1780095600000,81.98,82.0,81.89,82.0,2573.238
1780095900000,82.0,82.09,81.98,81.99,7753.328
1780096200000,82.0,82.06,81.92,81.96,3676.948
1780096500000,81.96,82.03,81.92,81.95,1783.181
1780096800000,81.95,82.0,81.86,81.9,5632.661
1780097100000,81.9,81.96,81.89,81.94,1169.321
1780097400000,81.94,81.98,81.83,81.88,5513.962
1780097700000,81.88,81.91,81.76,81.91,5694.24
1780098000000,81.9,82.0,81.9,82.0,2526.627
1780098300000,81.99,81.99,81.94,81.97,2905.621
1780098600000,81.96,82.11,81.96,82.03,6584.852
1780098900000,82.04,82.07,82.0,82.04,6745.204
1780099200000,82.04,82.14,81.97,81.98,3221.546
1780099500000,81.98,82.18,81.94,82.17,5473.411
1780099800000,82.17,82.21,82.07,82.08,2795.205
1780100100000,82.09,82.2,82.09,82.13,1516.827
1780100400000,82.13,82.22,82.13,82.18,2042.078
1780100700000,82.18,82.23,82.12,82.12,1382.714
1780101000000,82.13,82.16,82.07,82.13,1985.09
1780101300000,82.12,82.24,82.08,82.24,2011.028
1780101600000,82.24,82.31,82.19,82.29,9904.768
1780101900000,82.28,82.31,82.24,82.26,4901.656
1780102200000,82.25,82.34,82.25,82.29,5796.955
1780102500000,82.29,82.35,82.28,82.29,3385.999
1780102800000,82.3,82.36,82.22,82.31,3045.357
1780103100000,82.31,82.4,82.27,82.4,1706.366
1780103400000,82.39,82.5,82.38,82.49,7271.86
1780103700000,82.5,82.6,82.46,82.6,4341.271
1780104000000,82.6,82.62,82.53,82.6,2278.429
1780104300000,82.6,82.68,82.6,82.63,4446.731
1780104600000,82.62,83.0,82.58,82.77,17536.057
1780104900000,82.76,82.83,82.74,82.76,3881.194
1780105200000,82.77,82.81,82.72,82.75,2715.431
1780105500000,82.75,82.85,82.75,82.84,3473.866
1780105800000,82.84,82.85,82.73,82.8,5997.559
1780106100000,82.8,82.85,82.79,82.82,2953.775
1780106400000,82.82,83.02,82.81,82.97,8754.469
1780106700000,82.97,82.99,82.93,82.97,1255.058
1780107000000,82.97,82.99,82.89,82.95,3840.522
1780107300000,82.95,83.03,82.92,82.92,2919.372
1780107600000,82.92,82.93,82.78,82.8,3308.797
1780107900000,82.8,82.82,82.77,82.81,2829.317
1780108200000,82.8,82.98,82.8,82.94,3017.098
1780108500000,82.95,82.96,82.89,82.89,1564.225
1780108800000,82.88,82.99,82.86,82.93,5527.447
1780109100000,82.94,82.96,82.85,82.85,1214.932
1780109400000,82.86,82.98,82.86,82.98,1352.648
1780109700000,82.97,83.01,82.94,82.98,4963.495
1780110000000,82.97,83.1,82.94,83.09,5364.581
1780110300000,83.09,83.09,83.03,83.05,2830.209
1780110600000,83.04,83.05,82.96,82.97,2989.617
1780110900000,82.97,82.97,82.89,82.9,3001.232
1780111200000,82.9,83.0,82.88,82.89,2515.488
1780111500000,82.9,82.92,82.85,82.87,1560.863
1780111800000,82.87,82.87,82.76,82.83,4219.668
1780112100000,82.83,82.84,82.78,82.81,933.09
1780112400000,82.81,82.82,82.68,82.7,3787.765
1780112700000,82.7,82.81,82.7,82.78,2160.395
1780113000000,82.78,82.78,82.69,82.69,2102.035
1780113300000,82.69,82.7,82.62,82.67,2931.539
1780113600000,82.67,82.8,82.66,82.67,4058.809
1780113900000,82.67,82.67,82.51,82.52,6553.362
1780114200000,82.51,82.71,82.51,82.7,6628.257
1780114500000,82.71,82.71,82.53,82.56,2454.723
1780114800000,82.56,82.58,82.47,82.49,8102.705
1780115100000,82.49,82.49,82.16,82.21,12092.888
1780115400000,82.2,82.2,81.94,82.0,8360.333
1780115700000,82.0,82.07,81.86,82.03,10337.349
1780116000000,82.03,82.16,82.01,82.16,4194.221
1780116300000,82.15,82.31,82.13,82.3,7064.377
1780116600000,82.29,82.33,82.23,82.28,5279.14
1780116900000,82.28,82.33,82.27,82.33,3759.55
1780117200000,82.32,82.39,82.2,82.31,31938.657
1780117500000,82.32,82.77,82.32,82.45,21894.164
1780117800000,82.44,82.54,82.44,82.52,3646.035
1780118100000,82.53,82.56,82.45,82.51,2324.209
1780118400000,82.51,82.55,82.5,82.52,1838.02
1780118700000,82.53,82.56,82.46,82.46,3629.474
1780119000000,82.47,82.5,82.46,82.47,813.546
1780119300000,82.47,82.55,82.44,82.54,3457.409
1780119600000,82.53,82.54,82.49,82.52,1209.917
1780119900000,82.52,82.68,82.52,82.62,3691.057
1780120200000,82.62,82.66,82.56,82.59,1610.954
1780120500000,82.59,82.63,82.58,82.6,1236.501
1780120800000,82.59,82.61,82.5,82.5,1543.366
1780121100000,82.51,82.51,82.39,82.43,2837.7
1780121400000,82.43,82.49,82.42,82.45,2151.786
1780121700000,82.44,82.48,82.43,82.47,1688.899
1780122000000,82.47,82.56,82.47,82.56,1402.986
1780122300000,82.55,82.7,82.55,82.69,6732.554
1780122600000,82.7,82.74,82.63,82.68,3094.228
1780122900000,82.67,82.74,82.66,82.67,1823.966
1780123200000,82.67,82.67,82.63,82.64,1492.985
1780123500000,82.64,82.65,82.52,82.53,1205.782
1780123800000,82.52,82.56,82.49,82.53,2254.034
1780124100000,82.53,82.54,82.43,82.47,3246.096
1780124400000,82.48,82.48,82.27,82.3,5695.476
1780124700000,82.31,82.39,82.28,82.36,4891.035
1780125000000,82.35,82.39,82.31,82.37,2690.528
1780125300000,82.36,82.42,82.35,82.39,1841.014
1780125600000,82.38,82.43,82.36,82.43,1242.14
1780125900000,82.43,82.49,82.42,82.46,3149.798
1780126200000,82.46,82.52,82.43,82.47,1953.212
1780126500000,82.47,82.47,82.32,82.33,3228.558
1780126800000,82.33,82.34,82.3,82.31,876.07
1780127100000,82.3,82.35,82.26,82.34,2225.507
1780127400000,82.33,82.35,82.3,82.32,3531.743
1780127700000,82.31,82.38,82.27,82.37,1429.379
1780128000000,82.37,82.39,82.33,82.37,2253.606
1780128300000,82.36,82.39,82.34,82.35,1065.126
1780128600000,82.35,82.37,82.31,82.36,1050.069
1780128900000,82.36,82.37,82.27,82.28,1096.279
1780129200000,82.28,82.4,82.28,82.4,1103.444
1780129500000,82.39,82.41,82.33,82.36,1575.976
1780129800000,82.35,82.39,82.34,82.34,1374.285
1780130100000,82.34,82.35,82.28,82.28,1409.582
1780130400000,82.27,82.28,82.2,82.23,4220.088
1780130700000,82.23,82.26,82.19,82.25,1059.305
1780131000000,82.26,82.3,82.25,82.27,2595.375
1780131300000,82.26,82.26,82.21,82.23,1964.794
1780131600000,82.23,82.26,82.21,82.26,1879.994
1780131900000,82.26,82.3,82.2,82.29,3832.106
1780132200000,82.3,82.3,82.26,82.28,1763.277
1780132500000,82.28,82.31,82.22,82.23,5917.607
1780132800000,82.23,82.28,82.23,82.28,1340.477
1780133100000,82.28,82.31,82.27,82.31,774.648
1780133400000,82.31,82.37,82.27,82.29,4761.592
1780133700000,82.3,82.35,82.28,82.32,4611.135
1780134000000,82.32,82.33,82.29,82.32,733.933
1780134300000,82.31,82.35,82.28,82.29,1441.873
1780134600000,82.29,82.39,82.28,82.37,1845.026
1780134900000,82.37,82.37,82.31,82.34,1359.269
1780135200000,82.34,82.37,82.3,82.34,1630.615
1780135500000,82.35,82.44,82.33,82.39,1776.919
1780135800000,82.38,82.44,82.38,82.41,1209.648
1780136100000,82.41,82.51,82.4,82.51,2709.188
1780136400000,82.51,82.51,82.43,82.49,2393.635
1780136700000,82.48,82.5,82.4,82.41,2519.584
1780137000000,82.42,82.47,82.41,82.45,1430.533
1780137300000,82.44,82.45,82.42,82.42,554.165
1780137600000,82.42,82.49,82.42,82.47,1229.29
1780137900000,82.46,82.47,82.44,82.45,455.697
1780138200000,82.44,82.48,82.44,82.45,1520.615
1780138500000,82.46,82.46,82.35,82.38,7898.509
1780138800000,82.39,82.4,82.34,82.35,1260.893
1780139100000,82.34,82.38,82.27,82.3,2016.826
1780139400000,82.29,82.34,82.29,82.32,838.457
1780139700000,82.33,82.34,82.22,82.23,2596.27
1780140000000,82.23,82.28,82.22,82.28,2638.607
1780140300000,82.28,82.36,82.28,82.33,1615.35
1780140600000,82.33,82.38,82.32,82.37,738.475
1780140900000,82.37,82.55,82.37,82.49,2577.637
1780141200000,82.49,82.51,82.42,82.44,1233.93
1780141500000,82.43,82.46,82.35,82.37,1987.124
1780141800000,82.38,82.38,82.31,82.37,1464.03
1780142100000,82.37,82.37,82.32,82.33,580.634
1780142400000,82.33,82.33,82.27,82.3,3661.407
1780142700000,82.29,82.33,82.29,82.3,1233.834
1780143000000,82.29,82.3,82.25,82.28,4514.849
1780143300000,82.28,82.36,82.27,82.36,7784.657
1780143600000,82.35,82.37,82.32,82.36,2427.653
1780143900000,82.35,82.41,82.33,82.34,3230.599
1780144200000,82.34,82.41,82.34,82.36,1707.472
1780144500000,82.36,82.36,82.31,82.32,5316.41
1780144800000,82.32,82.34,82.29,82.34,3669.952
1780145100000,82.33,82.36,82.28,82.32,4630.193
1780145400000,82.32,82.34,82.28,82.34,2411.097
1780145700000,82.33,82.44,82.33,82.43,2463.929
1780146000000,82.43,82.54,82.42,82.5,6600.947
1780146300000,82.49,82.51,82.45,82.51,3765.448
1780146600000,82.51,82.53,82.5,82.5,973.943
1780146900000,82.5,82.5,82.43,82.46,2730.05
1780147200000,82.46,82.57,82.46,82.52,4716.575
1780147500000,82.52,82.52,82.47,82.47,1051.517
1780147800000,82.48,82.48,82.32,82.36,3422.561
1780148100000,82.36,82.36,82.25,82.3,3784.561
1780148400000,82.3,82.42,82.29,82.42,2250.929
1780148700000,82.42,82.42,82.38,82.39,2624.763
1780149000000,82.38,82.48,82.38,82.48,2483.414
1780149300000,82.48,82.51,82.45,82.48,1084.778
1780149600000,82.48,82.59,82.44,82.55,3622.897
1780149900000,82.55,82.59,82.46,82.48,4672.076
1780150200000,82.47,82.59,82.46,82.51,6955.262
1780150500000,82.51,82.64,82.43,82.62,2804.876
1780150800000,82.62,82.63,82.53,82.56,2575.64
1780151100000,82.57,82.7,82.54,82.67,7689.59
1780151400000,82.68,82.79,82.61,82.73,13206.344
1780151700000,82.73,82.76,82.65,82.69,6910.112
1780152000000,82.7,82.75,82.66,82.66,4124.196
1780152300000,82.66,82.69,82.57,82.65,7118.34
1780152600000,82.65,82.65,82.58,82.64,1715.825
1780152900000,82.63,82.66,82.6,82.63,5670.779
1780153200000,82.63,82.71,82.57,82.59,6816.733
1780153500000,82.6,82.66,82.57,82.63,3668.071
1780153800000,82.64,82.92,82.63,82.86,5063.228
1780154100000,82.87,82.87,82.71,82.78,8951.661
1780154400000,82.78,82.78,82.61,82.66,4133.597
1780154700000,82.66,82.73,82.66,82.69,2028.389
1780155000000,82.7,82.71,82.57,82.65,6154.72
1780155300000,82.64,82.69,82.5,82.53,28308.702
1780155600000,82.52,82.56,82.48,82.52,6534.96
1780155900000,82.52,82.65,82.52,82.64,3667.094
1780156200000,82.63,82.74,82.59,82.7,3921.83
1780156500000,82.69,82.7,82.63,82.69,1802.952
1780156800000,82.68,82.7,82.63,82.68,7787.303
1780157100000,82.68,82.77,82.68,82.74,2563.15
1780157400000,82.74,82.88,82.73,82.86,3159.22
1780157700000,82.85,82.89,82.69,82.74,2664.549
1780158000000,82.74,82.78,82.7,82.73,3048.445
1780158300000,82.73,82.79,82.72,82.77,2171.875
1780158600000,82.77,82.9,82.77,82.88,2671.947
1780158900000,82.88,82.92,82.84,82.91,4053.56
1780159200000,82.92,82.92,82.83,82.85,1877.685
1780159500000,82.86,82.92,82.75,82.86,2926.525
1780159800000,82.86,82.88,82.82,82.88,1619.766
1780160100000,82.87,82.91,82.87,82.89,1953.12
1780160400000,82.88,82.97,82.86,82.94,3751.506
1780160700000,82.95,82.98,82.81,82.85,4596.208
1780161000000,82.84,82.91,82.8,82.89,3188.32
1780161300000,82.89,82.93,82.8,82.9,2616.809
1780161600000,82.9,83.05,82.89,82.97,7141.703
1780161900000,82.98,82.99,82.89,82.9,2856.81
1780162200000,82.89,82.9,82.63,82.74,8468.791
1780162500000,82.74,82.83,82.67,82.83,3362.091
1780162800000,82.82,82.89,82.82,82.89,2337.796
1780163100000,82.89,83.04,82.89,83.01,2989.124
1780163400000,83.01,83.05,82.99,83.02,2040.949
1780163700000,83.02,83.06,82.98,83.05,3709.038
1780164000000,83.05,83.08,83.02,83.07,2489.759
1780164300000,83.07,83.12,83.0,83.06,9687.504
1780164600000,83.06,83.07,82.98,82.99,1202.709
1780164900000,82.98,83.06,82.96,83.06,3757.301
1780165200000,83.06,83.12,82.97,82.97,3513.608
1780165500000,82.97,82.97,82.88,82.91,3475.48
1780165800000,82.9,82.99,82.87,82.96,2102.698
1780166100000,82.96,83.01,82.93,82.97,1620.12
1780166400000,82.98,83.07,82.97,83.07,1430.282
1780166700000,83.08,83.14,83.0,83.05,2426.125
1780167000000,83.04,83.04,82.95,83.02,3028.191
1780167300000,83.02,83.07,82.99,83.03,6177.206
1780167600000,83.02,83.05,82.93,83.05,3447.338
1780167900000,83.04,83.04,82.93,82.94,2014.715
1780168200000,82.94,82.97,82.9,82.95,3220.083
1780168500000,82.95,83.02,82.95,82.98,2555.054
1780168800000,82.97,83.0,82.89,82.89,2945.223
1780169100000,82.89,82.95,82.83,82.86,4205.721
1780169400000,82.85,82.86,82.78,82.81,1964.761
1780169700000,82.81,82.91,82.81,82.89,3124.929
1780170000000,82.89,82.93,82.88,82.93,2387.497
1780170300000,82.94,83.03,82.93,82.96,4380.874
1780170600000,82.96,83.0,82.93,82.98,2884.095
1780170900000,82.98,83.01,82.93,82.99,5458.873
1780171200000,82.99,83.05,82.98,82.98,1515.01
1780171500000,82.97,83.08,82.95,83.03,2235.825
1780171800000,83.04,83.07,83.01,83.01,2332.075
1780172100000,83.0,83.03,82.97,82.97,1856.817
1780172400000,82.97,83.0,82.92,82.97,2574.426
1780172700000,82.97,82.97,82.92,82.93,2347.554
1780173000000,82.92,82.93,82.86,82.92,1498.181
1780173300000,82.93,82.99,82.88,82.91,5884.919
1780173600000,82.92,82.92,82.88,82.89,808.547
1780173900000,82.9,82.97,82.9,82.93,678.581
1780174200000,82.93,83.01,82.89,82.96,2474.569
1780174500000,82.96,82.97,82.95,82.96,558.38
1780174800000,82.96,82.99,82.91,82.93,2427.013
1780175100000,82.92,82.99,82.92,82.98,2698.114
1780175400000,82.99,83.1,82.98,83.06,6870.109
1780175700000,83.07,83.07,82.98,83.01,4682.819
1780176000000,83.02,83.1,83.01,83.02,1864.403
1780176300000,83.03,83.06,83.02,83.04,1392.496
1780176600000,83.04,83.06,83.0,83.03,2831.046
1780176900000,83.03,83.09,83.0,83.09,1875.257
1780177200000,83.08,83.17,83.06,83.1,7838.667
1780177500000,83.1,83.16,83.03,83.04,3795.118
1780177800000,83.03,83.12,83.03,83.12,1153.011
1780178100000,83.12,83.12,83.01,83.02,4038.331
1780178400000,83.02,83.02,82.73,82.73,11243.698
1780178700000,82.73,82.73,82.57,82.7,5125.711
1780179000000,82.7,82.78,82.69,82.74,7671.833
1780179300000,82.74,82.84,82.71,82.75,2309.135
1780179600000,82.76,82.78,82.65,82.72,1459.55
1780179900000,82.72,82.73,82.67,82.73,1732.0
1780180200000,82.73,82.76,82.69,82.72,1037.361
1780180500000,82.71,82.75,82.52,82.52,4167.579
1780180800000,82.52,82.59,82.45,82.53,3760.959
1780181100000,82.53,82.61,82.52,82.6,1319.172
1780181400000,82.6,82.62,82.56,82.62,718.211
1780181700000,82.61,82.66,82.59,82.65,4096.268
1780182000000,82.64,82.89,82.63,82.82,6625.006
1780182300000,82.82,82.82,82.68,82.69,1922.402
1780182600000,82.69,82.69,82.54,82.56,1781.044
1780182900000,82.56,82.63,82.52,82.6,1806.074
1780183200000,82.6,82.6,82.52,82.6,1672.293
1780183500000,82.6,82.66,82.59,82.65,1332.102
1780183800000,82.65,82.65,82.54,82.58,2642.677
1780184100000,82.57,82.59,82.53,82.57,658.566
1780184400000,82.57,82.61,82.57,82.58,1171.949
1780184700000,82.58,82.65,82.58,82.65,1392.253
1780185000000,82.65,82.69,82.64,82.67,1624.182
1780185300000,82.67,82.74,82.64,82.73,1954.072
1780185600000,82.74,82.83,82.64,82.65,2330.53
1780185900000,82.66,82.74,82.62,82.74,1458.092
1780186200000,82.73,82.83,82.73,82.76,1359.377
1780186500000,82.76,82.82,82.75,82.79,994.097
1780186800000,82.8,82.88,82.8,82.87,1562.19
1780187100000,82.87,82.94,82.82,82.84,3916.008
1780187400000,82.85,82.9,82.8,82.89,2097.679
1780187700000,82.9,82.9,82.77,82.79,2610.734
1780188000000,82.78,82.84,82.77,82.83,1634.847
1780188300000,82.84,82.87,82.8,82.86,1611.241
1780188600000,82.86,82.96,82.85,82.93,1982.124
1780188900000,82.94,82.95,82.89,82.93,3180.721
1780189200000,82.93,83.03,82.92,83.01,3331.667
1780189500000,83.0,83.02,82.96,82.99,1605.83
1780189800000,83.0,83.04,82.98,83.01,2172.909
1780190100000,83.01,83.12,83.01,83.08,4607.565
1780190400000,83.08,83.17,83.04,83.16,4237.27
1780190700000,83.17,83.17,82.99,83.03,3869.621
1780191000000,83.02,83.15,83.01,83.12,8433.785
1780191300000,83.13,83.25,83.11,83.11,5494.559
1780191600000,83.11,83.11,83.0,83.02,6394.578
1780191900000,83.02,83.18,83.02,83.15,7039.253
1780192200000,83.15,83.16,83.06,83.07,1464.483
1780192500000,83.07,83.08,83.01,83.02,2416.604
1780192800000,83.03,83.11,83.01,83.11,2239.605
1780193100000,83.1,83.17,83.1,83.12,4482.4
1780193400000,83.12,83.2,83.11,83.2,3232.713
1780193700000,83.19,83.42,83.19,83.3,13943.354
1780194000000,83.3,83.3,83.21,83.28,3262.616
1780194300000,83.28,83.28,82.93,82.93,5017.335
1780194600000,82.93,83.08,82.89,82.89,6818.118
1780194900000,82.88,83.02,82.88,83.01,4323.872
1780195200000,83.01,83.05,82.95,83.05,1767.138
1780195500000,83.05,83.05,82.98,83.02,2382.199
1780195800000,83.01,83.14,83.0,83.05,3567.405
1780196100000,83.05,83.19,83.03,83.15,6401.425
1780196400000,83.16,83.23,83.15,83.16,3553.207
1780196700000,83.15,83.17,83.11,83.15,3047.7
1780197000000,83.14,83.22,83.1,83.22,1921.434
1780197300000,83.22,83.25,83.16,83.23,6911.449
1780197600000,83.24,83.27,83.18,83.26,5620.69
1780197900000,83.27,83.35,83.23,83.28,3700.581
1780198200000,83.29,83.31,83.23,83.31,993.376
1780198500000,83.31,83.32,83.17,83.17,1182.88
1780198800000,83.17,83.24,83.13,83.24,770.533
1780199100000,83.23,83.28,83.19,83.27,1220.702
1780199400000,83.28,83.3,83.2,83.21,667.411
1780199700000,83.21,83.25,83.2,83.25,943.451
1780200000000,83.24,83.27,83.2,83.26,1603.752
1780200300000,83.25,83.27,83.15,83.16,5813.095
1780200600000,83.16,83.16,83.09,83.11,2340.064
1780200900000,83.1,83.2,83.1,83.19,1655.195
1780201200000,83.2,83.29,83.2,83.25,2800.153
1780201500000,83.25,83.27,83.2,83.22,570.407
1780201800000,83.23,83.24,83.16,83.19,960.366
1780202100000,83.18,83.29,83.17,83.24,1176.569
1780202400000,83.23,83.24,83.18,83.24,1003.238
1780202700000,83.24,83.26,83.17,83.26,751.422
1780203000000,83.25,83.3,83.23,83.24,1410.669
1780203300000,83.24,83.28,83.22,83.22,1965.56
1780203600000,83.21,83.21,83.03,83.07,3143.108
1780203900000,83.07,83.14,83.07,83.11,3144.546
1780204200000,83.11,83.16,83.07,83.07,1417.314
1780204500000,83.07,83.14,83.07,83.11,1398.855
1780204800000,83.11,83.13,83.04,83.06,2564.687
1780205100000,83.05,83.13,83.02,83.12,3046.3
1780205400000,83.12,83.19,83.1,83.14,1925.201
1780205700000,83.13,83.22,83.09,83.1,1328.161
1780206000000,83.11,83.12,83.07,83.08,4596.354
1780206300000,83.07,83.08,83.0,83.02,1670.055
1780206600000,83.03,83.08,83.0,83.02,1250.141
1780206900000,83.01,83.05,83.0,83.03,2101.714
1780207200000,83.03,83.03,82.89,82.92,3819.104
1780207500000,82.91,82.94,82.89,82.92,2692.692
1780207800000,82.92,82.94,82.9,82.91,1631.695
1780208100000,82.91,82.94,82.89,82.94,3161.663
1780208400000,82.94,82.96,82.92,82.94,3253.839
1780208700000,82.95,82.95,82.84,82.9,8121.341
1780209000000,82.9,83.0,82.87,82.96,2472.173
1780209300000,82.95,82.98,82.92,82.98,3809.507
1780209600000,82.98,82.98,82.94,82.94,2095.434
1780209900000,82.94,83.03,82.94,82.99,3319.833
1780210200000,82.99,82.99,82.94,82.98,1596.903
1780210500000,82.98,83.0,82.95,82.95,1525.436
1780210800000,82.96,82.96,82.81,82.84,3890.571
1780211100000,82.84,82.93,82.84,82.88,1637.193
1780211400000,82.88,82.89,82.73,82.79,5527.888
1780211700000,82.78,82.85,82.76,82.79,3500.263
1780212000000,82.79,82.8,82.63,82.65,3107.626
1780212300000,82.66,82.72,82.62,82.68,3149.104
1780212600000,82.67,82.68,82.52,82.56,7395.226
1780212900000,82.56,82.67,82.52,82.61,3689.978
1780213200000,82.61,82.7,82.6,82.62,2695.492
1780213500000,82.61,82.69,82.59,82.63,2293.588
1780213800000,82.63,82.68,82.62,82.68,1900.411
1780214100000,82.67,82.7,82.65,82.66,1674.066
1780214400000,82.67,82.83,82.66,82.82,2234.447
1780214700000,82.83,82.86,82.69,82.72,2555.12
1780215000000,82.71,82.73,82.67,82.72,1686.945
1780215300000,82.72,82.84,82.72,82.75,5975.716
1780215600000,82.75,82.86,82.74,82.83,5829.242
1780215900000,82.83,82.84,82.79,82.83,1464.118
1780216200000,82.83,82.83,82.75,82.79,1015.443
1780216500000,82.79,82.82,82.71,82.73,2738.67
1780216800000,82.74,82.74,82.62,82.7,1403.543
1780217100000,82.71,82.71,82.63,82.64,1242.215
1780217400000,82.64,82.71,82.59,82.71,2304.001
1780217700000,82.71,82.84,82.71,82.81,2172.207
1780218000000,82.8,82.81,82.67,82.68,4133.105
1780218300000,82.69,82.75,82.66,82.75,1791.092
1780218600000,82.74,82.76,82.7,82.7,1078.289
1780218900000,82.69,82.87,82.66,82.84,1589.071
1780219200000,82.85,82.85,82.76,82.8,2150.553
1780219500000,82.8,82.88,82.77,82.83,2599.304
1780219800000,82.83,82.9,82.83,82.9,2626.163
1780220100000,82.9,82.94,82.82,82.92,2472.222
1780220400000,82.92,83.05,82.91,83.0,4745.674
1780220700000,83.0,83.04,82.94,83.01,2391.726
1780221000000,83.01,83.01,82.83,82.86,1694.075
1780221300000,82.87,82.87,82.64,82.75,5051.547
1780221600000,82.75,82.75,82.62,82.71,3867.483
1780221900000,82.71,82.74,82.68,82.73,2395.561
1780222200000,82.72,82.75,82.69,82.73,3813.18
1780222500000,82.73,82.75,82.61,82.62,3000.954
1780222800000,82.62,82.63,82.49,82.55,13463.323
1780223100000,82.55,82.64,82.54,82.63,714.247
1780223400000,82.64,82.68,82.61,82.68,1873.509
1780223700000,82.67,82.67,82.58,82.59,3702.068
1780224000000,82.59,82.59,82.54,82.59,997.004
1780224300000,82.6,82.6,82.52,82.6,1029.749
1780224600000,82.59,82.64,82.58,82.63,1619.215
1780224900000,82.63,82.72,82.61,82.71,1606.8
1780225200000,82.71,82.83,82.71,82.76,1407.568
1780225500000,82.77,82.81,82.76,82.81,1191.23
1780225800000,82.81,82.84,82.78,82.82,1224.689
1780226100000,82.81,82.82,82.77,82.77,838.256
1780226400000,82.77,82.78,82.67,82.73,1100.102
1780226700000,82.74,82.85,82.74,82.84,1409.227
1780227000000,82.84,82.84,82.74,82.75,1270.767
1780227300000,82.75,82.85,82.75,82.8,2356.896
1780227600000,82.81,82.82,82.75,82.78,3693.265
1780227900000,82.79,82.8,82.72,82.76,1019.621
1780228200000,82.75,82.79,82.7,82.72,1324.498
1780228500000,82.72,82.77,82.67,82.76,2415.528
1780228800000,82.76,82.8,82.57,82.59,6563.611
1780229100000,82.6,82.69,82.59,82.68,1233.003
1780229400000,82.67,82.72,82.66,82.71,2235.87
1780229700000,82.71,82.86,82.7,82.84,2223.168
1780230000000,82.84,82.84,82.74,82.79,1799.296
1780230300000,82.78,82.8,82.76,82.79,1399.229
1780230600000,82.78,82.79,82.72,82.74,922.429
1780230900000,82.74,82.83,82.74,82.79,1947.485
1780231200000,82.8,82.92,82.78,82.92,2377.769
1780231500000,82.92,82.93,82.85,82.86,2096.346
1780231800000,82.86,82.94,82.78,82.79,4217.868
1780232100000,82.79,82.82,82.76,82.82,1083.254
1780232400000,82.82,82.86,82.75,82.76,2100.066
1780232700000,82.76,82.89,82.75,82.88,1511.747
1780233000000,82.89,82.95,82.89,82.93,1946.035
1780233300000,82.93,83.07,82.92,83.07,3999.088
1780233600000,83.07,83.12,82.98,83.02,3500.622
1780233900000,83.03,83.07,82.95,82.99,3202.902
1780234200000,83.0,83.03,82.92,82.92,2407.23
1780234500000,82.92,83.0,82.81,82.86,1809.169
1780234800000,82.86,82.86,82.78,82.82,2227.109
1780235100000,82.82,82.85,82.74,82.74,1710.52
1780235400000,82.75,82.77,82.66,82.72,3685.39
1780235700000,82.73,82.77,82.72,82.77,1714.928
1780236000000,82.76,82.77,82.58,82.65,5678.905
1780236300000,82.64,82.72,82.6,82.71,1960.87
1780236600000,82.71,82.76,82.3,82.38,15914.674
1780236900000,82.38,82.5,81.79,81.99,58182.177
1780237200000,81.99,82.12,81.87,82.01,13137.27
1780237500000,82.01,82.08,81.93,82.0,6924.762
1780237800000,82.0,82.11,81.95,82.1,12972.671
1780238100000,82.09,82.19,82.01,82.12,8028.849
1780238400000,82.12,82.12,81.91,81.96,6567.174
1780238700000,81.95,82.1,81.95,82.0,4945.485
1780239000000,82.0,82.08,81.99,82.07,5144.668
1780239300000,82.06,82.06,81.89,81.96,8554.545
1780239600000,81.96,82.05,81.91,81.97,5041.51
1780239900000,81.97,82.05,81.96,82.01,5747.559
1780240200000,82.0,82.09,81.98,82.08,3998.203
1780240500000,82.09,82.14,82.03,82.14,2317.808
1780240800000,82.14,82.21,82.12,82.21,2349.201
1780241100000,82.21,82.27,82.19,82.22,3592.091
1780241400000,82.23,82.23,82.15,82.19,1642.796
1780241700000,82.2,82.21,82.16,82.2,862.004
1780242000000,82.2,82.2,81.98,81.98,5433.589
1780242300000,81.99,82.09,81.98,81.99,3414.784
1780242600000,81.98,82.05,81.95,82.02,1740.78
1780242900000,82.02,82.03,81.81,81.88,7844.926
1780243200000,81.88,82.04,81.83,82.01,5538.175
1780243500000,82.01,82.04,81.92,81.92,1578.262
1780243800000,81.93,81.94,81.69,81.77,5431.809
1780244100000,81.78,81.85,81.78,81.85,2543.104
1780244400000,81.84,81.87,81.65,81.74,11336.25
1780244700000,81.74,81.76,81.61,81.75,3624.325
1780245000000,81.74,81.75,81.42,81.46,20211.221
1780245300000,81.46,81.62,81.43,81.61,12897.787
1780245600000,81.61,81.67,81.56,81.58,4149.319
1780245900000,81.58,81.58,81.45,81.49,3801.24
1780246200000,81.49,81.61,81.47,81.6,3431.963
1780246500000,81.6,81.61,81.54,81.59,3853.201
1780246800000,81.58,81.69,81.54,81.56,5460.229
1780247100000,81.56,81.65,81.55,81.56,7026.504
1780247400000,81.55,81.57,81.46,81.55,8362.198
1780247700000,81.55,81.67,81.54,81.61,4200.768
1780248000000,81.61,81.68,81.6,81.67,551.399
1780248300000,81.68,81.75,81.67,81.73,1246.944
1780248600000,81.74,81.84,81.73,81.8,2668.855
1780248900000,81.81,81.9,81.81,81.88,1683.872
1780249200000,81.89,81.9,81.84,81.87,2520.429
1780249500000,81.87,81.9,81.85,81.86,1804.848
1780249800000,81.85,81.88,81.82,81.88,2389.15
1780250100000,81.87,81.88,81.83,81.87,1480.996
1780250400000,81.87,81.87,81.69,81.73,2817.685
1780250700000,81.73,81.81,81.73,81.77,1778.855
1780251000000,81.76,81.82,81.73,81.74,1505.339
1780251300000,81.73,81.73,81.61,81.69,2277.236
1780251600000,81.68,81.71,81.63,81.67,1364.205
1780251900000,81.67,81.76,81.67,81.73,1843.537
1780252200000,81.72,81.85,81.71,81.8,2274.198
1780252500000,81.8,81.81,81.76,81.79,864.35
1780252800000,81.79,81.83,81.74,81.76,1845.144
1780253100000,81.75,81.76,81.69,81.69,1250.269
1780253400000,81.69,81.73,81.66,81.73,1453.917
1780253700000,81.73,81.78,81.71,81.76,1672.641
1780254000000,81.75,81.8,81.67,81.67,3107.965
1780254300000,81.68,81.72,81.66,81.69,1115.115
1780254600000,81.68,81.71,81.62,81.63,1833.734
1780254900000,81.62,81.67,81.6,81.64,2755.533
1780255200000,81.64,81.67,81.5,81.5,4000.342
1780255500000,81.5,81.54,81.43,81.53,4901.969
1780255800000,81.53,81.57,81.33,81.44,4391.718
1780256100000,81.43,81.52,81.43,81.51,883.69
1780256400000,81.52,81.6,81.49,81.58,1154.841
1780256700000,81.58,81.61,81.52,81.56,691.443
1780257000000,81.55,81.59,81.53,81.59,876.553
1780257300000,81.59,81.66,81.58,81.58,1890.644
1780257600000,81.59,81.77,81.59,81.67,3873.299
1780257900000,81.66,81.82,81.65,81.81,5675.827
1780258200000,81.8,81.8,81.7,81.75,1347.972
1780258500000,81.76,81.85,81.74,81.81,2048.611
1780258800000,81.81,81.89,81.78,81.79,1403.587
1780259100000,81.8,81.83,81.79,81.79,979.381
1780259400000,81.8,81.84,81.79,81.8,1014.28
1780259700000,81.8,81.82,81.79,81.79,760.067
1780260000000,81.8,81.82,81.74,81.82,2775.981
1780260300000,81.82,81.86,81.82,81.85,1547.472
1780260600000,81.85,81.93,81.85,81.93,1382.455
1780260900000,81.93,82.01,81.93,81.97,1998.604
1780261200000,81.97,81.99,81.88,81.93,1530.2
1780261500000,81.93,81.95,81.88,81.92,796.134
1780261800000,81.91,81.94,81.89,81.91,1375.952
1780262100000,81.91,82.07,81.9,81.97,1817.322
1780262400000,81.96,81.99,81.94,81.97,1857.516
1780262700000,81.97,82.0,81.92,81.93,1006.453
1780263000000,81.92,81.98,81.91,81.98,2262.096
1780263300000,81.98,82.06,81.98,82.01,2240.287
1780263600000,82.02,82.17,82.0,82.14,6352.445
1780263900000,82.13,82.37,82.12,82.27,3031.454
1780264200000,82.28,82.37,82.22,82.24,3790.612
1780264500000,82.24,82.32,82.23,82.3,2106.501
1780264800000,82.31,82.46,82.04,82.06,7525.325
1780265100000,82.07,82.23,82.07,82.23,2208.666
1780265400000,82.24,82.44,82.23,82.44,2898.686
1780265700000,82.44,82.61,82.43,82.44,7953.491
1780266000000,82.45,82.45,82.28,82.4,4086.12
1780266300000,82.39,82.66,82.39,82.42,8779.465
1780266600000,82.42,82.61,82.39,82.6,6313.395
1780266900000,82.59,82.59,82.41,82.44,4099.651
1780267200000,82.44,82.54,82.43,82.52,1474.184
1780267500000,82.53,82.69,82.53,82.58,4981.818
1780267800000,82.58,82.62,82.47,82.47,2630.458
1780268100000,82.48,82.59,82.45,82.53,2969.819
1780268400000,82.52,82.92,82.52,82.75,12498.628
1780268700000,82.74,82.79,82.61,82.69,6838.865
1780269000000,82.68,82.72,82.58,82.59,3612.448
1780269300000,82.58,82.7,82.58,82.6,3009.418
1780269600000,82.6,82.61,82.36,82.41,6547.503
1780269900000,82.41,82.5,82.4,82.46,4135.01
1780270200000,82.46,82.46,82.11,82.21,4468.984
1780270500000,82.2,82.21,82.0,82.09,4957.189
1780270800000,82.1,82.12,81.95,82.1,5693.295
1780271100000,82.1,82.3,82.06,82.3,2381.948
1780271400000,82.29,82.39,82.29,82.33,1259.441
1780271700000,82.34,82.46,82.34,82.44,1672.607
1780272000000,82.45,82.74,82.37,82.72,9094.943
1780272300000,82.73,82.76,82.57,82.61,11249.318
1780272600000,82.6,82.73,82.53,82.73,2224.864
1780272900000,82.73,82.79,82.61,82.65,4498.898
1780273200000,82.65,82.82,82.62,82.76,4777.223
1780273500000,82.77,83.0,82.77,82.94,9153.652
1780273800000,82.94,83.1,82.75,82.88,13780.527
1780274100000,82.89,82.96,82.82,82.86,5390.089
1780274400000,82.86,83.03,82.8,82.96,10609.562
1780274700000,82.95,83.03,82.92,82.92,6144.963
1780275000000,82.93,83.04,82.85,82.89,4019.941
1780275300000,82.9,82.9,82.8,82.83,4130.557
1780275600000,82.83,82.87,82.68,82.68,5299.64
1780275900000,82.69,82.75,82.39,82.44,10174.464
1780276200000,82.44,82.47,82.32,82.34,7493.978
1780276500000,82.34,82.46,82.34,82.36,3771.21
1780276800000,82.36,82.44,82.29,82.3,7432.829
1780277100000,82.29,82.4,82.22,82.3,11708.537
1780277400000,82.29,82.34,82.2,82.33,2907.111
1780277700000,82.34,82.4,82.25,82.28,1523.356
1780278000000,82.28,82.39,82.06,82.12,5961.912
1780278300000,82.11,82.26,82.04,82.24,2685.982
1780278600000,82.24,82.24,81.99,82.03,7073.456
1780278900000,82.02,82.02,81.75,81.76,8083.99
1780279200000,81.76,81.88,81.63,81.87,7834.61
1780279500000,81.87,82.26,81.87,82.24,4412.451
1780279800000,82.25,82.34,82.21,82.31,4157.479
1780280100000,82.31,82.33,82.13,82.16,2586.327
1780280400000,82.15,82.31,82.15,82.23,3004.229
1780280700000,82.23,82.3,82.2,82.25,1161.311
1780281000000,82.24,82.24,82.11,82.19,3694.3
1780281300000,82.2,82.35,82.13,82.32,2784.405
1780281600000,82.33,82.9,82.27,82.66,14469.34
1780281900000,82.65,82.86,82.61,82.71,7004.618
1780282200000,82.71,82.8,82.65,82.76,5069.173
1780282500000,82.75,82.79,82.68,82.68,2025.236
1780282800000,82.68,82.96,82.64,82.88,13114.429
1780283100000,82.89,82.95,82.81,82.92,8621.232
1780283400000,82.93,82.93,82.75,82.77,4922.513
1780283700000,82.76,82.86,82.62,82.82,9475.094
1780284000000,82.83,82.93,82.82,82.89,5256.404
1780284300000,82.89,82.91,82.82,82.89,5463.276
1780284600000,82.89,82.99,82.88,82.94,10567.235
1780284900000,82.94,82.95,82.72,82.73,7522.988
1780285200000,82.74,82.77,82.66,82.76,2918.84
1780285500000,82.76,82.8,82.69,82.76,2042.874
1780285800000,82.76,82.79,82.56,82.56,2909.383
1780286100000,82.57,82.63,82.56,82.63,1499.074
1780286400000,82.63,82.78,82.62,82.63,3146.946
1780286700000,82.63,82.63,82.44,82.44,2930.761
1780287000000,82.45,82.45,82.26,82.33,3478.894
1780287300000,82.33,82.37,82.11,82.11,4034.752
1780287600000,82.11,82.15,81.91,82.0,16848.398
1780287900000,81.99,82.0,81.85,81.91,4728.704
1780288200000,81.9,82.06,81.88,82.02,5044.888
1780288500000,82.01,82.12,82.0,82.05,2278.324
1780288800000,82.06,82.12,82.0,82.09,5076.719
1780289100000,82.09,82.09,81.77,81.87,7761.949
1780289400000,81.86,82.0,81.86,81.98,4835.19
1780289700000,81.99,82.1,81.96,82.04,3591.12
1780290000000,82.03,82.05,81.91,82.05,12910.644
1780290300000,82.05,82.08,81.94,81.95,2551.832
1780290600000,81.94,82.03,81.88,82.03,3565.729
1780290900000,82.02,82.06,81.92,81.97,2757.263
1780291200000,81.96,82.11,81.96,81.99,2131.134
1780291500000,81.99,81.99,81.76,81.77,2705.883
1780291800000,81.78,81.88,81.75,81.76,3353.739
1780292100000,81.76,81.83,81.63,81.83,4523.399
1780292400000,81.83,81.93,81.83,81.92,1263.084
1780292700000,81.92,82.03,81.86,81.97,1709.364
1780293000000,81.97,81.98,81.88,81.9,3676.456
1780293300000,81.9,81.92,81.77,81.82,2544.251
1780293600000,81.82,81.87,81.72,81.77,3456.63
1780293900000,81.76,81.76,81.49,81.54,16954.323
1780294200000,81.54,81.68,81.54,81.64,2233.228
1780294500000,81.64,81.69,81.58,81.58,2433.821
1780294800000,81.57,81.57,81.39,81.51,7804.367
1780295100000,81.5,81.5,81.39,81.45,3655.005
1780295400000,81.44,81.49,81.3,81.41,7786.264
1780295700000,81.41,81.41,81.3,81.4,3767.066
1780296000000,81.39,81.39,81.17,81.18,7591.872
1780296300000,81.18,81.48,81.13,81.47,7438.526
1780296600000,81.46,81.52,81.43,81.44,5531.17
1780296900000,81.44,81.47,81.36,81.45,3192.507
1780297200000,81.45,81.49,81.34,81.47,2751.323
1780297500000,81.48,81.58,81.45,81.53,4046.276
1780297800000,81.54,81.56,81.4,81.46,1709.708
1780298100000,81.46,81.51,81.3,81.51,7099.701
1780298400000,81.51,81.52,81.28,81.34,4174.508
1780298700000,81.34,81.39,81.25,81.25,4255.648
1780299000000,81.25,81.26,80.93,81.08,12981.502
1780299300000,81.08,81.18,81.02,81.12,4690.04
1780299600000,81.12,81.2,81.06,81.08,3140.306
1780299900000,81.08,81.15,80.63,80.69,15123.777
1780300200000,80.69,80.92,80.69,80.82,5400.747
1780300500000,80.82,80.85,80.69,80.74,4611.68
1780300800000,80.74,80.82,80.69,80.81,4733.628
1780301100000,80.81,80.87,80.76,80.82,5375.783
1780301400000,80.81,80.91,80.76,80.76,4797.167
1780301700000,80.76,80.82,80.64,80.81,5057.333
1780302000000,80.8,80.92,80.79,80.89,4572.535
1780302300000,80.89,80.92,80.57,80.66,9986.755
1780302600000,80.66,80.89,80.46,80.8,17458.691
1780302900000,80.79,80.88,80.77,80.84,5868.475
1780303200000,80.83,80.83,80.62,80.78,6513.468
1780303500000,80.79,80.92,80.78,80.84,6524.001
1780303800000,80.84,80.91,80.8,80.88,2317.039
1780304100000,80.87,81.05,80.87,80.99,3350.964
1780304400000,80.99,81.17,80.99,81.11,8395.086
1780304700000,81.1,81.21,81.1,81.17,1521.106
1780305000000,81.18,81.19,81.11,81.17,3390.105
1780305300000,81.18,81.24,81.12,81.24,6392.859
1780305600000,81.25,81.28,81.14,81.19,4632.24
1780305900000,81.2,81.29,81.14,81.14,3880.066
1780306200000,81.14,81.22,81.08,81.21,4276.796
1780306500000,81.22,81.24,81.08,81.13,5740.965
1780306800000,81.14,81.19,81.0,81.13,8032.928
1780307100000,81.13,81.28,81.13,81.22,9024.288
1780307400000,81.22,81.26,81.06,81.06,15189.641
1780307700000,81.06,81.09,81.03,81.08,3170.26
1780308000000,81.08,81.12,80.92,80.96,19172.631
1780308300000,80.96,81.09,80.91,81.01,4895.447
1780308600000,81.01,81.06,80.94,80.98,3155.683
1780308900000,80.98,81.03,80.93,80.98,2211.786
1780309200000,80.98,81.06,80.86,80.91,3324.24
1780309500000,80.91,80.95,80.83,80.87,3141.363
1780309800000,80.87,81.04,80.83,80.85,11332.936
1780310100000,80.86,80.93,80.83,80.92,2413.181
1780310400000,80.93,81.04,80.89,81.03,2755.576
1780310700000,81.04,81.16,81.04,81.12,2789.677
1780311000000,81.12,81.19,81.1,81.14,3849.389
1780311300000,81.13,81.17,81.06,81.1,2890.712
1780311600000,81.1,81.12,81.04,81.05,3198.621
1780311900000,81.04,81.17,81.01,81.16,1955.682
1780312200000,81.17,81.19,81.06,81.1,3113.757
1780312500000,81.1,81.2,81.06,81.2,2341.971
1780312800000,81.2,81.26,81.11,81.17,8370.245
1780313100000,81.17,81.18,81.09,81.14,3568.647
1780313400000,81.14,81.15,81.08,81.14,3973.452
1780313700000,81.15,81.2,81.05,81.08,9182.309
1780314000000,81.08,81.16,81.07,81.07,10081.209
1780314300000,81.07,81.1,80.88,80.92,9678.988
1780314600000,80.92,80.93,80.81,80.85,13616.091
1780314900000,80.85,80.87,80.6,80.81,32165.742
1780315200000,80.82,81.0,80.62,80.79,14151.0
1780315500000,80.78,80.88,80.46,80.54,11643.759
1780315800000,80.55,80.63,80.23,80.52,34392.006
1780316100000,80.53,80.73,80.53,80.59,11765.638
1780316400000,80.59,80.88,80.59,80.86,15095.612
1780316700000,80.86,81.0,80.86,80.91,8989.928
1780317000000,80.91,80.97,80.83,80.85,6182.817
1780317300000,80.85,81.05,80.81,81.04,11445.67
1780317600000,81.03,81.05,80.89,81.03,10833.529
1780317900000,81.03,81.07,80.84,80.89,4521.502
1780318200000,80.89,80.93,80.81,80.83,4250.223
1780318500000,80.83,80.94,80.78,80.82,6747.783
1780318800000,80.82,80.86,80.58,80.59,11622.206
1780319100000,80.59,80.66,80.57,80.6,11534.385
1780319400000,80.6,80.6,80.1,80.3,52740.79
1780319700000,80.3,80.62,80.29,80.5,11584.599
1780320000000,80.5,80.56,80.26,80.28,12225.582
1780320300000,80.27,80.37,80.18,80.32,8114.062
1780320600000,80.33,80.61,80.21,80.45,24021.782
1780320900000,80.45,80.6,80.36,80.43,13260.625
1780321200000,80.43,80.44,80.11,80.17,14100.455
1780321500000,80.16,80.37,80.1,80.15,8307.054
1780321800000,80.15,80.27,79.67,79.74,62922.701
1780322100000,79.74,80.07,79.28,79.84,84217.735
1780322400000,79.84,80.11,79.65,79.98,18089.851
1780322700000,79.99,79.99,79.67,79.71,17996.081
1780323000000,79.7,79.75,79.5,79.68,16871.259
1780323300000,79.68,79.86,79.44,79.73,25320.469
1780323600000,79.73,79.84,79.67,79.74,11147.833
1780323900000,79.75,79.82,79.5,79.54,11055.41
1780324200000,79.54,79.67,79.43,79.49,10180.509
1780324500000,79.49,79.64,79.48,79.53,8401.498
1780324800000,79.54,79.7,79.52,79.61,7995.774
1780325100000,79.62,79.78,79.59,79.63,9393.782
1780325400000,79.63,79.82,79.53,79.55,4254.224
1780325700000,79.55,79.71,79.53,79.71,4884.25
1780326000000,79.71,79.79,79.65,79.78,4222.409
1780326300000,79.78,79.92,79.66,79.79,6207.418
1780326600000,79.79,79.88,79.68,79.79,6392.08
1780326900000,79.8,79.83,79.39,79.51,14994.035
1780327200000,79.51,79.6,79.34,79.34,9932.157
1780327500000,79.34,79.44,79.2,79.26,17548.808
1780327800000,79.26,79.96,79.25,79.93,23246.147
1780328100000,79.92,80.05,79.8,79.81,15273.72
1780328400000,79.8,79.94,79.74,79.87,8248.14
1780328700000,79.87,79.96,79.69,79.73,4875.415
1780329000000,79.73,79.75,79.66,79.68,4556.261
1780329300000,79.67,79.72,79.55,79.6,4505.901
1780329600000,79.61,79.76,79.6,79.67,9362.595
1780329900000,79.66,79.67,79.38,79.41,11902.563
1780330200000,79.41,79.47,79.11,79.45,15906.395
1780330500000,79.44,79.58,79.34,79.55,10855.962
1780330800000,79.55,79.6,79.47,79.58,4474.75
1780331100000,79.59,79.72,79.55,79.72,5240.419
1780331400000,79.72,79.88,79.67,79.83,13892.654
1780331700000,79.84,79.84,79.72,79.79,6590.322
1780332000000,79.78,79.96,79.73,79.87,14681.272
1780332300000,79.86,80.11,79.86,80.03,5459.467
1780332600000,80.02,80.2,80.0,80.19,4261.466
1780332900000,80.2,80.46,80.2,80.41,16776.335
1780333200000,80.4,80.58,80.29,80.56,13778.262
1780333500000,80.56,80.69,80.52,80.53,7077.373
1780333800000,80.54,80.64,80.54,80.55,3654.248
1780334100000,80.54,80.68,80.41,80.51,17027.099
1780334400000,80.52,80.69,80.46,80.58,7958.853
1780334700000,80.58,80.87,80.52,80.84,11984.595
1780335000000,80.83,81.01,80.65,80.65,16921.287
1780335300000,80.65,80.82,80.64,80.72,6411.061
1780335600000,80.72,81.11,80.7,81.11,31121.263
1780335900000,81.1,81.21,81.01,81.08,10724.11
1780336200000,81.07,81.07,80.89,80.96,5403.026
1780336500000,80.96,81.07,80.92,80.93,2525.659
1780336800000,80.92,81.01,80.86,80.86,2437.366
1780337100000,80.85,80.85,80.72,80.79,9805.956
1780337400000,80.79,80.83,80.58,80.65,7282.316
1780337700000,80.65,80.74,80.59,80.73,2083.406
1780338000000,80.74,80.81,80.69,80.81,1855.345
1780338300000,80.81,81.01,80.78,80.99,4980.8
1780338600000,81.0,81.17,81.0,81.13,3338.546
1780338900000,81.13,81.22,81.06,81.09,4292.186
1780339200000,81.09,81.17,80.99,81.0,2988.232
1780339500000,81.0,81.0,80.87,80.89,3693.617
1780339800000,80.88,81.01,80.85,80.95,3675.22
1780340100000,80.95,80.98,80.8,80.86,6488.761
1780340400000,80.86,80.86,80.74,80.76,2117.534
1780340700000,80.75,80.79,80.69,80.71,4619.065
1780341000000,80.72,80.8,80.6,80.76,4305.728
1780341300000,80.77,80.81,80.65,80.74,3279.329
1780341600000,80.75,80.85,80.73,80.81,4118.004
1780341900000,80.81,81.06,80.8,81.04,4818.879
1780342200000,81.03,81.14,81.01,81.11,3276.359
1780342500000,81.12,81.3,81.0,81.29,7853.903
1780342800000,81.3,81.31,81.14,81.26,8048.263
1780343100000,81.26,81.27,81.15,81.15,2698.83
1780343400000,81.16,81.26,81.1,81.23,4732.591
1780343700000,81.22,81.27,81.18,81.2,2351.31
1780344000000,81.19,81.22,81.06,81.11,5240.41
1780344300000,81.11,81.16,81.02,81.03,3537.739
1780344600000,81.03,81.1,80.96,81.1,4610.583
1780344900000,81.09,81.19,80.98,81.19,3334.95
1780345200000,81.19,81.24,81.11,81.12,11192.873
1780345500000,81.12,81.12,81.01,81.12,3646.147
1780345800000,81.11,81.15,81.04,81.13,3564.338
1780346100000,81.12,81.24,81.12,81.19,3605.638
1780346400000,81.18,81.2,81.1,81.15,3941.538
1780346700000,81.16,81.21,81.13,81.2,3664.896
1780347000000,81.21,81.21,81.08,81.09,1878.096
1780347300000,81.1,81.14,81.01,81.13,4213.028
1780347600000,81.14,81.14,80.99,81.03,16638.914
1780347900000,81.03,81.05,80.75,80.75,14375.011
1780348200000,80.76,80.81,80.64,80.78,15875.506
1780348500000,80.77,80.79,80.5,80.61,17882.151
1780348800000,80.61,80.82,80.61,80.79,15371.924
1780349100000,80.79,80.89,80.75,80.8,9278.674
1780349400000,80.8,80.87,80.8,80.84,5208.519
1780349700000,80.84,80.87,80.77,80.78,5189.634
1780350000000,80.78,80.87,80.67,80.74,6964.939
1780350300000,80.74,80.84,80.7,80.83,3442.919
1780350600000,80.83,80.84,80.67,80.7,2114.603
1780350900000,80.69,80.77,80.6,80.68,2813.568
1780351200000,80.67,80.67,80.4,80.45,12379.543
1780351500000,80.45,80.53,80.32,80.43,5206.033
1780351800000,80.44,80.55,80.4,80.5,3421.07
1780352100000,80.51,80.73,80.43,80.67,4462.777
1780352400000,80.67,80.73,80.66,80.68,3458.873
1780352700000,80.69,80.98,80.69,80.94,6088.391
1780353000000,80.95,81.02,80.75,80.77,3458.531
1780353300000,80.77,80.81,80.56,80.62,3725.433
1780353600000,80.62,80.77,80.59,80.76,7680.38
1780353900000,80.76,81.32,80.76,81.24,25407.997
1780354200000,81.24,81.42,81.18,81.37,13300.881
1780354500000,81.38,81.48,81.37,81.4,6025.229
1780354800000,81.41,81.42,81.26,81.3,8267.285
1780355100000,81.29,81.37,81.25,81.33,8398.785
1780355400000,81.34,81.48,81.33,81.36,6895.016
1780355700000,81.35,81.65,81.35,81.56,16180.727
1780356000000,81.56,81.56,81.37,81.37,6427.562
1780356300000,81.38,81.43,81.16,81.16,10262.939
1780356600000,81.16,81.27,81.07,81.26,9797.534
1780356900000,81.27,81.58,81.25,81.41,9445.675
1780357200000,81.41,81.46,81.34,81.38,10489.932
1780357500000,81.38,81.46,81.27,81.35,9886.011
1780357800000,81.36,81.36,81.15,81.16,7597.636
1780358100000,81.16,81.3,81.13,81.28,9530.347
1780358400000,81.28,81.3,81.14,81.16,3770.873
1780358700000,81.17,81.25,81.07,81.08,5579.012
1780359000000,81.07,81.25,81.07,81.13,5346.887
1780359300000,81.12,81.2,81.0,81.05,5317.052
1780359600000,81.04,81.1,80.97,80.98,2394.266
1780359900000,80.98,81.01,80.93,80.98,4352.877
1780360200000,80.98,81.14,80.98,81.12,3053.107
1780360500000,81.12,81.2,80.97,81.01,2752.432
1780360800000,81.0,81.06,80.89,80.99,2581.767
1780361100000,80.99,81.01,80.95,80.97,1716.722
1780361400000,80.98,81.08,80.94,81.03,3478.946
1780361700000,81.04,81.04,80.87,80.89,1933.504
1780362000000,80.89,81.01,80.81,80.82,3245.981
1780362300000,80.81,80.92,80.72,80.73,4164.547
1780362600000,80.73,80.93,80.73,80.93,5051.886
1780362900000,80.93,80.96,80.78,80.83,2272.0
1780363200000,80.83,80.95,80.78,80.91,5456.525
1780363500000,80.9,80.96,80.62,80.63,6249.733
1780363800000,80.63,80.68,80.45,80.49,6837.151
1780364100000,80.48,80.52,80.16,80.25,17943.502
1780364400000,80.24,80.49,80.22,80.43,9219.238
1780364700000,80.44,80.44,80.2,80.32,5175.505
1780365000000,80.32,80.36,80.18,80.18,3159.138
1780365300000,80.19,80.24,80.04,80.11,6840.336
1780365600000,80.11,80.16,79.92,80.01,24927.923
1780365900000,80.02,80.03,79.41,79.53,27367.724
1780366200000,79.53,79.83,79.44,79.83,7853.621
1780366500000,79.82,79.86,79.69,79.79,11825.249
1780366800000,79.8,80.31,79.79,80.27,11163.762
1780367100000,80.28,80.54,80.25,80.51,8034.607
1780367400000,80.52,80.56,80.41,80.45,4752.538
1780367700000,80.45,80.56,80.39,80.39,4545.905
1780368000000,80.39,80.39,80.14,80.18,3997.776
1780368300000,80.17,80.44,80.13,80.34,7113.176
1780368600000,80.34,80.48,80.33,80.4,4198.666
1780368900000,80.39,80.78,80.38,80.78,6446.695
1780369200000,80.78,80.79,80.64,80.78,4264.669
1780369500000,80.79,80.99,80.79,80.94,8595.423
1780369800000,80.94,80.94,80.75,80.81,5316.543
1780370100000,80.8,80.95,80.76,80.77,7183.764
1780370400000,80.77,80.92,80.67,80.88,3254.586
1780370700000,80.89,80.95,80.82,80.9,6788.774
1780371000000,80.91,80.97,80.77,80.85,6753.656
1780371300000,80.84,80.92,80.82,80.88,3361.799
1780371600000,80.88,81.0,80.87,81.0,5020.249
1780371900000,81.0,81.02,80.86,80.88,5444.401
1780372200000,80.88,81.05,80.88,81.03,6615.766
1780372500000,81.03,81.03,80.91,80.92,3763.948
1780372800000,80.92,81.02,80.88,80.91,4874.144
1780373100000,80.91,80.93,80.56,80.56,7147.238
1780373400000,80.57,80.65,80.47,80.58,3858.024
1780373700000,80.58,80.77,80.58,80.76,1841.285
1780374000000,80.77,80.81,80.6,80.71,3620.438
1780374300000,80.7,80.96,80.65,80.88,5119.085
1780374600000,80.88,80.92,80.73,80.91,2565.185
1780374900000,80.91,80.95,80.76,80.94,7817.308
1780375200000,80.94,80.94,80.75,80.79,5568.014
1780375500000,80.78,80.78,80.56,80.59,4652.577
1780375800000,80.59,80.64,80.46,80.53,10717.107
1780376100000,80.52,80.52,80.38,80.44,3689.356
1780376400000,80.44,80.49,80.11,80.13,9844.575
1780376700000,80.12,80.31,80.09,80.29,4103.811
1780377000000,80.28,80.59,80.27,80.54,3172.211
1780377300000,80.55,80.56,80.37,80.38,3257.439
1780377600000,80.37,80.43,80.34,80.34,1531.243
1780377900000,80.33,80.33,80.08,80.08,4581.38
1780378200000,80.09,80.26,79.97,80.1,11189.178
1780378500000,80.11,80.14,80.01,80.06,4792.86
1780378800000,80.06,80.1,79.88,80.1,7333.212
1780379100000,80.09,80.11,79.94,79.97,10948.979
1780379400000,79.97,80.02,79.75,79.84,9018.271
1780379700000,79.84,79.84,79.57,79.63,13256.825
1780380000000,79.63,79.78,79.6,79.72,8967.028
1780380300000,79.73,79.82,79.69,79.76,10975.917
1780380600000,79.76,79.76,79.38,79.5,19352.307
1780380900000,79.5,79.64,79.44,79.45,10831.91
1780381200000,79.45,79.55,79.4,79.48,6910.867
1780381500000,79.47,79.68,79.45,79.66,6252.529
1780381800000,79.66,79.73,79.59,79.69,8853.083
1780382100000,79.69,79.71,79.58,79.65,5097.105
1780382400000,79.65,79.66,79.52,79.53,5314.657
1780382700000,79.53,79.68,79.33,79.62,15240.074
1780383000000,79.62,79.76,79.49,79.59,9083.22
1780383300000,79.58,79.6,79.4,79.59,6251.915
1780383600000,79.6,79.67,79.16,79.24,14917.19
1780383900000,79.25,79.5,79.25,79.45,7755.234
1780384200000,79.44,79.63,79.44,79.63,4094.014
1780384500000,79.64,79.94,79.63,79.86,6256.621
1780384800000,79.85,79.85,79.72,79.73,6557.559
1780385100000,79.73,79.73,79.42,79.5,3986.446
1780385400000,79.5,79.76,79.48,79.73,5073.874
1780385700000,79.73,79.92,79.7,79.85,4820.813
1780386000000,79.86,79.86,79.78,79.8,2883.982
1780386300000,79.8,79.8,79.6,79.72,5769.718
1780386600000,79.73,79.79,79.66,79.73,6821.548
1780386900000,79.74,79.82,79.65,79.67,6104.989
1780387200000,79.67,79.77,79.58,79.58,6236.274
1780387500000,79.59,79.71,79.55,79.58,8112.431
1780387800000,79.57,79.72,79.54,79.68,7042.285
1780388100000,79.68,79.72,79.56,79.61,3385.022
1780388400000,79.62,79.65,79.5,79.56,11566.462
1780388700000,79.56,79.78,79.53,79.7,4484.442
1780389000000,79.7,79.8,79.68,79.75,2079.917
1780389300000,79.76,79.77,79.63,79.67,2166.23
1780389600000,79.67,79.68,79.54,79.54,1121.611
1780389900000,79.55,79.64,79.45,79.5,6264.464
1780390200000,79.49,79.59,79.47,79.55,3217.05
1780390500000,79.54,79.63,79.49,79.61,3588.21
1780390800000,79.62,79.64,79.35,79.46,8093.039
1780391100000,79.46,79.57,79.38,79.45,5273.852
1780391400000,79.44,79.44,79.21,79.29,11821.981
1780391700000,79.29,79.43,79.26,79.4,6716.762
1780392000000,79.4,79.4,79.08,79.1,12344.511
1780392300000,79.1,79.1,78.78,78.91,39941.031
1780392600000,78.91,79.07,78.82,79.05,15262.109
1780392900000,79.04,79.17,79.01,79.14,6456.571
1780393200000,79.14,79.23,79.08,79.14,5738.838
1780393500000,79.13,79.25,79.05,79.18,5830.409
1780393800000,79.19,79.19,79.06,79.08,8306.953
1780394100000,79.08,79.16,79.07,79.1,3615.773
1780394400000,79.11,79.13,78.97,79.12,8227.209
1780394700000,79.12,79.36,79.09,79.35,4762.574
1780395000000,79.35,79.42,79.32,79.35,5815.392
1780395300000,79.36,79.47,79.35,79.45,6036.897
1780395600000,79.45,79.46,79.28,79.34,6082.148
1780395900000,79.34,79.43,79.28,79.41,1947.397
1780396200000,79.41,79.45,79.23,79.29,3870.295
1780396500000,79.28,79.34,79.25,79.34,2367.372
1780396800000,79.33,79.37,79.22,79.23,4573.189
1780397100000,79.23,79.28,79.21,79.23,1871.796
1780397400000,79.23,79.45,79.23,79.36,9703.778
1780397700000,79.36,79.48,79.34,79.44,4659.128
1780398000000,79.43,79.45,79.31,79.32,6755.705
1780398300000,79.33,79.34,79.31,79.33,3441.238
1780398600000,79.33,79.33,79.13,79.17,10434.435
1780398900000,79.16,79.16,78.9,78.94,11109.547
1780399200000,78.94,79.08,78.93,79.07,5025.923
1780399500000,79.06,79.08,78.93,79.02,5807.576
1780399800000,79.02,79.04,78.85,78.97,11539.382
1780400100000,78.97,79.07,78.91,79.06,3925.433
1780400400000,79.07,79.12,78.99,78.99,2386.931
1780400700000,78.99,79.16,78.95,79.11,2243.819
1780401000000,79.12,79.2,79.05,79.12,6207.732
1780401300000,79.11,79.11,78.93,78.94,3203.944
1780401600000,78.93,79.05,78.83,79.02,6997.554
1780401900000,79.01,79.01,78.79,78.93,5945.581
1780402200000,78.93,78.94,78.72,78.79,9447.731
1780402500000,78.79,78.81,78.66,78.7,10785.429
1780402800000,78.7,78.98,78.68,78.94,3580.603
1780403100000,78.94,78.97,78.88,78.95,3250.425
1780403400000,78.94,78.94,78.79,78.82,5368.821
1780403700000,78.82,78.88,78.77,78.83,5811.351
1780404000000,78.84,79.13,78.82,79.13,10205.311
1780404300000,79.13,79.16,78.97,78.97,8381.968
1780404600000,78.97,78.98,78.9,78.91,2857.789
1780404900000,78.91,79.02,78.9,78.98,6429.949
1780405200000,78.97,79.1,78.9,79.02,13975.586
1780405500000,79.01,79.06,78.93,79.0,6432.253
1780405800000,79.0,79.05,78.8,78.82,4412.696
1780406100000,78.82,79.15,78.82,79.06,5838.979
1780406400000,79.06,79.19,79.06,79.16,6116.468
1780406700000,79.15,79.22,79.08,79.15,4492.272
1780407000000,79.16,79.22,79.03,79.1,6224.584
1780407300000,79.1,79.18,78.93,79.05,8770.219
1780407600000,79.06,79.21,78.94,79.08,4550.862
1780407900000,79.08,79.2,78.97,79.04,10801.776
1780408200000,79.04,79.07,78.83,78.89,6650.569
1780408500000,78.88,78.97,78.85,78.95,4935.661
1780408800000,78.95,78.99,78.77,78.78,16888.354
1780409100000,78.79,78.94,78.43,78.44,28354.739
1780409400000,78.44,78.8,78.25,78.69,29346.032
1780409700000,78.69,78.73,78.3,78.41,10499.295
1780410000000,78.42,78.52,77.39,77.71,105662.328
1780410300000,77.71,77.98,76.75,77.26,113757.95
1780410600000,77.26,77.71,77.21,77.6,38701.38
1780410900000,77.6,77.94,77.57,77.67,24901.855
1780411200000,77.67,77.67,77.03,77.21,33458.442
1780411500000,77.2,77.72,77.2,77.59,13828.358
1780411800000,77.59,77.73,77.55,77.57,9439.567
1780412100000,77.57,77.68,77.34,77.44,8148.493
1780412400000,77.44,77.49,76.92,76.96,47121.907
1780412700000,76.96,77.31,76.96,77.26,27271.827
1780413000000,77.27,77.28,77.02,77.06,20125.137
1780413300000,77.05,77.09,76.88,76.91,21826.673
1780413600000,76.92,77.08,76.5,76.86,69416.63
1780413900000,76.87,76.87,76.26,76.35,37145.33
1780414200000,76.36,76.41,75.58,76.05,98776.579
1780414500000,76.04,76.29,75.82,76.18,31192.052
1780414800000,76.19,76.34,76.18,76.22,18217.069
1780415100000,76.22,76.51,76.05,76.08,19794.003
1780415400000,76.08,76.23,76.0,76.09,14938.18
1780415700000,76.09,76.42,76.06,76.38,13088.797
1780416000000,76.38,76.6,76.15,76.56,19229.006
1780416300000,76.56,76.83,76.48,76.82,52295.232
1780416600000,76.82,77.28,76.67,77.27,28600.973
1780416900000,77.26,77.67,77.22,77.49,28133.604
1780417200000,77.49,77.56,77.14,77.22,13922.733
1780417500000,77.22,77.27,77.13,77.24,5973.775
1780417800000,77.23,77.25,77.15,77.21,11008.81
1780418100000,77.21,77.25,76.98,77.03,17738.344
1780418400000,77.02,77.15,76.96,77.01,10055.112
1780418700000,77.01,77.28,77.0,77.2,11736.557
1780419000000,77.2,77.21,76.86,76.9,15826.679
1780419300000,76.9,76.94,76.7,76.71,13748.909
1780419600000,76.72,76.9,76.7,76.85,16339.133
1780419900000,76.84,76.96,76.48,76.62,17415.337
1780420200000,76.62,76.8,76.62,76.79,11060.579
1780420500000,76.78,76.88,76.71,76.81,51354.081
1780420800000,76.81,77.11,76.8,77.09,10806.091
1780421100000,77.1,77.15,77.0,77.06,9485.278
1780421400000,77.06,77.19,76.89,76.96,11176.569
1780421700000,76.95,77.17,76.93,77.11,10202.002
1780422000000,77.1,77.1,76.85,76.86,8412.252
1780422300000,76.86,76.89,76.78,76.85,7949.954
1780422600000,76.85,76.95,76.75,76.87,6182.079
1780422900000,76.87,76.9,76.8,76.84,4226.606
1780423200000,76.84,77.08,76.83,76.9,7013.304
1780423500000,76.9,76.99,76.81,76.85,8280.215
1780423800000,76.85,76.91,76.69,76.7,6885.652
1780424100000,76.7,76.73,76.57,76.6,5973.664
1780424400000,76.61,76.66,76.43,76.45,5971.998
1780424700000,76.45,76.5,76.3,76.33,4688.977
1780425000000,76.34,76.42,76.21,76.23,5896.22
1780425300000,76.22,76.32,76.14,76.2,5121.723
1780425600000,76.19,76.26,76.14,76.25,7337.16
1780425900000,76.26,76.28,76.08,76.19,6282.242
1780426200000,76.18,76.19,75.81,75.83,15803.412
1780426500000,75.83,76.21,75.83,76.15,12129.807
1780426800000,76.16,76.27,75.95,75.96,7533.062
1780427100000,75.97,76.09,75.96,76.04,5976.608
1780427400000,76.05,76.19,76.05,76.14,4277.922
1780427700000,76.13,76.17,75.81,75.89,7995.541
1780428000000,75.88,76.02,75.71,75.74,8342.765
1780428300000,75.74,75.84,75.54,75.57,50510.69
1780428600000,75.57,75.65,74.5,74.96,147986.276
1780428900000,74.96,75.32,74.91,75.15,42393.729
1780429200000,75.14,75.25,74.8,75.23,31115.426
1780429500000,75.24,75.63,75.22,75.61,12187.684
1780429800000,75.6,75.95,75.56,75.85,10147.244
